VERSION 2
BPM 140.000000
PAGE_SHIFT 2.960000
PAGE_SIZE 0.857143
NOTE	0	2.210000	0.450000	0.000000
NOTE	1	2.235000	0.550000	0.000000
NOTE	2	3.020000	0.400000	0.000000
NOTE	3	3.070000	0.500000	0.000000
NOTE	4	3.110000	0.600000	0.000000
NOTE	5	3.924500	0.500000	0.000000
NOTE	6	4.820000	0.500000	0.000000
NOTE	7	5.650000	0.500000	0.000000
NOTE	8	6.496711	0.550000	0.000000
NOTE	9	6.550000	0.450000	0.000000
NOTE	10	7.380000	0.500000	0.000000
NOTE	11	8.660000	0.500000	0.000000
NOTE	12	9.070000	0.500000	0.000000
NOTE	13	9.930000	0.500000	0.000000
NOTE	14	11.639569	0.500000	0.000000
NOTE	15	12.075000	0.500000	0.000000
NOTE	16	12.500000	0.500000	0.000000
NOTE	17	13.355000	0.500000	0.000000
NOTE	18	14.215000	0.500000	0.000000
NOTE	19	15.075000	0.500000	0.000000
NOTE	20	15.522000	0.500000	0.000000
NOTE	21	15.925000	0.300000	0.000000
NOTE	22	15.925000	0.700000	0.000000
NOTE	23	16.138569	0.300000	0.000000
NOTE	24	16.352854	0.700000	0.000000
NOTE	25	16.750000	0.300000	0.000000
NOTE	26	16.785000	0.400000	0.000000
NOTE	27	16.820000	0.500000	0.000000
NOTE	28	16.858000	0.600000	0.000000
NOTE	29	16.888569	0.700000	0.722860
NOTE	30	17.639568	0.300000	0.000000
NOTE	31	18.067140	0.300000	0.000000
NOTE	32	18.496712	0.700000	0.000000
NOTE	33	18.496712	0.300000	0.000000
NOTE	34	18.709998	0.700000	0.000000
NOTE	35	18.709998	0.300000	0.000000
NOTE	36	19.138569	0.300000	0.000000
NOTE	37	19.353853	0.700000	0.000000
NOTE	38	19.781425	0.700000	0.000000
NOTE	39	19.781427	0.300000	0.000000
NOTE	40	20.210997	0.500000	0.000000
NOTE	41	20.638569	0.800000	0.000000
NOTE	42	20.638569	0.200000	0.000000
NOTE	43	21.068140	0.500000	0.000000
NOTE	44	21.495712	0.500000	0.000000
NOTE	45	21.925282	0.700000	0.000000
NOTE	46	21.925282	0.300000	0.000000
NOTE	47	22.352855	0.300000	0.000000
NOTE	48	22.352855	0.700000	0.000000
NOTE	49	22.782425	0.700000	0.000000
NOTE	50	22.782425	0.300000	0.000000
NOTE	51	23.209997	0.500000	0.000000
NOTE	52	23.639568	0.700000	0.000000
NOTE	53	23.639568	0.300000	0.000000
NOTE	54	24.067140	0.700000	0.000000
NOTE	55	24.067140	0.300000	0.000000
NOTE	56	24.496712	0.700000	0.000000
NOTE	57	24.496712	0.300000	0.000000
NOTE	58	24.924284	0.800000	0.000000
NOTE	59	24.924284	0.200000	0.000000
NOTE	60	25.353853	0.700000	0.000000
NOTE	61	25.353853	0.300000	0.000000
NOTE	62	25.781425	0.500000	0.000000
NOTE	63	26.210997	0.700000	0.000000
NOTE	64	26.210997	0.300000	0.000000
NOTE	65	26.638569	0.500000	0.000000
NOTE	66	27.068140	0.500000	0.000000
NOTE	67	27.495712	0.500000	0.000000
NOTE	68	27.923725	0.300000	0.000000
NOTE	69	27.923725	0.700000	0.000000
NOTE	70	28.352299	0.500000	0.000000
NOTE	71	28.780867	0.700000	0.000000
NOTE	72	28.780869	0.300000	0.000000
NOTE	73	29.209440	0.700000	0.000000
NOTE	74	29.209440	0.300000	0.000000
NOTE	75	29.639568	0.300000	0.000000
NOTE	76	29.639568	0.700000	0.000000
NOTE	77	30.496712	0.300000	0.000000
NOTE	78	30.496712	0.700000	0.000000
NOTE	79	31.353853	0.700000	0.000000
NOTE	80	31.353853	0.300000	0.000000
NOTE	81	31.781425	0.300000	0.000000
NOTE	82	31.781425	0.700000	0.000000
NOTE	83	31.995713	0.300000	0.000000
NOTE	84	31.995713	0.700000	0.000000
NOTE	85	33.495710	0.300000	0.000000
NOTE	86	33.495710	0.700000	0.000000
NOTE	87	33.925282	0.500000	0.000000
NOTE	88	34.352854	0.500000	0.000000
NOTE	89	34.567139	0.500000	0.000000
NOTE	90	34.782425	0.300000	0.000000
NOTE	91	34.782425	0.700000	0.000000
NOTE	92	35.639568	0.300000	0.000000
NOTE	93	35.639568	0.700000	0.000000
NOTE	94	36.067139	0.500000	0.000000
NOTE	95	36.496712	0.700000	0.000000
NOTE	96	36.496712	0.300000	0.000000
NOTE	97	37.138565	0.500000	0.000000
NOTE	98	37.781427	0.300000	0.000000
NOTE	99	37.781427	0.700000	0.000000
NOTE	100	38.210999	0.500000	0.000000
NOTE	101	39.068138	0.500000	0.000000
NOTE	102	39.925282	0.300000	0.000000
NOTE	103	39.925282	0.700000	0.000000
NOTE	104	40.567139	0.700000	0.000000
NOTE	105	40.567139	0.300000	0.000000
NOTE	106	40.995711	0.800000	0.000000
NOTE	107	40.995712	0.200000	0.000000
NOTE	108	41.209997	0.800000	0.000000
NOTE	109	41.209997	0.200000	0.000000
NOTE	110	41.639568	0.800000	0.000000
NOTE	111	41.639568	0.200000	0.000000
NOTE	112	42.496712	0.800000	0.000000
NOTE	113	42.496712	0.200000	0.000000
NOTE	114	42.924278	0.200000	0.267861
NOTE	115	42.924278	0.800000	0.267861
NOTE	116	43.353855	0.200000	0.000000
NOTE	117	43.353855	0.500000	0.000000
NOTE	118	43.353855	0.800000	0.000000
NOTE	119	43.781427	0.500000	0.000000
NOTE	120	44.210999	0.800000	0.000000
NOTE	121	44.210999	0.200000	0.000000
NOTE	122	44.638565	0.800000	0.000000
NOTE	123	44.638565	0.200000	0.000000
NOTE	124	45.068138	0.800000	0.000000
NOTE	125	45.068138	0.200000	0.000000
NOTE	126	45.495710	0.500000	0.000000
NOTE	127	45.925282	0.800000	0.000000
NOTE	128	45.925282	0.200000	0.000000
NOTE	129	46.352854	0.800000	0.000000
NOTE	130	46.352854	0.200000	0.000000
NOTE	131	46.782425	0.800000	0.000000
NOTE	132	46.782425	0.200000	0.000000
NOTE	133	47.209995	0.700000	0.000000
NOTE	134	47.209995	0.300000	0.000000
NOTE	135	47.639568	0.800000	0.000000
NOTE	136	47.639568	0.200000	0.000000
NOTE	137	48.067140	0.800000	0.000000
NOTE	138	48.067140	0.200000	0.000000
NOTE	139	48.496712	0.200000	0.000000
NOTE	140	48.496712	0.800000	0.000000
NOTE	141	48.924284	0.500000	0.000000
NOTE	142	49.353855	0.800000	0.000000
NOTE	143	49.353855	0.200000	0.000000
NOTE	144	49.781427	0.200000	0.000000
NOTE	145	49.781427	0.800000	0.000000
NOTE	146	50.210999	0.800000	0.000000
NOTE	147	50.210999	0.200000	0.000000
NOTE	148	50.424285	0.200000	0.000000
NOTE	149	50.424285	0.800000	0.000000
NOTE	150	50.638571	0.200000	0.000000
NOTE	151	50.638571	0.800000	0.000000
NOTE	152	50.852856	0.800000	0.000000
NOTE	153	50.852856	0.200000	0.000000
NOTE	154	51.068138	0.400000	0.000000
NOTE	155	51.068138	0.600000	0.000000
NOTE	156	51.281428	0.600000	0.000000
NOTE	157	51.281428	0.400000	0.000000
NOTE	158	51.495714	0.600000	0.000000
NOTE	159	51.495714	0.400000	0.000000
NOTE	160	51.710000	0.400000	0.000000
NOTE	161	51.710000	0.600000	0.000000
NOTE	162	51.925282	0.800000	0.000000
NOTE	163	51.925282	0.200000	0.000000
NOTE	164	52.138568	0.200000	0.000000
NOTE	165	52.138568	0.800000	0.000000
NOTE	166	52.352854	0.800000	0.000000
NOTE	167	52.352854	0.200000	0.000000
NOTE	168	52.567139	0.800000	0.000000
NOTE	169	52.567139	0.200000	0.000000
NOTE	170	52.782425	0.400000	0.000000
NOTE	171	52.782425	0.600000	0.000000
NOTE	172	52.995711	0.600000	0.000000
NOTE	173	52.995711	0.400000	0.000000
NOTE	174	53.209997	0.600000	0.000000
NOTE	175	53.209997	0.400000	0.000000
NOTE	176	53.424283	0.400000	0.000000
NOTE	177	53.424283	0.600000	0.000000
NOTE	178	53.638016	0.200000	0.000000
NOTE	179	53.745155	0.800000	0.000000
NOTE	180	53.852296	0.200000	0.000000
NOTE	181	53.959442	0.800000	0.000000
NOTE	182	54.066582	0.200000	0.000000
NOTE	183	54.173729	0.800000	0.000000
NOTE	184	54.280867	0.200000	0.000000
NOTE	185	54.388016	0.800000	0.000000
NOTE	186	54.495154	0.400000	0.000000
NOTE	187	54.602295	0.600000	0.000000
NOTE	188	54.709439	0.400000	0.000000
NOTE	189	54.816582	0.600000	0.000000
NOTE	190	54.923725	0.400000	0.000000
NOTE	191	55.030869	0.600000	0.000000
NOTE	192	55.138011	0.400000	0.000000
NOTE	193	55.245155	0.600000	0.000000
NOTE	194	55.352297	0.500000	0.000000
NOTE	195	55.405869	0.550000	0.000000
NOTE	196	55.405869	0.450000	0.000000
NOTE	197	55.459438	0.400000	0.000000
NOTE	198	55.459440	0.600000	0.000000
NOTE	199	55.513011	0.650000	0.000000
NOTE	200	55.513012	0.350000	0.000000
NOTE	201	55.566582	0.300000	0.000000
NOTE	202	55.566583	0.700000	0.000000
NOTE	203	55.620154	0.750000	0.000000
NOTE	204	55.620155	0.250000	0.000000
NOTE	205	55.673726	0.200000	0.000000
NOTE	206	55.673726	0.800000	0.000000
NOTE	207	55.727297	0.850000	0.000000
NOTE	208	55.727299	0.150000	0.000000
NOTE	209	55.780869	0.900000	0.000000
NOTE	210	55.780869	0.100000	0.000000
NOTE	211	55.834438	0.150000	0.000000
NOTE	212	55.834440	0.850000	0.000000
NOTE	213	55.888011	0.800000	0.000000
NOTE	214	55.888012	0.200000	0.000000
NOTE	215	55.941582	0.250000	0.000000
NOTE	216	55.941583	0.750000	0.000000
NOTE	217	55.995154	0.700000	0.000000
NOTE	218	55.995155	0.300000	0.000000
NOTE	219	56.048725	0.350000	0.000000
NOTE	220	56.048726	0.650000	0.000000
NOTE	221	56.102297	0.600000	0.000000
NOTE	222	56.102299	0.400000	0.000000
NOTE	223	56.155869	0.550000	0.000000
NOTE	224	56.155869	0.450000	0.000000
NOTE	225	56.209440	0.500000	0.000000
NOTE	226	56.263012	0.500000	0.000000
NOTE	227	56.316582	0.500000	0.000000
NOTE	228	56.370155	0.500000	0.000000
NOTE	229	56.423725	0.500000	0.000000
NOTE	230	56.477299	0.500000	0.000000
NOTE	231	56.530869	0.500000	0.000000
NOTE	232	56.584442	0.500000	0.000000
NOTE	233	56.638012	0.500000	0.000000
NOTE	234	56.691582	0.550000	0.000000
NOTE	235	56.691582	0.450000	0.000000
NOTE	236	56.745155	0.600000	0.000000
NOTE	237	56.745155	0.400000	0.000000
NOTE	238	56.798725	0.650000	0.000000
NOTE	239	56.798725	0.350000	0.000000
NOTE	240	56.852299	0.700000	0.000000
NOTE	241	56.852299	0.300000	0.000000
NOTE	242	56.905869	0.250000	0.000000
NOTE	243	56.905869	0.750000	0.000000
NOTE	244	56.959442	0.800000	0.000000
NOTE	245	56.959442	0.200000	0.000000
NOTE	246	57.013012	0.850000	0.000000
NOTE	247	57.013012	0.150000	0.000000
NOTE	248	57.070000	0.050000	0.827143
NOTE	249	57.070000	0.950000	0.827143
NOTE	250	58.138569	0.600000	0.000000
NOTE	251	58.139999	0.050000	0.000000
NOTE	252	58.192139	0.683333	0.000000
NOTE	253	58.247334	0.766667	0.000000
NOTE	254	58.301001	0.850000	0.000000
NOTE	255	58.354668	0.766667	0.000000
NOTE	256	58.408335	0.683333	0.000000
NOTE	257	58.462000	0.600000	0.000000
NOTE	258	58.462002	0.050000	0.000000
NOTE	259	58.515502	0.683333	0.000000
NOTE	260	58.569002	0.766667	0.000000
NOTE	261	58.622501	0.850000	0.000000
NOTE	262	58.676001	0.766667	0.000000
NOTE	263	58.729501	0.683333	0.000000
NOTE	264	58.783000	0.400000	0.000000
NOTE	265	58.783001	0.950000	0.000000
NOTE	266	58.836667	0.316667	0.000000
NOTE	267	58.890334	0.233333	0.000000
NOTE	268	58.944000	0.150000	0.000000
NOTE	269	58.997667	0.233333	0.000000
NOTE	270	59.051333	0.316667	0.000000
NOTE	271	59.105000	0.950000	0.000000
NOTE	272	59.105000	0.400000	0.000000
NOTE	273	59.158499	0.316667	0.000000
NOTE	274	59.211999	0.233333	0.000000
NOTE	275	59.265499	0.150000	0.000000
NOTE	276	59.318999	0.233333	0.000000
NOTE	277	59.372499	0.316667	0.000000
NOTE	278	59.425999	0.400000	0.107000
NOTE	279	59.533000	0.600000	0.000000
NOTE	280	59.640000	0.664583	0.000000
NOTE	281	59.640000	0.335417	0.000000
NOTE	282	59.693666	0.746875	0.000000
NOTE	283	59.747334	0.829167	0.000000
NOTE	284	59.801001	0.746875	0.000000
NOTE	285	59.854668	0.664583	0.000000
NOTE	286	59.908335	0.582292	0.000000
NOTE	287	59.962002	0.950000	0.000000
NOTE	288	59.962002	0.500000	0.000000
NOTE	289	60.015502	0.583333	0.000000
NOTE	290	60.069002	0.666667	0.000000
NOTE	291	60.122501	0.750000	0.000000
NOTE	292	60.176001	0.666667	0.000000
NOTE	293	60.229501	0.583333	0.000000
NOTE	294	60.283000	0.500000	0.000000
NOTE	295	60.283001	0.950000	0.000000
NOTE	296	60.334997	0.416667	0.000000
NOTE	297	60.388569	0.333333	0.000000
NOTE	298	60.442140	0.250000	0.000000
NOTE	299	60.497000	0.950000	0.802281
NOTE	300	60.497000	0.050000	0.802281
NOTE	301	61.355000	0.500000	0.000000
NOTE	302	61.388565	0.450000	0.000000
NOTE	303	61.424282	0.500000	0.000000
NOTE	304	61.459999	0.550000	0.000000
NOTE	305	61.495708	0.500000	0.000000
NOTE	306	61.531422	0.450000	0.000000
NOTE	307	61.567142	0.500000	0.000000
NOTE	308	61.602852	0.550000	0.000000
NOTE	309	61.638565	0.500000	0.000000
NOTE	310	61.674286	0.450000	0.000000
NOTE	311	61.709995	0.500000	0.000000
NOTE	312	61.745712	0.550000	0.000000
NOTE	313	61.781425	0.500000	0.000000
NOTE	314	61.817142	0.450000	0.000000
NOTE	315	61.852856	0.500000	0.000000
NOTE	316	61.888569	0.550000	0.000000
NOTE	317	61.924286	0.500000	0.000000
NOTE	318	61.959995	0.450000	0.000000
NOTE	319	61.995708	0.500000	0.000000
NOTE	320	62.031425	0.550000	0.000000
NOTE	321	62.067142	0.500000	0.000000
NOTE	322	62.102852	0.450000	0.000000
NOTE	323	62.138569	0.500000	0.000000
NOTE	324	62.174286	0.550000	0.000000
NOTE	325	62.212000	0.300000	0.000000
NOTE	326	62.212000	0.700000	0.000000
NOTE	327	62.263569	0.783333	0.000000
NOTE	328	62.317139	0.866667	0.000000
NOTE	329	62.370712	0.950000	0.000000
NOTE	330	62.424282	0.866667	0.000000
NOTE	331	62.477856	0.783333	0.000000
NOTE	332	62.531425	0.300000	0.000000
NOTE	333	62.531425	0.700000	0.000000
NOTE	334	62.584999	0.216667	0.000000
NOTE	335	62.638565	0.133333	0.000000
NOTE	336	62.692139	0.050000	0.000000
NOTE	337	62.745712	0.125000	0.000000
NOTE	338	62.799282	0.200000	0.000000
NOTE	339	62.852856	0.275000	0.000000
NOTE	340	62.906425	0.350000	0.000000
NOTE	341	62.959995	0.425000	0.000000
NOTE	342	63.013569	0.500000	0.000000
NOTE	343	63.069000	0.950000	0.828143
NOTE	344	63.069000	0.050000	0.828143
NOTE	345	63.977856	0.412500	0.000000
NOTE	346	64.031425	0.325000	0.000000
NOTE	347	64.084999	0.237500	0.000000
NOTE	348	64.138565	0.150000	0.000000
NOTE	349	64.192139	0.237500	0.000000
NOTE	350	64.245712	0.325000	0.000000
NOTE	351	64.299286	0.412500	0.000000
NOTE	352	64.352852	0.500000	0.000000
NOTE	353	64.352854	0.950000	0.000000
NOTE	354	64.406425	0.587500	0.000000
NOTE	355	64.459999	0.675000	0.000000
NOTE	356	64.513565	0.762500	0.000000
NOTE	357	64.567139	0.850000	0.000000
NOTE	358	64.620712	0.762500	0.000000
NOTE	359	64.674286	0.675000	0.000000
NOTE	360	64.727852	0.587500	0.000000
NOTE	361	64.782997	0.950000	0.000000
NOTE	362	64.782997	0.400000	0.000000
NOTE	363	64.998000	0.400000	0.000000
NOTE	364	64.998001	0.950000	0.000000
NOTE	365	65.051501	0.316667	0.000000
NOTE	366	65.105001	0.233333	0.000000
NOTE	367	65.158501	0.150000	0.000000
NOTE	368	65.212001	0.233333	0.000000
NOTE	369	65.265500	0.316667	0.000000
NOTE	370	65.319000	0.400000	0.000000
NOTE	371	65.319000	0.950000	0.000000
NOTE	372	65.372500	0.316667	0.000000
NOTE	373	65.426000	0.233333	0.000000
NOTE	374	65.479500	0.150000	0.000000
NOTE	375	65.533000	0.225000	0.000000
NOTE	376	65.586500	0.300000	0.000000
NOTE	377	65.640000	0.600000	0.000000
NOTE	378	65.640000	0.050000	0.000000
NOTE	379	65.693666	0.683333	0.000000
NOTE	380	65.747332	0.766667	0.000000
NOTE	381	65.800999	0.850000	0.000000
NOTE	382	65.854665	0.766667	0.000000
NOTE	383	65.908332	0.683333	0.000000
NOTE	384	65.961998	0.050000	0.000000
NOTE	385	65.962000	0.600000	0.000000
NOTE	386	66.015664	0.683333	0.000000
NOTE	387	66.069331	0.766667	0.000000
NOTE	388	66.122997	0.850000	0.000000
NOTE	389	66.176664	0.766667	0.000000
NOTE	390	66.230330	0.683333	0.000000
NOTE	391	66.281425	0.600000	0.107000
NOTE	392	66.388565	0.400000	0.000000
NOTE	393	66.498001	0.335417	0.000000
NOTE	394	66.498001	0.664583	0.000000
NOTE	395	66.550426	0.253125	0.000000
NOTE	396	66.602852	0.170833	0.000000
NOTE	397	66.656424	0.253125	0.000000
NOTE	398	66.709995	0.335417	0.000000
NOTE	399	66.763567	0.417708	0.000000
NOTE	400	66.817139	0.500000	0.000000
NOTE	401	66.817139	0.050000	0.000000
NOTE	402	66.870712	0.416667	0.000000
NOTE	403	66.924286	0.333333	0.000000
NOTE	404	66.977852	0.250000	0.000000
NOTE	405	67.031425	0.333333	0.000000
NOTE	406	67.084999	0.416667	0.000000
NOTE	407	67.138573	0.500000	0.000000
NOTE	408	67.138573	0.050000	0.000000
NOTE	409	67.192144	0.583333	0.000000
NOTE	410	67.245715	0.666667	0.000000
NOTE	411	67.299286	0.750000	0.000000
NOTE	412	67.352997	0.950000	0.803428
NOTE	413	67.353000	0.050000	0.803428
NOTE	414	68.209999	0.850000	0.803569
NOTE	415	68.209999	0.150000	0.803569
NOTE	416	69.068000	0.750000	0.588424
NOTE	417	69.068000	0.250000	0.588424
NOTE	418	69.709999	0.500000	0.000000
NOTE	419	69.763565	0.400000	0.000000
NOTE	420	69.817139	0.600000	0.000000
NOTE	421	69.870712	0.500000	0.000000
NOTE	422	69.925285	0.300000	0.000000
NOTE	423	69.925285	0.700000	0.000000
NOTE	424	70.352852	0.200000	0.000000
NOTE	425	70.352852	0.800000	0.000000
NOTE	426	70.782425	0.950000	0.829004
NOTE	427	70.782425	0.050000	0.829004
NOTE	428	71.852852	0.950000	0.000000
NOTE	429	71.852852	0.400000	0.000000
NOTE	430	71.906425	0.316667	0.000000
NOTE	431	71.959991	0.233333	0.000000
NOTE	432	72.013565	0.150000	0.000000
NOTE	433	72.067139	0.233333	0.000000
NOTE	434	72.120705	0.316667	0.000000
NOTE	435	72.174278	0.400000	0.000000
NOTE	436	72.174278	0.950000	0.000000
NOTE	437	72.227852	0.316667	0.000000
NOTE	438	72.281425	0.233333	0.000000
NOTE	439	72.334991	0.150000	0.000000
NOTE	440	72.388565	0.233333	0.000000
NOTE	441	72.442139	0.316667	0.000000
NOTE	442	72.496712	0.600000	0.000000
NOTE	443	72.496712	0.050000	0.000000
NOTE	444	72.549286	0.683333	0.000000
NOTE	445	72.602852	0.766667	0.000000
NOTE	446	72.656425	0.850000	0.000000
NOTE	447	72.709999	0.766667	0.000000
NOTE	448	72.763573	0.683333	0.000000
NOTE	449	72.817139	0.050000	0.000000
NOTE	450	72.817141	0.600000	0.000000
NOTE	451	72.870712	0.683333	0.000000
NOTE	452	72.924284	0.766667	0.000000
NOTE	453	72.977855	0.850000	0.000000
NOTE	454	73.031427	0.766667	0.000000
NOTE	455	73.084998	0.683333	0.000000
NOTE	456	73.138569	0.600000	0.107000
NOTE	457	73.245712	0.400000	0.000000
NOTE	458	73.353851	0.664583	0.000000
NOTE	459	73.353851	0.335417	0.000000
NOTE	460	73.406425	0.253125	0.000000
NOTE	461	73.459991	0.170833	0.000000
NOTE	462	73.513565	0.253125	0.000000
NOTE	463	73.566017	0.335417	0.000000
NOTE	464	73.616219	0.417708	0.000000
NOTE	465	73.674278	0.500000	0.000000
NOTE	466	73.674280	0.100000	0.000000
NOTE	467	73.727852	0.416667	0.000000
NOTE	468	73.781423	0.333333	0.000000
NOTE	469	73.834995	0.250000	0.000000
NOTE	470	73.888566	0.333333	0.000000
NOTE	471	73.942138	0.416667	0.000000
NOTE	472	73.995709	0.500000	0.000000
NOTE	473	73.995709	0.100000	0.000000
NOTE	474	74.049283	0.583333	0.000000
NOTE	475	74.102854	0.666667	0.000000
NOTE	476	74.156425	0.750000	0.000000
NOTE	477	74.210999	0.050000	0.802569
NOTE	478	74.210999	0.950000	0.802569
NOTE	479	75.068138	0.500000	0.000000
NOTE	480	75.102852	0.550000	0.000000
NOTE	481	75.138565	0.500000	0.000000
NOTE	482	75.174278	0.450000	0.000000
NOTE	483	75.209999	0.500000	0.000000
NOTE	484	75.245712	0.550000	0.000000
NOTE	485	75.281425	0.500000	0.000000
NOTE	486	75.317139	0.450000	0.000000
NOTE	487	75.352852	0.500000	0.000000
NOTE	488	75.388565	0.550000	0.000000
NOTE	489	75.424278	0.500000	0.000000
NOTE	490	75.459999	0.450000	0.000000
NOTE	491	75.495712	0.500000	0.000000
NOTE	492	75.531425	0.550000	0.000000
NOTE	493	75.567139	0.500000	0.000000
NOTE	494	75.602852	0.450000	0.000000
NOTE	495	75.638565	0.500000	0.000000
NOTE	496	75.674278	0.550000	0.000000
NOTE	497	75.709999	0.500000	0.000000
NOTE	498	75.745712	0.450000	0.000000
NOTE	499	75.781425	0.500000	0.000000
NOTE	500	75.817139	0.550000	0.000000
NOTE	501	75.852852	0.500000	0.000000
NOTE	502	75.888565	0.450000	0.000000
NOTE	503	75.925285	0.300000	0.000000
NOTE	504	75.925285	0.700000	0.000000
NOTE	505	75.977852	0.216667	0.000000
NOTE	506	76.031418	0.133333	0.000000
NOTE	507	76.084991	0.050000	0.000000
NOTE	508	76.138565	0.133333	0.000000
NOTE	509	76.192139	0.216667	0.000000
NOTE	510	76.245705	0.700000	0.000000
NOTE	511	76.245714	0.300000	0.000000
NOTE	512	76.299278	0.783333	0.000000
NOTE	513	76.352852	0.866667	0.000000
NOTE	514	76.406418	0.950000	0.000000
NOTE	515	76.459991	0.875000	0.000000
NOTE	516	76.513572	0.800000	0.000000
NOTE	517	76.567139	0.725000	0.000000
NOTE	518	76.620705	0.650000	0.000000
NOTE	519	76.674278	0.575000	0.000000
NOTE	520	76.727857	0.500000	0.000000
NOTE	521	76.782425	0.950000	0.829004
NOTE	522	76.782425	0.050000	0.829004
NOTE	523	77.692139	0.587500	0.000000
NOTE	524	77.745705	0.675000	0.000000
NOTE	525	77.799278	0.762500	0.000000
NOTE	526	77.852852	0.850000	0.000000
NOTE	527	77.906425	0.762500	0.000000
NOTE	528	77.959991	0.675000	0.000000
NOTE	529	78.013565	0.587500	0.000000
NOTE	530	78.067139	0.050000	0.000000
NOTE	531	78.067139	0.500000	0.000000
NOTE	532	78.120705	0.412500	0.000000
NOTE	533	78.174278	0.325000	0.000000
NOTE	534	78.227852	0.237500	0.000000
NOTE	535	78.281425	0.150000	0.000000
NOTE	536	78.334991	0.237500	0.000000
NOTE	537	78.388565	0.325000	0.000000
NOTE	538	78.442139	0.412500	0.000000
NOTE	539	78.496712	0.600000	0.000000
NOTE	540	78.496712	0.050000	0.000000
NOTE	541	78.709998	0.050000	0.000000
NOTE	542	78.709998	0.600000	0.000000
NOTE	543	78.763569	0.683333	0.000000
NOTE	544	78.817141	0.766667	0.000000
NOTE	545	78.870712	0.850000	0.000000
NOTE	546	78.924284	0.766667	0.000000
NOTE	547	78.977855	0.683333	0.000000
NOTE	548	79.031427	0.050000	0.000000
NOTE	549	79.031427	0.600000	0.000000
NOTE	550	79.084999	0.683333	0.000000
NOTE	551	79.138573	0.766667	0.000000
NOTE	552	79.192139	0.850000	0.000000
NOTE	553	79.245712	0.766667	0.000000
NOTE	554	79.299286	0.683333	0.000000
NOTE	555	79.353851	0.400000	0.000000
NOTE	556	79.353851	0.950000	0.000000
NOTE	557	79.406423	0.316667	0.000000
NOTE	558	79.459995	0.233333	0.000000
NOTE	559	79.513566	0.150000	0.000000
NOTE	560	79.567138	0.233333	0.000000
NOTE	561	79.620709	0.316667	0.000000
NOTE	562	79.674280	0.950000	0.000000
NOTE	563	79.674280	0.400000	0.000000
NOTE	564	79.727852	0.316667	0.000000
NOTE	565	79.781423	0.233333	0.000000
NOTE	566	79.834995	0.150000	0.000000
NOTE	567	79.888566	0.233333	0.000000
NOTE	568	79.942138	0.316667	0.000000
NOTE	569	79.995709	0.400000	0.107000
NOTE	570	80.102852	0.600000	0.000000
NOTE	571	80.210999	0.950000	0.802570
NOTE	572	80.210999	0.050000	0.802570
NOTE	573	81.068138	0.850000	0.802573
NOTE	574	81.068138	0.150000	0.802573
NOTE	575	81.925285	0.750000	0.373997
NOTE	576	81.925285	0.250000	0.373997
NOTE	577	82.352852	0.500000	0.000000
NOTE	578	82.567139	0.700000	0.000000
NOTE	579	82.567139	0.300000	0.000000
NOTE	580	82.782425	0.700000	0.000000
NOTE	581	82.782425	0.300000	0.000000
NOTE	582	83.209997	0.700000	0.000000
NOTE	583	83.209999	0.300000	0.000000
NOTE	584	83.638573	0.950000	0.000000
NOTE	585	83.639565	0.050000	0.802575
NOTE	586	83.692143	0.880000	0.000000
NOTE	587	83.745714	0.810000	0.000000
NOTE	588	83.799284	0.740000	0.000000
NOTE	589	83.852855	0.670000	0.000000
NOTE	590	83.906425	0.600000	0.000000
NOTE	591	83.959996	0.530000	0.000000
NOTE	592	84.013567	0.460000	0.000000
NOTE	593	84.067137	0.390000	0.000000
NOTE	594	84.120708	0.320000	0.000000
NOTE	595	84.174278	0.250000	0.000000
NOTE	596	84.227852	0.340000	0.000000
NOTE	597	84.281425	0.430000	0.000000
NOTE	598	84.334991	0.520000	0.000000
NOTE	599	84.388565	0.610000	0.000000
NOTE	600	84.442139	0.700000	0.000000
NOTE	601	84.496712	0.850000	0.588285
NOTE	602	84.496712	0.150000	0.588285
NOTE	603	85.138573	0.500000	0.000000
NOTE	604	85.192139	0.550000	0.000000
NOTE	605	85.245712	0.450000	0.000000
NOTE	606	85.299286	0.500000	0.000000
NOTE	607	85.353851	0.800000	0.000000
NOTE	608	85.353851	0.200000	0.000000
NOTE	609	85.513565	0.250000	0.267860
NOTE	610	85.513565	0.750000	0.267860
NOTE	611	85.995712	0.750000	0.160713
NOTE	612	85.995712	0.250000	0.160713
NOTE	613	86.210999	0.850000	0.213284
NOTE	614	86.210999	0.150000	0.213284
NOTE	615	86.638573	0.150000	0.000000
NOTE	616	86.638573	0.850000	0.000000
NOTE	617	87.068138	0.800000	0.000000
NOTE	618	87.068138	0.200000	0.000000
NOTE	619	87.388565	0.200000	0.000000
NOTE	620	87.388567	0.800000	0.000000
NOTE	621	87.709999	0.800000	0.160712
NOTE	622	87.709999	0.200000	0.160712
NOTE	623	87.925285	0.350000	0.802569
NOTE	624	87.925285	0.650000	0.802569
NOTE	625	88.782425	0.250000	0.213286
NOTE	626	88.782425	0.750000	0.213286
NOTE	627	89.183008	0.950000	0.000000
NOTE	628	89.183456	0.050000	0.000000
NOTE	629	89.424283	0.950000	0.000000
NOTE	630	89.424286	0.050000	0.000000
NOTE	631	89.639565	0.800000	0.000000
NOTE	632	89.639565	0.200000	0.000000
NOTE	633	89.674278	0.260000	0.000000
NOTE	634	89.709991	0.320000	0.000000
NOTE	635	89.745705	0.380000	0.000000
NOTE	636	89.781425	0.440000	0.000000
NOTE	637	89.817139	0.500000	0.000000
NOTE	638	89.852852	0.425000	0.000000
NOTE	639	89.888565	0.350000	0.000000
NOTE	640	89.924278	0.275000	0.000000
NOTE	641	89.959991	0.800000	0.000000
NOTE	642	89.959991	0.200000	0.000000
NOTE	643	89.995705	0.728571	0.000000
NOTE	644	90.031425	0.657143	0.000000
NOTE	645	90.067144	0.585714	0.000000
NOTE	646	90.102852	0.514286	0.000000
NOTE	647	90.138565	0.442857	0.000000
NOTE	648	90.174278	0.371429	0.000000
NOTE	649	90.209991	0.300000	0.000000
NOTE	650	90.245705	0.371429	0.000000
NOTE	651	90.281425	0.442857	0.000000
NOTE	652	90.317139	0.514286	0.000000
NOTE	653	90.352852	0.585714	0.000000
NOTE	654	90.388565	0.657143	0.000000
NOTE	655	90.424278	0.728571	0.000000
NOTE	656	90.459991	0.800000	0.000000
NOTE	657	90.496712	0.950000	0.802571
NOTE	658	90.496712	0.050000	0.802571
NOTE	659	91.353851	0.150000	0.000000
NOTE	660	91.353851	0.850000	0.249003
NOTE	661	91.406425	0.230000	0.000000
NOTE	662	91.459991	0.310000	0.000000
NOTE	663	91.513565	0.390000	0.000000
NOTE	664	91.567139	0.470000	0.000000
NOTE	665	91.620712	0.550000	0.000000
NOTE	666	91.674278	0.466667	0.000000
NOTE	667	91.727852	0.383333	0.000000
NOTE	668	91.781423	0.700000	0.000000
NOTE	669	91.781425	0.300000	0.250000
NOTE	670	91.834995	0.616667	0.000000
NOTE	671	91.888566	0.533333	0.000000
NOTE	672	91.942138	0.450000	0.000000
NOTE	673	91.995712	0.525000	0.000000
NOTE	674	92.049278	0.600000	0.000000
NOTE	675	92.102852	0.675000	0.000000
NOTE	676	92.156425	0.750000	0.000000
NOTE	677	92.210999	0.850000	0.000000
NOTE	678	92.210999	0.150000	0.000000
NOTE	679	92.424286	0.850000	0.000000
NOTE	680	92.424286	0.150000	0.000000
NOTE	681	92.638571	0.850000	0.000000
NOTE	682	92.638573	0.150000	0.000000
NOTE	683	92.852859	0.850000	0.160709
NOTE	684	92.852859	0.150000	0.160709
NOTE	685	93.068138	0.950000	0.427573
NOTE	686	93.068138	0.050000	0.427573
NOTE	687	93.925285	0.500000	0.000000
NOTE	688	93.925285	0.200000	0.248997
NOTE	689	93.977852	0.587500	0.000000
NOTE	690	94.031418	0.675000	0.000000
NOTE	691	94.084991	0.762500	0.000000
NOTE	692	94.138565	0.850000	0.000000
NOTE	693	94.192139	0.762500	0.000000
NOTE	694	94.245705	0.675000	0.000000
NOTE	695	94.299278	0.587500	0.000000
NOTE	696	94.352852	0.800000	0.249997
NOTE	697	94.352857	0.500000	0.000000
NOTE	698	94.406429	0.412500	0.000000
NOTE	699	94.460000	0.325000	0.000000
NOTE	700	94.513572	0.237500	0.000000
NOTE	701	94.567139	0.150000	0.000000
NOTE	702	94.620705	0.237500	0.000000
NOTE	703	94.674278	0.325000	0.000000
NOTE	704	94.727852	0.412500	0.000000
NOTE	705	94.782425	0.500000	0.641858
NOTE	706	95.424286	0.500000	0.000000
NOTE	707	95.639565	0.700000	0.213289
NOTE	708	95.639565	0.300000	0.213289
NOTE	709	96.067139	0.300000	0.000000
NOTE	710	96.067144	0.700000	0.000000
NOTE	711	96.281425	0.300000	0.187146
NOTE	712	96.281430	0.700000	0.187142
NOTE	713	96.709999	0.850000	0.000000
NOTE	714	96.709999	0.150000	0.000000
NOTE	715	96.924284	0.900000	0.214282
NOTE	716	96.924284	0.100000	0.214282
NOTE	717	97.245712	0.850000	0.000000
NOTE	718	97.245712	0.150000	0.000000
NOTE	719	97.353851	0.700000	0.106146
NOTE	720	97.353851	0.300000	0.106146
NOTE	721	97.567139	0.300000	0.000000
NOTE	722	97.567139	0.700000	0.000000
NOTE	723	97.674278	0.300000	0.000000
NOTE	724	97.674278	0.700000	0.000000
NOTE	725	97.781425	0.700000	0.107143
NOTE	726	97.781425	0.300000	0.107143
NOTE	727	97.995709	0.800000	0.000000
NOTE	728	97.995712	0.200000	0.000000
NOTE	729	98.210999	0.950000	0.802570
NOTE	730	98.210999	0.050000	0.802570
NOTE	731	99.068138	0.850000	0.802573
NOTE	732	99.068138	0.150000	0.802573
NOTE	733	99.925285	0.750000	0.427569
NOTE	734	99.925285	0.250000	0.427569
NOTE	735	100.782425	0.750000	0.159715
NOTE	736	100.782425	0.250000	0.159715
NOTE	737	101.102852	0.750000	0.160716
NOTE	738	101.102852	0.250000	0.160716
NOTE	739	101.424286	0.750000	0.160711
NOTE	740	101.424286	0.250000	0.160711
NOTE	741	101.639565	0.850000	0.802575
NOTE	742	101.639565	0.150000	0.802575
NOTE	743	102.496712	0.950000	0.373999
NOTE	744	102.496712	0.050000	0.373999
NOTE	745	103.138573	0.950000	0.160710
NOTE	746	103.138573	0.050000	0.160710
NOTE	747	103.353851	0.800000	0.000000
NOTE	748	103.353851	0.200000	0.000000
NOTE	749	103.388565	0.287500	0.000000
NOTE	750	103.424278	0.375000	0.000000
NOTE	751	103.459991	0.462500	0.000000
NOTE	752	103.495712	0.550000	0.000000
NOTE	753	103.531425	0.550000	0.000000
NOTE	754	103.567139	0.462500	0.000000
NOTE	755	103.602852	0.375000	0.000000
NOTE	756	103.638565	0.287500	0.000000
NOTE	757	103.674278	0.800000	0.000000
NOTE	758	103.674280	0.200000	0.000000
NOTE	759	103.709991	0.714286	0.000000
NOTE	760	103.745712	0.628571	0.000000
NOTE	761	103.781425	0.542857	0.000000
NOTE	762	103.817139	0.457143	0.000000
NOTE	763	103.852852	0.371429	0.000000
NOTE	764	103.888565	0.285714	0.000000
NOTE	765	103.924278	0.200000	0.000000
NOTE	766	103.959991	0.285714	0.000000
NOTE	767	103.995712	0.371429	0.000000
NOTE	768	104.031425	0.457143	0.000000
NOTE	769	104.067139	0.542857	0.000000
NOTE	770	104.102852	0.628571	0.000000
NOTE	771	104.138565	0.714286	0.000000
NOTE	772	104.174278	0.800000	0.000000
NOTE	773	104.210999	0.950000	0.000000
NOTE	774	104.210999	0.050000	0.000000
NOTE	775	104.245712	0.114286	0.000000
NOTE	776	104.281425	0.178571	0.000000
NOTE	777	104.317139	0.242857	0.000000
NOTE	778	104.352859	0.307143	0.000000
NOTE	779	104.388573	0.371429	0.000000
NOTE	780	104.424286	0.435714	0.000000
NOTE	781	104.459999	0.500000	0.000000
NOTE	782	104.495712	0.564286	0.000000
NOTE	783	104.531425	0.628571	0.000000
NOTE	784	104.567139	0.692857	0.000000
NOTE	785	104.602859	0.757143	0.000000
NOTE	786	104.638573	0.821429	0.000000
NOTE	787	104.674286	0.885714	0.000000
NOTE	788	104.709999	0.950000	0.000000
NOTE	789	104.745712	0.861111	0.000000
NOTE	790	104.781425	0.772222	0.000000
NOTE	791	104.817139	0.683333	0.000000
NOTE	792	104.852859	0.594444	0.000000
NOTE	793	104.888573	0.505556	0.000000
NOTE	794	104.924286	0.416667	0.000000
NOTE	795	104.959999	0.327778	0.000000
NOTE	796	104.995712	0.238889	0.000000
NOTE	797	105.031425	0.150000	0.000000
NOTE	798	105.068138	0.950000	0.213287
NOTE	799	105.068138	0.050000	0.213287
NOTE	800	105.495710	0.050000	0.214285
NOTE	801	105.495710	0.950000	0.214285
NOTE	802	105.925285	0.150000	0.106140
NOTE	803	105.925285	0.850000	0.106140
NOTE	804	106.138565	0.850000	0.589281
NOTE	805	106.138565	0.150000	0.589289
NOTE	806	106.782425	0.750000	0.427572
NOTE	807	106.782425	0.250000	0.427572
NOTE	808	107.639565	0.850000	0.213290
NOTE	809	107.639565	0.150000	0.213290
NOTE	810	108.067144	0.850000	0.214279
NOTE	811	108.067144	0.150000	0.214279
NOTE	812	108.496712	0.500000	0.000000
NOTE	813	108.549286	0.443750	0.000000
NOTE	814	108.602303	0.387500	0.000000
NOTE	815	108.655869	0.331250	0.000000
NOTE	816	108.709442	0.275000	0.000000
NOTE	817	108.763016	0.218750	0.000000
NOTE	818	108.816589	0.162500	0.000000
NOTE	819	108.870155	0.106250	0.000000
NOTE	820	108.924286	0.050000	0.000000
NOTE	821	108.977852	0.106250	0.000000
NOTE	822	109.031425	0.162500	0.000000
NOTE	823	109.084999	0.218750	0.000000
NOTE	824	109.138573	0.275000	0.000000
NOTE	825	109.192139	0.331250	0.000000
NOTE	826	109.245712	0.387500	0.000000
NOTE	827	109.299286	0.443750	0.000000
NOTE	828	109.353851	0.500000	0.000000
NOTE	829	109.406425	0.556250	0.000000
NOTE	830	109.459991	0.612500	0.000000
NOTE	831	109.513565	0.668750	0.000000
NOTE	832	109.567139	0.725000	0.000000
NOTE	833	109.620712	0.781250	0.000000
NOTE	834	109.674278	0.837500	0.000000
NOTE	835	109.727852	0.893750	0.000000
NOTE	836	109.781425	0.950000	0.000000
NOTE	837	109.834991	0.893750	0.000000
NOTE	838	109.888565	0.837500	0.000000
NOTE	839	109.942139	0.781250	0.000000
NOTE	840	109.995712	0.725000	0.000000
NOTE	841	110.049278	0.668750	0.000000
NOTE	842	110.102852	0.612500	0.000000
NOTE	843	110.156425	0.556250	0.000000
NOTE	844	110.210999	0.500000	0.000000
NOTE	845	110.263573	0.443750	0.000000
NOTE	846	110.317139	0.387500	0.000000
NOTE	847	110.370712	0.331250	0.000000
NOTE	848	110.424286	0.275000	0.000000
NOTE	849	110.477859	0.218750	0.000000
NOTE	850	110.531428	0.162500	0.000000
NOTE	851	110.584999	0.106250	0.000000
NOTE	852	110.638573	0.050000	0.000000
NOTE	853	110.692139	0.106250	0.000000
NOTE	854	110.745712	0.162500	0.000000
NOTE	855	110.799286	0.218750	0.000000
NOTE	856	110.852859	0.275000	0.000000
NOTE	857	110.906425	0.331250	0.000000
NOTE	858	110.959999	0.387500	0.000000
NOTE	859	111.013573	0.443750	0.000000
NOTE	860	111.068138	0.500000	0.000000
NOTE	861	111.120712	0.556250	0.000000
NOTE	862	111.174278	0.612500	0.000000
NOTE	863	111.227852	0.668750	0.000000
NOTE	864	111.281425	0.725000	0.000000
NOTE	865	111.334999	0.781250	0.000000
NOTE	866	111.388565	0.837500	0.000000
NOTE	867	111.442139	0.893750	0.000000
NOTE	868	111.495712	0.950000	0.000000
NOTE	869	111.549278	0.893750	0.000000
NOTE	870	111.602852	0.837500	0.000000
NOTE	871	111.656425	0.781250	0.000000
NOTE	872	111.709999	0.725000	0.000000
NOTE	873	111.763565	0.668750	0.000000
NOTE	874	111.817139	0.612500	0.000000
NOTE	875	111.870712	0.556250	0.000000
NOTE	876	111.925285	0.900000	0.829000
NOTE	877	111.925285	0.100000	0.829000
NOTE	878	118.785000	0.500000	0.000000
NOTE	879	119.639565	0.500000	0.000000
NOTE	880	120.496712	0.500000	0.000000
NOTE	881	121.353851	0.500000	0.000000
NOTE	882	122.210999	0.500000	0.000000
NOTE	883	123.068138	0.500000	0.000000
NOTE	884	123.925285	0.500000	0.000000
NOTE	885	124.782425	0.500000	0.000000
NOTE	886	124.782425	0.800000	0.213287
NOTE	887	125.210007	0.500000	0.214291
NOTE	888	125.639565	0.200000	0.000000
NOTE	889	125.639565	0.800000	0.829007
NOTE	890	126.067139	0.200000	0.000000
NOTE	891	126.496712	0.500000	0.000000
NOTE	892	126.924286	0.800000	0.000000
NOTE	893	126.924286	0.500000	0.401428
NOTE	894	127.353851	0.200000	0.000000
NOTE	895	127.781425	0.200000	0.000000
NOTE	896	128.210999	0.500000	0.000000
NOTE	897	128.210999	0.800000	0.213284
NOTE	898	128.638565	0.800000	0.000000
NOTE	899	128.638565	0.500000	0.214289
NOTE	900	129.068146	0.200000	0.000000
NOTE	901	129.068146	0.800000	0.828997
NOTE	902	129.495712	0.200000	0.000000
NOTE	903	129.925293	0.200000	0.000000
NOTE	904	130.352857	0.500000	0.000000
NOTE	905	130.352859	0.200000	0.401426
NOTE	906	130.782440	0.500000	0.000000
NOTE	907	131.209991	0.800000	0.000000
NOTE	908	131.639572	0.500000	0.000000
NOTE	909	131.639572	0.800000	0.641854
NOTE	910	132.067136	0.500000	0.000000
NOTE	911	132.496719	0.650000	0.000000
NOTE	912	132.496719	0.200000	0.828995
NOTE	913	132.709991	0.650000	0.000000
NOTE	914	132.924286	0.650000	0.000000
NOTE	915	133.138565	0.650000	0.000000
NOTE	916	133.352295	0.500000	0.000000
NOTE	917	133.566589	0.500000	0.000000
NOTE	918	133.781433	0.500000	0.000000
NOTE	919	133.781433	0.800000	0.214278
NOTE	920	133.995148	0.500000	0.000000
NOTE	921	134.210999	0.650000	0.000000
NOTE	922	134.210999	0.350000	0.641856
NOTE	923	134.424271	0.650000	0.000000
NOTE	924	134.638565	0.650000	0.000000
NOTE	925	134.852844	0.650000	0.000000
NOTE	926	135.068146	0.200000	0.000000
NOTE	927	135.068146	0.800000	0.641851
NOTE	928	135.280869	0.200000	0.000000
NOTE	929	135.495148	0.200000	0.000000
NOTE	930	135.709427	0.200000	0.000000
NOTE	931	135.923721	0.650000	0.000000
NOTE	932	136.030869	0.350000	0.000000
NOTE	933	136.138016	0.650000	0.000000
NOTE	934	136.245148	0.350000	0.000000
NOTE	935	136.352295	0.650000	0.000000
NOTE	936	136.459442	0.350000	0.000000
NOTE	937	136.566574	0.650000	0.000000
NOTE	938	136.673721	0.350000	0.000000
NOTE	939	136.780853	0.800000	0.000000
NOTE	940	136.888000	0.200000	0.000000
NOTE	941	136.995148	0.800000	0.000000
NOTE	942	137.102280	0.200000	0.000000
NOTE	943	137.209427	0.800000	0.000000
NOTE	944	137.316574	0.200000	0.000000
NOTE	945	137.423706	0.800000	0.000000
NOTE	946	137.530853	0.200000	0.000000
NOTE	947	137.639572	0.950000	0.802568
NOTE	948	137.639572	0.050000	0.802568
NOTE	949	138.496719	0.150000	0.802564
NOTE	950	138.496719	0.850000	0.802564
NOTE	951	139.353867	0.400000	0.000000
NOTE	952	139.353867	0.950000	0.000000
NOTE	953	139.406433	0.487500	0.000000
NOTE	954	139.460007	0.575000	0.000000
NOTE	955	139.513580	0.662500	0.000000
NOTE	956	139.567139	0.750000	0.000000
NOTE	957	139.620712	0.662500	0.000000
NOTE	958	139.673721	0.575000	0.000000
NOTE	959	139.727295	0.487500	0.000000
NOTE	960	139.781433	0.400000	0.000000
NOTE	961	139.781433	0.950000	0.000000
NOTE	962	139.834442	0.487500	0.000000
NOTE	963	139.888016	0.575000	0.000000
NOTE	964	139.942139	0.487500	0.000000
NOTE	965	139.995712	0.400000	0.160714
NOTE	966	140.210999	0.050000	0.000000
NOTE	967	140.210999	0.600000	0.000000
NOTE	968	140.263565	0.137500	0.000000
NOTE	969	140.317139	0.225000	0.000000
NOTE	970	140.370712	0.137500	0.000000
NOTE	971	140.424271	0.050000	0.160727
NOTE	972	140.638565	0.900000	0.000000
NOTE	973	140.692139	0.825000	0.000000
NOTE	974	140.745712	0.750000	0.000000
NOTE	975	140.799271	0.675000	0.000000
NOTE	976	140.852844	0.600000	0.000000
NOTE	977	140.852844	0.050000	0.160724
NOTE	978	140.906418	0.675000	0.000000
NOTE	979	140.959991	0.750000	0.000000
NOTE	980	141.013565	0.825000	0.000000
NOTE	981	141.068146	0.600000	0.000000
NOTE	982	141.068146	0.150000	0.159709
NOTE	983	141.120712	0.512500	0.000000
NOTE	984	141.174286	0.425000	0.000000
NOTE	985	141.227859	0.337500	0.000000
NOTE	986	141.281418	0.250000	0.000000
NOTE	987	141.334991	0.337500	0.000000
NOTE	988	141.388565	0.425000	0.000000
NOTE	989	141.442139	0.512500	0.000000
NOTE	990	141.495710	0.050000	0.000000
NOTE	991	141.495712	0.600000	0.000000
NOTE	992	141.925293	0.050000	0.000000
NOTE	993	141.925293	0.600000	0.213276
NOTE	994	141.977859	0.137500	0.000000
NOTE	995	142.031433	0.225000	0.000000
NOTE	996	142.085007	0.312500	0.000000
NOTE	997	142.138565	0.400000	0.000000
NOTE	998	142.192139	0.312500	0.000000
NOTE	999	142.245712	0.225000	0.000000
NOTE	1000	142.299286	0.137500	0.000000
NOTE	1001	142.352857	0.050000	0.000000
NOTE	1002	142.352859	0.600000	0.000000
NOTE	1003	142.406429	0.137500	0.000000
NOTE	1004	142.460000	0.225000	0.000000
NOTE	1005	142.513572	0.312500	0.000000
NOTE	1006	142.567139	0.600000	0.000000
NOTE	1007	142.567143	0.400000	0.000000
NOTE	1008	142.620714	0.312500	0.000000
NOTE	1009	142.674286	0.225000	0.000000
NOTE	1010	142.727857	0.137500	0.000000
NOTE	1011	142.782440	0.600000	0.000000
NOTE	1012	142.782440	0.050000	0.213271
NOTE	1013	142.835005	0.687500	0.000000
NOTE	1014	142.888576	0.775000	0.000000
NOTE	1015	142.942147	0.862500	0.000000
NOTE	1016	142.995719	0.950000	0.000000
NOTE	1017	143.049290	0.862500	0.000000
NOTE	1018	143.102862	0.775000	0.000000
NOTE	1019	143.156433	0.687500	0.000000
NOTE	1020	143.209991	0.050000	0.214292
NOTE	1021	143.210005	0.600000	0.000000
NOTE	1022	143.263578	0.687500	0.000000
NOTE	1023	143.317150	0.775000	0.000000
NOTE	1024	143.370721	0.862500	0.000000
NOTE	1025	143.424292	0.950000	0.000000
NOTE	1026	143.477864	0.862500	0.000000
NOTE	1027	143.531435	0.775000	0.000000
NOTE	1028	143.585005	0.687500	0.000000
NOTE	1029	143.639572	0.600000	0.000000
NOTE	1030	143.639572	0.050000	0.213282
NOTE	1031	143.692139	0.512500	0.000000
NOTE	1032	143.745712	0.425000	0.000000
NOTE	1033	143.799286	0.337500	0.000000
NOTE	1034	143.852844	0.250000	0.000000
NOTE	1035	143.906418	0.337500	0.000000
NOTE	1036	143.959991	0.425000	0.000000
NOTE	1037	144.013565	0.512500	0.000000
NOTE	1038	144.067136	0.050000	0.000000
NOTE	1039	144.067139	0.600000	0.000000
NOTE	1040	144.120708	0.137500	0.000000
NOTE	1041	144.174279	0.225000	0.000000
NOTE	1042	144.227851	0.312500	0.000000
NOTE	1043	144.280875	0.600000	0.000000
NOTE	1044	144.281422	0.400000	0.000000
NOTE	1045	144.334994	0.312500	0.000000
NOTE	1046	144.388565	0.225000	0.000000
NOTE	1047	144.442136	0.137500	0.000000
NOTE	1048	144.496719	0.600000	0.000000
NOTE	1049	144.496719	0.050000	0.213278
NOTE	1050	144.549284	0.675000	0.000000
NOTE	1051	144.602855	0.750000	0.000000
NOTE	1052	144.656427	0.825000	0.000000
NOTE	1053	144.709998	0.900000	0.000000
NOTE	1054	144.763569	0.825000	0.000000
NOTE	1055	144.817141	0.750000	0.000000
NOTE	1056	144.870712	0.675000	0.000000
NOTE	1057	144.924284	0.600000	0.000000
NOTE	1058	144.924286	0.050000	0.000000
NOTE	1059	145.352297	0.950000	0.000000
NOTE	1060	145.353867	0.400000	0.213274
NOTE	1061	145.405869	0.862500	0.000000
NOTE	1062	145.459440	0.775000	0.000000
NOTE	1063	145.513011	0.687500	0.000000
NOTE	1064	145.566583	0.600000	0.000000
NOTE	1065	145.620154	0.687500	0.000000
NOTE	1066	145.673726	0.775000	0.000000
NOTE	1067	145.727297	0.862500	0.000000
NOTE	1068	145.781431	0.050000	0.000000
NOTE	1069	145.781433	0.950000	0.214279
NOTE	1070	145.835007	0.137500	0.000000
NOTE	1071	145.888580	0.225000	0.000000
NOTE	1072	145.942139	0.312500	0.000000
NOTE	1073	145.995712	0.400000	0.000000
NOTE	1074	146.049286	0.312500	0.000000
NOTE	1075	146.102859	0.225000	0.000000
NOTE	1076	146.156433	0.137500	0.000000
NOTE	1077	146.210999	0.400000	0.000000
NOTE	1078	146.210999	0.050000	0.213285
NOTE	1079	146.263565	0.487500	0.000000
NOTE	1080	146.317139	0.575000	0.000000
NOTE	1081	146.370712	0.662500	0.000000
NOTE	1082	146.424271	0.750000	0.000000
NOTE	1083	146.477844	0.662500	0.000000
NOTE	1084	146.531418	0.575000	0.000000
NOTE	1085	146.584991	0.487500	0.000000
NOTE	1086	146.638563	0.950000	0.000000
NOTE	1087	146.638565	0.400000	0.214289
NOTE	1088	146.692134	0.862500	0.000000
NOTE	1089	146.745706	0.775000	0.000000
NOTE	1090	146.799277	0.687500	0.000000
NOTE	1091	146.852849	0.600000	0.000000
NOTE	1092	146.906420	0.687500	0.000000
NOTE	1093	146.959991	0.775000	0.000000
NOTE	1094	147.013563	0.862500	0.000000
NOTE	1095	147.068146	0.600000	0.000000
NOTE	1096	147.068146	0.050000	0.000000
NOTE	1097	147.120712	0.512500	0.000000
NOTE	1098	147.174286	0.425000	0.000000
NOTE	1099	147.227859	0.337500	0.000000
NOTE	1100	147.281418	0.250000	0.000000
NOTE	1101	147.281418	0.050000	0.214294
NOTE	1102	147.334991	0.337500	0.000000
NOTE	1103	147.388565	0.425000	0.000000
NOTE	1104	147.442139	0.512500	0.000000
NOTE	1105	147.495710	0.600000	0.000000
NOTE	1106	147.549286	0.512500	0.000000
NOTE	1107	147.602859	0.425000	0.000000
NOTE	1108	147.656418	0.337500	0.000000
NOTE	1109	147.709991	0.250000	0.000000
NOTE	1110	147.709991	0.050000	0.160720
NOTE	1111	147.763565	0.337500	0.000000
NOTE	1112	147.817139	0.425000	0.000000
NOTE	1113	147.870712	0.512500	0.000000
NOTE	1114	147.925293	0.600000	0.000000
NOTE	1115	147.925293	0.150000	0.213276
NOTE	1116	147.977859	0.687500	0.000000
NOTE	1117	148.031433	0.775000	0.000000
NOTE	1118	148.085007	0.862500	0.000000
NOTE	1119	148.138565	0.950000	0.000000
NOTE	1120	148.192139	0.862500	0.000000
NOTE	1121	148.245712	0.775000	0.000000
NOTE	1122	148.299286	0.687500	0.000000
NOTE	1123	148.352857	0.600000	0.000000
NOTE	1124	148.352859	0.050000	0.000000
NOTE	1125	148.782440	0.500000	0.000000
NOTE	1126	148.782440	0.950000	0.000000
NOTE	1127	148.834991	0.412500	0.000000
NOTE	1128	148.888565	0.325000	0.000000
NOTE	1129	148.942139	0.237500	0.000000
NOTE	1130	148.995697	0.150000	0.000000
NOTE	1131	149.049271	0.237500	0.000000
NOTE	1132	149.102844	0.325000	0.000000
NOTE	1133	149.156418	0.412500	0.000000
NOTE	1134	149.209991	0.500000	0.000000
NOTE	1135	149.210005	0.050000	0.000000
NOTE	1136	149.263565	0.587500	0.000000
NOTE	1137	149.317139	0.675000	0.000000
NOTE	1138	149.370697	0.762500	0.000000
NOTE	1139	149.424271	0.850000	0.000000
NOTE	1140	149.477844	0.762500	0.000000
NOTE	1141	149.531418	0.675000	0.000000
NOTE	1142	149.584991	0.587500	0.000000
NOTE	1143	149.639572	0.950000	0.213282
NOTE	1144	149.639572	0.050000	0.213282
NOTE	1145	150.067136	0.950000	0.214287
NOTE	1146	150.067136	0.050000	0.214287
NOTE	1147	150.496719	0.700000	0.213278
NOTE	1148	150.496719	0.300000	0.213278
NOTE	1149	150.924284	0.700000	0.214283
NOTE	1150	150.924284	0.300000	0.214283
NOTE	1151	151.353867	0.950000	0.213274
NOTE	1152	151.353867	0.050000	0.213274
NOTE	1153	151.781431	0.950000	0.000000
NOTE	1154	151.781431	0.050000	0.000000
NOTE	1155	152.210999	0.050000	0.000000
NOTE	1156	152.210999	0.500000	0.000000
NOTE	1157	152.263563	0.587500	0.000000
NOTE	1158	152.317134	0.675000	0.000000
NOTE	1159	152.370706	0.762500	0.000000
NOTE	1160	152.424277	0.850000	0.000000
NOTE	1161	152.477849	0.762500	0.000000
NOTE	1162	152.531420	0.675000	0.000000
NOTE	1163	152.584991	0.587500	0.000000
NOTE	1164	152.638563	0.500000	0.000000
NOTE	1165	152.638565	0.950000	0.000000
NOTE	1166	152.692134	0.412500	0.000000
NOTE	1167	152.745706	0.325000	0.000000
NOTE	1168	152.799277	0.237500	0.000000
NOTE	1169	152.852849	0.150000	0.000000
NOTE	1170	152.906420	0.237500	0.000000
NOTE	1171	152.959991	0.325000	0.000000
NOTE	1172	153.013563	0.412500	0.000000
NOTE	1173	153.068146	0.950000	0.213280
NOTE	1174	153.068146	0.050000	0.213280
NOTE	1175	153.495710	0.950000	0.214285
NOTE	1176	153.495710	0.050000	0.214285
NOTE	1177	153.925293	0.300000	0.213276
NOTE	1178	153.925293	0.700000	0.213276
NOTE	1179	154.352857	0.700000	0.214281
NOTE	1180	154.352859	0.300000	0.214281
NOTE	1181	154.782440	0.050000	0.213272
NOTE	1182	154.782440	0.950000	0.213272
NOTE	1183	155.210005	0.050000	0.000000
NOTE	1184	155.210005	0.950000	0.000000
NOTE	1185	155.639572	0.700000	0.000000
NOTE	1186	155.639572	0.400000	0.000000
NOTE	1187	155.692136	0.612500	0.000000
NOTE	1188	155.745708	0.525000	0.000000
NOTE	1189	155.799279	0.437500	0.000000
NOTE	1190	155.852851	0.350000	0.000000
NOTE	1191	155.906422	0.437500	0.000000
NOTE	1192	155.959994	0.525000	0.000000
NOTE	1193	156.013565	0.612500	0.000000
NOTE	1194	156.067136	0.700000	0.000000
NOTE	1195	156.067139	0.400000	0.000000
NOTE	1196	156.120708	0.487500	0.000000
NOTE	1197	156.174279	0.575000	0.000000
NOTE	1198	156.227851	0.662500	0.000000
NOTE	1199	156.281422	0.750000	0.000000
NOTE	1200	156.281422	0.950000	0.160722
NOTE	1201	156.334994	0.662500	0.000000
NOTE	1202	156.388565	0.575000	0.000000
NOTE	1203	156.442136	0.487500	0.000000
NOTE	1204	156.496719	0.400000	0.000000
NOTE	1205	156.496719	0.850000	0.213278
NOTE	1206	156.549284	0.312500	0.000000
NOTE	1207	156.602855	0.225000	0.000000
NOTE	1208	156.656427	0.137500	0.000000
NOTE	1209	156.709998	0.050000	0.000000
NOTE	1210	156.763569	0.137500	0.000000
NOTE	1211	156.817141	0.225000	0.000000
NOTE	1212	156.870712	0.312500	0.000000
NOTE	1213	156.924284	0.400000	0.000000
NOTE	1214	156.924284	0.850000	0.214283
NOTE	1215	156.977855	0.312500	0.000000
NOTE	1216	157.031427	0.225000	0.000000
NOTE	1217	157.084998	0.137500	0.000000
NOTE	1218	157.138569	0.050000	0.000000
NOTE	1219	157.192141	0.137500	0.000000
NOTE	1220	157.245712	0.225000	0.000000
NOTE	1221	157.299284	0.312500	0.000000
NOTE	1222	157.353867	0.850000	0.000000
NOTE	1223	157.353867	0.400000	0.213274
NOTE	1224	157.406433	0.762500	0.000000
NOTE	1225	157.460007	0.675000	0.000000
NOTE	1226	157.513580	0.587500	0.000000
NOTE	1227	157.567139	0.500000	0.000000
NOTE	1228	157.620712	0.587500	0.000000
NOTE	1229	157.674286	0.675000	0.000000
NOTE	1230	157.727859	0.762500	0.000000
NOTE	1231	157.781433	0.050000	0.000000
NOTE	1232	157.781433	0.850000	0.000000
NOTE	1233	157.835002	0.762500	0.000000
NOTE	1234	157.888574	0.675000	0.000000
NOTE	1235	157.942145	0.587500	0.000000
NOTE	1236	157.995712	0.050000	0.160714
NOTE	1237	157.995717	0.500000	0.000000
NOTE	1238	158.049288	0.587500	0.000000
NOTE	1239	158.102859	0.675000	0.000000
NOTE	1240	158.156431	0.762500	0.000000
NOTE	1241	158.210999	0.150000	0.213285
NOTE	1242	158.210999	0.850000	0.213285
NOTE	1243	158.638565	0.950000	0.000000
NOTE	1244	158.638565	0.050000	0.000000
NOTE	1245	159.068146	0.600000	0.000000
NOTE	1246	159.068146	0.300000	0.000000
NOTE	1247	159.120710	0.387500	0.000000
NOTE	1248	159.174282	0.475000	0.000000
NOTE	1249	159.227853	0.562500	0.000000
NOTE	1250	159.281424	0.650000	0.000000
NOTE	1251	159.334996	0.562500	0.000000
NOTE	1252	159.388567	0.475000	0.000000
NOTE	1253	159.442139	0.387500	0.000000
NOTE	1254	159.495710	0.600000	0.000000
NOTE	1255	159.495712	0.300000	0.000000
NOTE	1256	159.549282	0.512500	0.000000
NOTE	1257	159.602853	0.425000	0.000000
NOTE	1258	159.656424	0.337500	0.000000
NOTE	1259	159.709996	0.250000	0.000000
NOTE	1260	159.763567	0.337500	0.000000
NOTE	1261	159.817139	0.425000	0.000000
NOTE	1262	159.870710	0.512500	0.000000
NOTE	1263	159.925293	0.900000	0.213276
NOTE	1264	159.925293	0.100000	0.213276
NOTE	1265	160.352857	0.900000	0.214281
NOTE	1266	160.352859	0.100000	0.214283
NOTE	1267	160.782440	0.300000	0.213272
NOTE	1268	160.782440	0.700000	0.213272
NOTE	1269	161.210005	0.700000	0.214276
NOTE	1270	161.210005	0.300000	0.214276
NOTE	1271	161.639572	0.100000	0.213283
NOTE	1272	161.639572	0.900000	0.213283
NOTE	1273	162.067136	0.200000	0.000000
NOTE	1274	162.067136	0.800000	0.000000
NOTE	1275	162.496719	0.400000	0.213278
NOTE	1276	162.496719	0.600000	0.213278
NOTE	1277	162.924284	0.400000	0.214283
NOTE	1278	162.924284	0.600000	0.214283
NOTE	1279	163.353867	0.050000	0.000000
NOTE	1280	163.353867	0.500000	0.000000
NOTE	1281	163.406433	0.556250	0.000000
NOTE	1282	163.460007	0.612500	0.000000
NOTE	1283	163.513580	0.668750	0.000000
NOTE	1284	163.567139	0.725000	0.000000
NOTE	1285	163.620712	0.781250	0.000000
NOTE	1286	163.674286	0.837500	0.000000
NOTE	1287	163.727859	0.893750	0.000000
NOTE	1288	163.781433	0.950000	0.000000
NOTE	1289	163.835007	0.893750	0.000000
NOTE	1290	163.888580	0.837500	0.000000
NOTE	1291	163.942139	0.781250	0.000000
NOTE	1292	163.995712	0.725000	0.000000
NOTE	1293	164.049288	0.668750	0.000000
NOTE	1294	164.102859	0.612500	0.000000
NOTE	1295	164.156433	0.556250	0.000000
NOTE	1296	164.210999	0.500000	0.000000
NOTE	1297	164.210999	0.950000	0.000000
NOTE	1298	164.263565	0.443750	0.000000
NOTE	1299	164.317139	0.387500	0.000000
NOTE	1300	164.370712	0.331250	0.000000
NOTE	1301	164.424271	0.275000	0.000000
NOTE	1302	164.477844	0.218750	0.000000
NOTE	1303	164.531418	0.162500	0.000000
NOTE	1304	164.584991	0.106250	0.000000
NOTE	1305	164.638565	0.050000	0.000000
NOTE	1306	164.692139	0.106250	0.000000
NOTE	1307	164.745712	0.162500	0.000000
NOTE	1308	164.799271	0.218750	0.000000
NOTE	1309	164.852844	0.275000	0.000000
NOTE	1310	164.906418	0.331250	0.000000
NOTE	1311	164.959991	0.387500	0.000000
NOTE	1312	165.013565	0.443750	0.000000
NOTE	1313	165.068146	0.200000	0.000000
NOTE	1314	165.068146	0.800000	0.000000
NOTE	1315	165.495712	0.800000	0.000000
NOTE	1316	165.495712	0.200000	0.000000
NOTE	1317	165.709991	0.200000	0.000000
NOTE	1318	165.709996	0.800000	0.000000
NOTE	1319	165.817139	0.200000	0.000000
NOTE	1320	165.817139	0.800000	0.000000
NOTE	1321	165.925293	0.700000	0.000000
NOTE	1322	165.925293	0.300000	0.000000
NOTE	1323	166.138572	0.300000	0.000000
NOTE	1324	166.138572	0.700000	0.000000
NOTE	1325	166.352857	0.300000	0.000000
NOTE	1326	166.352857	0.700000	0.000000
NOTE	1327	166.567143	0.300000	0.000000
NOTE	1328	166.567143	0.700000	0.000000
NOTE	1329	166.782440	0.100000	0.828988
NOTE	1330	166.782440	0.900000	0.828988
LINK 0 1
LINK 3 4
LINK 8 9
LINK 26 27 28
LINK 195 198 199 202 203 206 207 209 212 213 216 217 220 221 223
LINK 196 197 200 201 204 205 208 210 211 214 215 218 219 222 224
LINK 226 227 228 229 230 231 232 233
LINK 234 236 238 240 243 244 246
LINK 235 237 239 241 242 245 247
LINK 252 253 254 255 256
LINK 259 260 261 262 263
LINK 266 267 268 269 270
LINK 273 274 275 276 277
LINK 282 283 284 285 286
LINK 289 290 291 292 293
LINK 296 297 298
LINK 302 303 304 305 306 307 308 309 310 311 312 313 314 315 316 317 318 319 320 321 322 323 324
LINK 327 328 329 330 331
LINK 334 335 336 337 338 339 340 341 342
LINK 345 346 347 348 349 350 351
LINK 354 355 356 357 358 359 360
LINK 365 366 367 368 369
LINK 372 373 374 375 376
LINK 379 380 381 382 383
LINK 386 387 388 389 390
LINK 395 396 397 398 399
LINK 402 403 404 405 406
LINK 409 410 411
LINK 419 420 421
LINK 430 431 432 433 434
LINK 437 438 439 440 441
LINK 444 445 446 447 448
LINK 451 452 453 454 455
LINK 460 461 462 463 464
LINK 467 468 469 470 471
LINK 474 475 476
LINK 480 481 482 483 484 485 486 487 488 489 490 491 492 493 494 495 496 497 498 499 500 501 502
LINK 505 506 507 508 509
LINK 512 513 514 515 516 517 518 519 520
LINK 523 524 525 526 527 528 529
LINK 532 533 534 535 536 537 538
LINK 543 544 545 546 547
LINK 550 551 552 553 554
LINK 557 558 559 560 561
LINK 564 565 566 567 568
LINK 584 586 587 588 589 590 591 592 593 594 595 596 597 598 599 600
LINK 603 604 605 606
LINK 633 634 635 636 637 638 639 640
LINK 643 644 645 646 647 648 649 650 651 652 653 654 655 656
LINK 661 662 663 664 665 666 667
LINK 670 671 672 673 674 675 676
LINK 689 690 691 692 693 694 695
LINK 698 699 700 701 702 703 704
LINK 749 750 751 752 753 754 755 756
LINK 759 760 761 762 763 764 765 766 767 768 769 770 771 772
LINK 775 776 777 778 779 780 781 782 783 784 785 786 787 788 789 790 791 792 793 794 795 796 797
LINK 813 814 815 816 817 818 819 820 821 822 823 824 825 826 827
LINK 828 829 830 831 832 833 834 835 836 837 838 839 840 841 842 843
LINK 844 845 846 847 848 849 850 851 852 853 854 855 856 857 858 859
LINK 860 861 862 863 864 865 866 867 868 869 870 871 872 873 874 875
LINK 953 954 955 956 957 958 959
LINK 962 963 964
LINK 968 969 970
LINK 973 974 975 976 978 979 980
LINK 983 984 985 986 987 988 989
LINK 994 995 996 997 998 999 1000
LINK 1003 1004 1005 1007 1008 1009 1010
LINK 1013 1014 1015 1016 1017 1018 1019
LINK 1022 1023 1024 1025 1026 1027 1028
LINK 1031 1032 1033 1034 1035 1036 1037
LINK 1040 1041 1042 1044 1045 1046 1047
LINK 1050 1051 1052 1053 1054 1055 1056
LINK 1061 1062 1063 1064 1065 1066 1067
LINK 1070 1071 1072 1073 1074 1075 1076
LINK 1079 1080 1081 1082 1083 1084 1085
LINK 1088 1089 1090 1091 1092 1093 1094
LINK 1097 1098 1099 1100 1102 1103 1104
LINK 1106 1107 1108 1109 1111 1112 1113
LINK 1116 1117 1118 1119 1120 1121 1122
LINK 1127 1128 1129 1130 1131 1132 1133
LINK 1136 1137 1138 1139 1140 1141 1142
LINK 1157 1158 1159 1160 1161 1162 1163
LINK 1166 1167 1168 1169 1170 1171 1172
LINK 1187 1188 1189 1190 1191 1192 1193
LINK 1196 1197 1198 1199 1201 1202 1203
LINK 1206 1207 1208 1209 1210 1211 1212
LINK 1215 1216 1217 1218 1219 1220 1221
LINK 1224 1225 1226 1227 1228 1229 1230
LINK 1233 1234 1235 1237 1238 1239 1240
LINK 1247 1248 1249 1250 1251 1252 1253
LINK 1256 1257 1258 1259 1260 1261 1262
LINK 1281 1282 1283 1284 1285 1286 1287 1288 1289 1290 1291 1292 1293 1294 1295
LINK 1298 1299 1300 1301 1302 1303 1304 1305 1306 1307 1308 1309 1310 1311 1312
