VERSION 2
BPM 266.260009765625
PAGE_SHIFT 0.352999985218048
PAGE_SIZE 0.901374563199557
NOTE	0	1.45247849730809	0.5000000	0
NOTE	1	3.2549569606781	0.5000000	0
NOTE	2	5.05743536261876	0.5000000	0
NOTE	3	5.50805521011353	0.416666686534882	0
NOTE	4	5.50805521011353	0.583333373069763	0
NOTE	5	5.61660671234131	0.7500000	0
NOTE	6	5.39126300811768	0.416666686534882	0
NOTE	7	5.84195041656494	0.0833333358168602	0
NOTE	8	5.61660671234131	0.2500000	0
NOTE	9	7.39118719100952	0.2500000	0.3341827
NOTE	10	7.39118719100952	0.7500000	0.3341827
NOTE	11	7.76215314865112	0.416666686534882	0
NOTE	12	7.76215314865112	0.583333373069763	0
NOTE	13	7.98646255559762	0.333333343267441	0
NOTE	14	7.98646255559762	0.666666686534882	0
NOTE	15	8.09911727905273	0.0833333358168602	0
NOTE	16	8.32073020935059	0.2500000	0
NOTE	17	8.09911746124983	0.916666686534882	0
NOTE	18	8.21177196502686	0.833333373069763	0
NOTE	19	8.66139221191406	0.916666686534882	0
NOTE	20	8.32073020935059	0.7500000	0
NOTE	21	8.43708229064941	0.833333373069763	0
NOTE	22	8.66139221191406	0.0833333358168602	0
NOTE	23	8.21177196502686	0.16666667163372	0
NOTE	24	8.43708229064941	0.16666667163372	0
NOTE	25	9.00035733322859	0.2500000	0
NOTE	26	9.00035733322859	0.7500000	0
NOTE	27	9.34924860645954	0.2500000	0.2108716
NOTE	28	9.34924860645954	0.7500000	0.2108716
NOTE	29	10.4770681553317	0.5000000	0
NOTE	30	10.7026318571621	0.416666686534882	0
NOTE	31	10.7026318571621	0.583333373069763	0
NOTE	32	10.9281957669366	0.333333343267441	0
NOTE	33	10.9281957669366	0.666666686534882	0
NOTE	34	12.2815792255832	0.333333343267441	0
NOTE	35	12.2815792255832	0.666666686534882	0
NOTE	36	13.1838346567369	0.2500000	0
NOTE	37	13.1838346567369	0.7500000	0
NOTE	38	14.0860902958346	0.416666686534882	0
NOTE	39	14.0860902958346	0.583333373069763	0
NOTE	40	14.7450246810913	0.916666686534882	0
NOTE	41	14.9883460998535	1.0000000	0
NOTE	42	15.2218790054321	0.583333373069763	0
NOTE	43	14.7450246810913	0.0833333358168602	0
NOTE	44	14.9883460998535	0.0000000	0
NOTE	45	15.2218790054321	0.416666686534882	0
NOTE	46	15.4394735465372	0.416666686534882	0.2255643
NOTE	47	15.4394735465372	0.583333373069763	0.2255643
NOTE	48	6.86804533004761	0.416666686534882	0.5413534
NOTE	49	6.86804533004761	0.583333373069763	0.5413534
NOTE	50	15.8906013660861	0.333333343267441	0
NOTE	51	15.8906013660861	0.666666686534882	0
NOTE	52	15.6650374563117	0.2500000	0
NOTE	53	15.6650374563117	0.7500000	0
NOTE	54	16.1161660215908	0.5000000	0.5413534
NOTE	55	16.5672938411397	0.333333343267441	0.2038229
NOTE	56	16.5672938411397	0.666666686534882	0.2038229
NOTE	57	17.0184216606886	0.16666667163372	0
NOTE	58	17.0184216606886	0.833333373069763	0
NOTE	59	17.243985570463	0.916666686534882	0
NOTE	60	17.243985570463	0.0833333358168602	0
NOTE	61	8.66474628448486	0.416666686534882	0.2704124
NOTE	62	8.66474628448486	0.583333373069763	0.2704124
NOTE	63	9.56512044332651	0.2500000	0
NOTE	64	9.56512044332651	0.7500000	0
NOTE	65	18.8042103457231	0.416666686534882	0
NOTE	66	18.8042103457231	0.583333373069763	0
NOTE	67	19.2548976273229	0.5000000	0
NOTE	68	19.4802412681227	0.333333343267441	0
NOTE	69	19.4802412681227	0.666666686534882	0
NOTE	70	19.705583508964	0.416666686534882	0
NOTE	71	19.705583508964	0.583333373069763	0
NOTE	72	19.9309271497638	0.333333343267441	0
NOTE	73	19.9309271497638	0.666666686534882	0
NOTE	74	20.1562707905637	0.16666667163372	0.2203442
NOTE	75	20.1562707905637	0.833333373069763	0.2203442
NOTE	76	21.2829895019531	0.2500000	0
NOTE	77	21.7276782989502	0.2500000	0
NOTE	78	21.2819900512695	0.7500000	0
NOTE	79	21.7276782989502	0.7500000	0
NOTE	80	21.9590204243528	0.2500000	0.2203437
NOTE	81	21.9590204243528	0.7500000	0.2203437
NOTE	82	22.5193786621094	0.0833333358168602	0
NOTE	83	22.5193786621094	0.916666686534882	0
NOTE	84	22.6350516004474	0.333333343267441	0
NOTE	85	22.6350516004474	0.666666686534882	0
NOTE	86	22.8603952412473	0.333333343267441	0
NOTE	87	22.8603952412473	0.666666686534882	0
NOTE	88	23.0857391357422	0.5000000	0.4506869
NOTE	89	23.536426417342	0.333333343267441	0.4456868
NOTE	90	23.536426417342	0.666666686534882	0.4456868
NOTE	91	24.4347991943359	0.0833333358168602	0
NOTE	92	24.8884882621413	0.5000000	0
NOTE	93	26.0152069735307	0.2500000	0
NOTE	94	25.3331756591797	0.0000000	0
NOTE	95	25.3331756591797	1.0000000	0
NOTE	96	25.783863067627	1.0000000	0
NOTE	97	25.783863067627	0.0000000	0
NOTE	98	26.4608936309814	0.7500000	0
NOTE	99	28.4939861297607	0.2500000	0
NOTE	100	28.4939861297607	0.7500000	0
NOTE	101	28.7193297705606	0.5000000	0
NOTE	102	28.9446734113605	0.16666667163372	0
NOTE	103	28.9446734113605	0.833333373069763	0
NOTE	104	29.1700170521604	0.5000000	0
NOTE	105	29.3953609466553	0.833333373069763	0.5408248
NOTE	106	29.3953606929603	0.16666667163372	0.5408248
NOTE	107	30.07139161536	0.666666686534882	0
NOTE	108	30.07139161536	0.333333343267441	0
NOTE	109	30.1840636894549	0.16666667163372	0
NOTE	110	30.1840636894549	0.833333373069763	0
NOTE	111	30.2967357635498	0.416666686534882	0.5633587
NOTE	112	30.2967357635498	0.583333373069763	0.5633587
NOTE	113	31.1981105804443	0.5000000	0.2704124
NOTE	114	31.7564678192139	1.0000000	0
NOTE	115	32.2071571350098	0.666666686534882	0
NOTE	116	32.8268547058105	0.833333373069763	0.1710041
NOTE	117	33.6768889755895	0.416666686534882	0
NOTE	118	33.9012336730957	0.666666686534882	0
NOTE	119	34.1275767645792	0.416666686534882	0
NOTE	120	34.2070808410645	0.666666686534882	0
NOTE	121	34.4324226379395	0.333333343267441	0
NOTE	122	34.4324226379395	0.5000000	0
NOTE	123	34.6577682495117	0.583333373069763	0
NOTE	124	34.6577682495117	0.7500000	0
NOTE	125	34.888111114502	0.2500000	0
NOTE	126	34.888111114502	0.5000000	0
NOTE	127	35.5923118591309	0.0000000	0
NOTE	128	35.5923118591309	1.0000000	0
NOTE	129	35.8176536560059	0.2500000	0
NOTE	130	35.8176536560059	0.7500000	0
NOTE	131	36.0661659240723	0.7500000	0
NOTE	132	36.7421951293945	0.333333343267441	0
NOTE	133	36.7421951293945	0.666666686534882	0
NOTE	134	37.0570446023677	0.2500000	0.4456871
NOTE	135	37.0570446023677	0.7500000	0.4456871
NOTE	136	37.5077318839675	0.416666686534882	0
NOTE	137	37.5077318839675	0.583333373069763	0
NOTE	138	37.7330760321573	0.416666686534882	0
NOTE	139	37.7330760321573	0.583333373069763	0
NOTE	140	37.9584196729572	0.5000000	0
NOTE	141	38.1837633137571	0.2500000	0
NOTE	142	38.1837633137571	0.7500000	0
NOTE	143	38.409106954557	0.416666686534882	0
NOTE	144	38.7421226501465	0.458437770605087	0
NOTE	145	38.409106954557	0.583333373069763	0
NOTE	146	39.3104820251465	0.2500000	0
NOTE	147	39.3114814758301	0.7500000	0
NOTE	148	39.5358256659464	0.2500000	0
NOTE	149	39.5358238220215	0.7500000	0
NOTE	150	39.7611693067463	0.2500000	0
NOTE	151	39.7611694335938	0.7500000	0
NOTE	152	39.9865112304688	0.7500000	0
NOTE	153	39.9865129475462	0.2500000	0
NOTE	154	40.211856588346	0.2500000	0
NOTE	155	40.6565437316895	0.16666667163372	0
NOTE	156	40.211856588346	0.7500000	0
NOTE	157	40.8878875107457	0.833333373069763	0
NOTE	158	41.1132311515456	1.0000000	0
NOTE	159	41.3385752997354	0.416666686534882	0
NOTE	160	41.3335723876953	0.583333373069763	0
NOTE	161	41.7892625813352	0.7500000	0
NOTE	162	41.7842597961426	0.916666686534882	0
NOTE	163	42.0146062221351	0.0833333358168602	0
NOTE	164	42.0106048583984	0.2500000	0
NOTE	165	42.2349472045898	0.416666686534882	0
NOTE	166	42.2349472045898	0.583333373069763	0
NOTE	167	42.4652935037349	0.916666686534882	0.2253437
NOTE	168	42.6906371445348	0.416666686534882	0
NOTE	169	42.9159807853347	0.583333373069763	0
NOTE	170	43.1413249335245	0.2500000	0
NOTE	171	43.3666685743244	0.583333373069763	0.4456850
NOTE	172	44.1272048950195	0.666666686534882	0
NOTE	173	44.1272048950195	0.833333373069763	0
NOTE	174	44.3525466918945	0.416666686534882	0
NOTE	175	44.3525466918945	0.2500000	0
NOTE	176	44.7197265625	0.7500000	0.2243476
NOTE	177	44.7197265625	0.2500000	0.2243476
NOTE	178	45.1694143934162	0.333333343267441	0
NOTE	179	45.2814140319824	0.375939905643463	0
NOTE	180	45.1694143934162	0.666666686534882	0
NOTE	181	45.2820892333984	0.7500000	0
NOTE	182	46.0697898864746	0.7500000	0
NOTE	183	46.5224761962891	0.833333373069763	0.2704124
NOTE	184	46.8594922068053	0.583333373069763	0
NOTE	185	46.9721640272052	0.16666667163372	0
NOTE	186	47.0848358476052	0.333333343267441	0
NOTE	187	47.1975076680051	0.7500000	0
NOTE	188	47.3101794884051	0.5000000	0
NOTE	189	47.4238510131836	0.0833333358168602	0.2704124
NOTE	190	47.7608670236998	0.416666686534882	0
NOTE	191	47.8735388440998	0.916666686534882	0
NOTE	192	47.9862106644997	0.16666667163372	0
NOTE	193	48.0988824848997	0.2500000	0
NOTE	194	48.3252258300781	0.2500000	0
NOTE	195	48.436897277832	0.416666686534882	0
NOTE	196	48.3252258300781	0.7500000	0
NOTE	197	48.436897277832	0.583333373069763	0
NOTE	198	48.6622418405944	0.2500000	0
NOTE	199	48.6622418405944	0.5000000	0
NOTE	200	48.7749137878418	0.916666686534882	0
NOTE	201	48.8875854813943	0.7500000	0
NOTE	202	48.8875854813943	0.5000000	0
NOTE	203	49.0002555847168	0.0833333358168602	0
NOTE	204	49.1129291221941	0.2500000	0
NOTE	205	49.1129291221941	0.5000000	0
NOTE	206	49.2266006469727	0.916666686534882	0.3370182
NOTE	207	49.2256011962891	0.666666686534882	0.3380133
NOTE	208	49.6762884778888	0.2500000	0.2704124
NOTE	209	49.6762884778888	0.583333373069763	0.2704124
NOTE	210	50.1269760131836	0.0000000	0
NOTE	211	50.3523196539835	0.916666686534882	0
NOTE	212	50.5776632947834	0.16666667163372	0
NOTE	213	50.8030069355833	0.7500000	0
NOTE	214	51.0283505763831	0.333333343267441	0
NOTE	215	51.2536926269531	0.583333373069763	0.2253472
NOTE	216	51.2536926269531	0.416666686534882	0.2253472
NOTE	217	51.480037689209	0.2500000	0
NOTE	218	51.5789833068848	0.498955726623535	0
NOTE	219	51.9287261962891	0.333333343267441	0
NOTE	220	52.0705642700195	0.416666686534882	0.5408248
NOTE	221	52.0705642700195	0.2500000	0.5408248
NOTE	222	52.6057565693723	0.333333343267441	0.2203427
NOTE	223	52.6057565693723	0.666666686534882	0.2203427
NOTE	224	53.2807884216309	0.0000000	0
NOTE	225	53.3389701843262	0.209273159503937	0
NOTE	226	53.7314758300781	0.2500000	0
NOTE	227	53.2807884216309	1.0000000	0
NOTE	228	53.3382987976074	0.790726840496063	0
NOTE	229	53.8451461791992	0.5000000	0.5408248
NOTE	230	54.6348495483398	0.416666686534882	0.2806808
NOTE	231	54.6348495483398	0.583333373069763	0.2806808
NOTE	232	55.9859121961506	0.16666667163372	0.4456853
NOTE	233	55.9859121961506	0.833333373069763	0.4456853
NOTE	234	56.6569404602051	0.416666686534882	0
NOTE	235	56.8832855224609	0.16666667163372	0
NOTE	236	57.3339729309082	0.333333343267441	0
NOTE	237	56.6569404602051	0.583333373069763	0
NOTE	238	56.8832855224609	0.833333373069763	0
NOTE	239	57.3339729309082	0.666666686534882	0
NOTE	240	57.4174766540527	0.916666686534882	0.5408248
NOTE	241	58.2393491115394	0.416666686534882	0
NOTE	242	58.2393491115394	0.583333373069763	0
NOTE	243	58.4646927523393	0.16666667163372	0
NOTE	244	58.4646927523393	0.833333373069763	0
NOTE	245	58.5773658752441	0.5000000	0
NOTE	246	58.8027076721191	0.583333373069763	0
NOTE	247	59.1417198181152	0.7500000	0.5408248
NOTE	248	59.3660659790039	0.333333343267441	0.5408248
NOTE	249	60.326691161421	0.2500000	0
NOTE	250	60.5522550711954	0.333333343267441	0
NOTE	251	60.7778189809699	0.2500000	0
NOTE	252	61.0033828907443	0.0833333358168602	0
NOTE	253	62.1312031853468	0.416666686534882	0.5413534
NOTE	254	62.8078949146701	0.7500000	0
NOTE	255	63.0334587097168	0.5000000	0
NOTE	256	63.2590217590332	0.16666667163372	0
NOTE	257	63.4845886230469	0.333333343267441	0
NOTE	258	63.7101516723633	0.666666686534882	0
NOTE	259	63.9357109069824	0.916666686534882	0
NOTE	260	64.161279119047	0.7500000	0
NOTE	261	63.4845873897237	0.916666686534882	0.1580066
NOTE	262	64.1612777709961	0.16666667163372	0.2255670
NOTE	263	64.6023101806641	0.416666686534882	0
NOTE	264	64.6023101806641	0.583333373069763	0
NOTE	265	64.8276519775391	0.333333343267441	0
NOTE	266	64.8276519775391	0.666666686534882	0
NOTE	267	65.0530014038086	0.2500000	0
NOTE	268	65.0530014038086	0.7500000	0
NOTE	269	65.2783432006836	0.333333343267441	0.1562475
NOTE	270	65.2783432006836	0.666666686534882	0.1562475
NOTE	271	66.4179153442383	0.5000000	0.5413534
NOTE	272	66.4179153442383	1.0000000	0.5413534
NOTE	273	67.093607622878	0.0000000	0
NOTE	274	67.093607622878	0.16666667163372	0
NOTE	275	67.3191715326524	0.833333373069763	0
NOTE	276	67.3191715326524	1.0000000	0
NOTE	277	67.5447387695313	1.0000000	0
NOTE	278	67.7703018188477	0.0000000	0
NOTE	279	67.9958648681641	0.416666686534882	0
NOTE	280	67.9854583740234	0.416666686534882	0.1536036
NOTE	281	68.2224273681641	0.7500000	0.5413534
NOTE	282	69.6192016601563	0.416666686534882	0
NOTE	283	69.8445434570313	0.2500000	0
NOTE	284	69.6192016601563	0.7500000	0
NOTE	285	69.8445434570313	0.583333373069763	0
NOTE	286	70.0698852539063	1.0000000	0.5408248
NOTE	287	70.0698852539063	0.0833333358168602	0.5408248
NOTE	288	71.5346221923828	0.583333373069763	0.1690097
NOTE	289	71.8726348876953	0.666666686534882	0.7837048
NOTE	290	71.8726348876953	0.333333343267441	0.7837048
NOTE	291	72.9756011962891	0.2500000	0
NOTE	292	73.2009506225586	0.5000000	0
NOTE	293	73.4279861450195	0.919799506664276	0
NOTE	294	73.6753845214844	0.16666667163372	0
NOTE	295	73.9159927368164	0.584377646446228	0
NOTE	296	74.1057205200195	0.753132820129395	0
NOTE	297	74.9147754678462	0.666666686534882	0
NOTE	298	75.1401214599609	0.583333373069763	0
NOTE	299	75.3644638061523	0.833333373069763	0
NOTE	300	75.1401191086461	0.16666667163372	0.2203442
NOTE	301	75.365462749446	0.416666686534882	0
NOTE	302	75.5178527832031	0.667710959911346	0.4506920
NOTE	303	76.0414962768555	0.666666686534882	0.2203416
NOTE	304	76.2668380737305	0.833333373069763	0.4506899
NOTE	305	76.2668378200355	0.333333343267441	0
NOTE	306	76.8302001953125	0.583333373069763	0
NOTE	307	77.0555419921875	0.2500000	0
NOTE	308	76.604850769043	0.7500000	0
NOTE	309	77.0555419921875	0.583333373069763	0
NOTE	310	77.3372192382813	0.833333373069763	0.4506915
NOTE	311	77.731575012207	0.333333343267441	0
NOTE	312	78.182258605957	0.16666667163372	0.4506913
NOTE	313	78.6892852783203	0.666666686534882	0
NOTE	314	78.8864593505859	0.583333373069763	0
NOTE	315	79.3961944580078	0.248955711722374	0
NOTE	316	79.5313262939453	0.7500000	0
NOTE	317	79.8723373413086	0.916666686534882	0
NOTE	318	79.6439971923828	0.416666686534882	0
NOTE	319	79.196306165214	0.916666686534882	0
NOTE	320	79.196306165214	0.0833333358168602	0
NOTE	321	74.465087890625	0.416666686534882	0.2243473
NOTE	322	80.8863830566406	0.333333343267441	0
NOTE	323	81.6750867214027	0.666666686534882	0.4506885
NOTE	324	82.0130996704102	0.333333343267441	0
NOTE	325	82.2384490966797	0.416666686534882	0
NOTE	326	82.7454681396484	0.666666686534882	0
NOTE	327	82.9708099365234	0.7500000	0.4506919
NOTE	328	83.7001800537109	0.333333343267441	0
NOTE	329	83.7001800537109	0.333333343267441	0.2253462
NOTE	330	83.9285238904865	0.916666686534882	0.2253480
NOTE	331	84.1538696289063	0.833333373069763	0
NOTE	332	84.2665405273438	0.333333343267441	0
NOTE	333	84.5200500488281	0.7500000	0
NOTE	334	84.9707336425781	0.7500000	0
NOTE	335	85.6156005859375	0.5000000	0
NOTE	336	84.7453918457031	0.5000000	0
NOTE	337	85.9002838134766	0.2500000	0.2253412
NOTE	338	86.3509674072266	0.7500000	0
NOTE	339	86.6326446533203	0.333333343267441	0
NOTE	340	87.0843353271484	0.666666686534882	0.4506889
NOTE	341	87.0843353271484	0.916666686534882	0.4506889
NOTE	342	88.1255493164063	0.16666667163372	0
NOTE	343	88.3227233886719	0.5000000	0.4506905
NOTE	344	88.8860855102539	0.833333373069763	0
NOTE	345	89.1114273071289	0.16666667163372	0
NOTE	346	89.5621161789586	0.2500000	0
NOTE	347	89.7874598197585	0.333333343267441	0
NOTE	348	89.9585113525391	0.416666686534882	0
NOTE	349	90.1855545043945	0.5000000	0
NOTE	350	91.139518737793	0.7500000	0
NOTE	351	91.5366134643555	0.328111976385117	0
NOTE	352	91.305534362793	0.416666686534882	0
NOTE	353	91.6420974731445	0.327067703008652	0
NOTE	354	91.8155517578125	0.7500000	0
NOTE	355	92.491584777832	0.7500000	0
NOTE	356	92.0408935546875	0.416666686534882	0
NOTE	357	92.2662353515625	0.5000000	0
NOTE	358	92.6728134155273	0.416666686534882	0
NOTE	359	92.9422718057368	0.666666686534882	0
NOTE	360	93.5056304931641	0.16666667163372	0
NOTE	361	93.8436431884766	0.833333373069763	0
NOTE	362	74.8302688598633	0.2500000	0
NOTE	363	75.8171463012695	0.916666686534882	0.1116790
NOTE	364	86.9706649780273	0.2500000	0
NOTE	365	86.9706649780273	0.416666686534882	0
NOTE	366	71.3102798461914	0.16666667163372	0.1352062
NOTE	367	71.4782881261077	0.16666667163372	0
NOTE	368	95.336540222168	0.833333373069763	0
NOTE	369	95.561882019043	0.5000000	0
NOTE	370	95.7872314453125	0.666666686534882	0
NOTE	371	96.0970761623206	0.2500000	0
NOTE	372	97.1674575805664	0.666666686534882	0
NOTE	373	97.4209671020508	0.333333343267441	0
NOTE	374	97.6181488037109	0.583333373069763	0
NOTE	375	97.8716583251953	0.16666667163372	0
NOTE	376	98.0970001220703	0.666666686534882	0.2253500
NOTE	377	98.0970001220703	0.333333343267441	0.2253500
NOTE	378	99.0265445074991	0.833333373069763	0
NOTE	379	99.1362152099609	0.5000000	0
NOTE	380	99.1362152099609	0.666666686534882	0
NOTE	381	99.3615646362305	0.416666686534882	0
NOTE	382	99.3615646362305	0.583333373069763	0
NOTE	383	99.7025756835938	0.333333343267441	0
NOTE	384	100.105758666992	0.248955741524696	0
NOTE	385	100.378608703613	0.0833333358168602	0
NOTE	386	99.7025756835938	0.5000000	0
NOTE	387	100.10066986084	0.415622413158417	0
NOTE	388	100.378608703613	0.833333373069763	0
NOTE	389	100.829292297363	0.583333373069763	0
NOTE	390	101.053634643555	0.666666686534882	0
NOTE	391	101.279983520508	0.583333373069763	0
NOTE	392	101.279981422888	0.7500000	0
NOTE	393	100.829294141288	0.2500000	0
NOTE	394	101.054637782088	0.333333343267441	0
NOTE	395	101.279981422888	0.416666686534882	0
NOTE	396	102.407699584961	0.333333343267441	0.5408248
NOTE	397	102.407699584961	0.666666686534882	0.5408248
NOTE	398	103.082731056677	0.5000000	0.2203437
NOTE	399	104.21044921875	0.333333343267441	0
NOTE	400	104.434791564941	0.833333373069763	0
NOTE	401	104.546691894531	0.333333343267441	0
NOTE	402	104.21044921875	0.916666686534882	0
NOTE	403	18.0950107574463	0.0833333358168602	0
NOTE	404	20.8323020935059	0.666666686534882	0
NOTE	405	20.8323020935059	0.333333343267441	0
NOTE	406	59.028052108034	0.666666686534882	0
NOTE	407	43.9018592834473	0.416666686534882	0
NOTE	408	43.9018592834473	0.2500000	0
NOTE	409	80.6610400841082	0.0833333358168602	0
NOTE	410	85.449592590332	0.7500000	0.1126730
NOTE	411	104.660133361816	0.666666686534882	0
NOTE	412	104.885482788086	0.16666667163372	0
NOTE	413	104.998153686523	0.666666686534882	0
NOTE	414	103.758762232772	0.0833333358168602	0
NOTE	415	104.657135009766	0.16666667163372	0
NOTE	416	105.223496405361	0.833333373069763	0
NOTE	417	105.448840046161	0.833333373069763	0.3380208
NOTE	418	105.786855507361	0.416666686534882	0.2203430
NOTE	419	105.786855507361	0.16666667163372	0.2203430
NOTE	420	106.181205749512	0.7500000	0
NOTE	421	106.378379821777	0.333333343267441	0
NOTE	422	106.603729248047	0.833333373069763	0
NOTE	423	107.110748291016	0.666666686534882	0.3380194
NOTE	424	107.533271789551	0.416666686534882	0.2203425
NOTE	425	107.812950134277	0.666666686534882	0
NOTE	426	107.977523803711	0.830200552940369	0
NOTE	427	107.98095703125	0.2500000	0
NOTE	428	108.202857971191	0.334377616643906	0
NOTE	429	108.209648132324	0.917710959911346	0
NOTE	430	108.43839263916	0.413533866405487	0
NOTE	431	108.441787719727	0.998955726623535	0
NOTE	432	108.716323598844	0.16666667163372	0
NOTE	433	108.941665649414	0.2500000	0
NOTE	434	109.167007446289	0.916666686534882	0
NOTE	435	77.956916809082	0.416666686534882	0
NOTE	436	87.9001998901367	0.416666686534882	0
NOTE	437	93.2802886962891	0.666666686534882	0
NOTE	438	93.0549438798318	0.416666686534882	0.2253390
NOTE	439	109.167007446289	0.5000000	0
NOTE	440	109.392356872559	0.833333373069763	0
NOTE	441	109.61669921875	0.5000000	0
NOTE	442	109.167011134139	0.16666667163372	0.4456856
NOTE	443	109.843042310233	0.416666686534882	0.2704124
NOTE	444	109.840042114258	0.666666686534882	0.2704124
NOTE	445	110.181057771433	0.2500000	0
NOTE	446	110.181057771433	0.583333373069763	0
NOTE	447	110.969757080078	0.2500000	0
NOTE	448	111.195106506348	0.5000000	0
NOTE	449	111.419448852539	0.2500000	0
NOTE	450	111.530120849609	0.666666686534882	0
NOTE	451	112.772506713867	0.833333373069763	0
NOTE	452	112.997856140137	0.16666667163372	0
NOTE	453	113.222198486328	0.833333373069763	0
NOTE	454	112.772510401717	0.0000000	0
NOTE	455	113.392204284668	0.0833333358168602	0.2704124
NOTE	456	114.462585449219	1.0000000	0
NOTE	457	114.572257995605	0.666666686534882	0
NOTE	458	114.969604492188	0.16666667163372	0
NOTE	459	114.459587097168	0.416666686534882	0
NOTE	460	114.572257995605	0.2500000	0
NOTE	461	114.969604492188	0.0000000	0
NOTE	462	115.191955566406	0.5000000	0.2704124
NOTE	463	115.194953918457	0.7500000	0.2704124
NOTE	464	116.265337848895	0.5000000	0
NOTE	465	116.490681489695	0.16666667163372	0
NOTE	466	116.490681489695	0.333333343267441	0
NOTE	467	116.716026306152	0.666666686534882	0
NOTE	468	116.716026306152	0.833333373069763	0
NOTE	469	116.94136902499	0.416666686534882	0.2704124
NOTE	470	117.504730224609	0.7500000	0
NOTE	471	117.729064941406	0.16666667163372	0
NOTE	472	118.124420166016	0.583333373069763	0
NOTE	473	118.293434143066	0.0833333358168602	0
NOTE	474	118.741119384766	0.2500000	0
NOTE	475	118.741119384766	0.416666686534882	0
NOTE	476	118.966461181641	0.416666686534882	0
NOTE	477	118.966461181641	0.583333373069763	0
NOTE	478	119.19181060791	0.583333373069763	0
NOTE	479	119.19181060791	0.7500000	0
NOTE	480	119.530815124512	1.0000000	0.2704124
NOTE	481	119.530815124512	0.833333373069763	0.2704124
NOTE	482	118.518774764284	0.833333373069763	0
NOTE	483	82.4637908935547	0.5000000	0
NOTE	484	106.829071044922	0.416666686534882	0
NOTE	485	113.166861773117	0.0000000	0
NOTE	486	120.659540112968	0.666666686534882	0.2704124
NOTE	487	120.941223144531	0.2500000	0
NOTE	488	121.334564208984	0.666666686534882	0
NOTE	489	121.504579019662	0.916666686534882	0.2704124
NOTE	490	121.898933410645	0.2500000	0
NOTE	491	122.235939025879	0.916666686534882	0
NOTE	492	122.405944824219	0.583333373069763	0
NOTE	493	122.743965148926	0.416666686534882	0.1408420
NOTE	494	122.405944824219	0.7500000	0
NOTE	495	122.574951171875	0.666666686534882	0
NOTE	496	122.574951171875	0.833333373069763	0
NOTE	497	122.743965148926	0.2500000	0.1408420
NOTE	498	123.02564239502	0.666666686534882	0.1076728
NOTE	499	123.025648848757	0.833333373069763	0.1076663
NOTE	500	123.532672294251	0.7500000	0
NOTE	501	123.532672294251	0.333333343267441	0
NOTE	502	123.758010864258	0.7500000	0
NOTE	503	124.038688659668	0.333333343267441	0
NOTE	504	123.758010864258	1.0000000	0
NOTE	505	123.983352661133	0.7500000	0
NOTE	506	124.205696105957	0.416666686534882	0.2704124
NOTE	507	124.208694458008	0.0833333358168602	0.2704124
NOTE	508	125.279078388446	0.333333343267441	0
NOTE	509	125.729766845703	0.333333343267441	0
NOTE	510	125.983276367188	0.583333373069763	0.2704124
NOTE	511	127.138163932435	0.833333373069763	0
NOTE	512	127.363510131836	0.666666686534882	0
NOTE	513	127.588851928711	1.0000000	0
NOTE	514	127.138160705566	0.2500000	0.4506951
NOTE	515	127.814193725586	0.0000000	0.2704124
NOTE	516	128.997257105819	0.7500000	0
NOTE	517	129.16325378418	0.416666686534882	0
NOTE	518	129.166244506836	0.583333373069763	0
NOTE	519	129.335250854492	0.16666667163372	0
NOTE	520	129.335250854492	0.333333343267441	0
NOTE	521	129.616944742319	0.7500000	0
NOTE	522	129.673278808594	0.916666686534882	0
NOTE	523	129.729614257813	0.7500000	0
NOTE	524	130.743670829408	0.7500000	0
NOTE	525	130.968994140625	0.416666686534882	0
NOTE	526	131.194358111007	0.916666686534882	0
NOTE	527	131.363357543945	0.583333373069763	0
NOTE	528	131.701370239258	0.833333373069763	0
NOTE	529	132.15104675293	0.2500000	0
NOTE	530	132.03938293457	0.7500000	0
NOTE	531	132.543411254883	0.333333343267441	0
NOTE	532	132.543411254883	0.5000000	0
NOTE	533	132.768753051758	0.833333373069763	0
NOTE	534	132.768753051758	1.0000000	0
NOTE	535	132.997107744796	0.583333373069763	0
NOTE	536	132.994094848633	0.7500000	0
NOTE	537	133.166107177734	0.416666686534882	0
NOTE	538	133.504119873047	0.333333343267441	0
NOTE	539	133.953796386719	0.2500000	0
NOTE	540	133.842132568359	0.7500000	0
NOTE	541	134.349170096986	0.2500000	0
NOTE	542	134.574513737786	0.666666686534882	0
NOTE	543	134.799857378586	0.916666686534882	0
NOTE	544	134.968857733486	0.333333343267441	0.2704124
NOTE	545	135.532211303711	0.7500000	0
NOTE	546	135.756546020508	0.416666686534882	0
NOTE	547	135.982912000175	0.5000000	0.2704124
NOTE	548	136.377243041992	0.583333373069763	0
NOTE	549	136.602584838867	0.833333373069763	0
NOTE	550	138.630676269531	0.416666686534882	0
NOTE	551	138.856018066406	0.666666686534882	0
NOTE	552	139.081359863281	0.333333343267441	0
NOTE	553	138.856018066406	0.833333373069763	0
NOTE	554	139.306701660156	0.5000000	0
NOTE	555	138.630676269531	0.666666686534882	0
NOTE	556	139.081359863281	0.16666667163372	0
NOTE	557	139.306701660156	0.333333343267441	0
NOTE	558	140.43342590332	0.5000000	0
NOTE	559	140.658767700195	0.7500000	0
NOTE	560	140.658767700195	0.0833333358168602	0
NOTE	561	140.88410949707	0.7500000	0
NOTE	562	140.43342590332	0.666666686534882	0
NOTE	563	141.109451293945	0.416666686534882	0
NOTE	564	141.109451293945	0.2500000	0
NOTE	565	140.88410949707	0.2500000	0
NOTE	566	142.236192178842	0.416666686534882	0
NOTE	567	142.236192178842	0.666666686534882	0
NOTE	568	142.461535819642	0.5000000	0
NOTE	569	142.461535819642	0.2500000	0
NOTE	570	142.681884765625	0.833333373069763	0
NOTE	571	142.681884765625	1.0000000	0
NOTE	572	142.912223101242	0.5000000	0
NOTE	573	142.912223101242	0.16666667163372	0
NOTE	574	144.033935546875	0.7500000	0
NOTE	575	144.033935546875	0.583333373069763	0
NOTE	576	144.25927734375	0.16666667163372	0
NOTE	577	144.25927734375	0.0000000	0
NOTE	578	144.484634399414	0.333333343267441	0
NOTE	579	144.484634399414	0.5000000	0
NOTE	580	144.709976196289	0.583333373069763	0
NOTE	581	144.709976196289	0.7500000	0
NOTE	582	144.82763671875	0.16666667163372	0
NOTE	583	145.220977783203	0.333333343267441	0
NOTE	584	145.841674804688	0.5000000	0.7273790
NOTE	585	145.841674804688	0.7500000	0.7273790
NOTE	586	146.572067260742	0.333333343267441	0.3933436
NOTE	587	146.572067260742	0.916666686534882	0.3933436
NOTE	588	147.250076293945	0.583333373069763	0
NOTE	589	147.419082641602	0.916666686534882	0
NOTE	590	147.697769165039	0.16666667163372	0
NOTE	591	147.697769165039	0.333333343267441	0
NOTE	592	149.278182983398	0.416666686534882	0
NOTE	593	149.447190713998	0.666666686534882	0.7273613
NOTE	594	149.447190713998	0.833333373069763	0.7273613
NOTE	595	150.17756652832	0.333333343267441	0.5060145
NOTE	596	150.17756652832	0.5000000	0.5060145
NOTE	597	150.799245183098	0.333333343267441	0
NOTE	598	151.07893371582	0.583333373069763	0
NOTE	599	151.303268432617	0.916666686534882	0.2704124
NOTE	600	151.303268432617	0.7500000	0.2704124
NOTE	601	31.080436706543	0.7500000	0
NOTE	602	30.744421005249	0.916666686534882	0
NOTE	603	30.9134292602539	0.833333373069763	0
NOTE	604	31.080436706543	0.2500000	0
NOTE	605	30.744421005249	0.0833333358168602	0
NOTE	606	30.9134292602539	0.16666667163372	0
NOTE	607	17.7006587982178	0.666666686534882	0
NOTE	608	18.0950107574463	0.916666686534882	0
NOTE	609	17.7006587982178	0.333333343267441	0
NOTE	610	18.4611930847168	0.833333373069763	0
NOTE	611	18.4611930847168	0.16666667163372	0
NOTE	612	5.72927856445313	0.833333373069763	0
NOTE	613	5.84195041656494	0.916666686534882	0
NOTE	614	5.72927856445313	0.16666667163372	0
NOTE	615	5.39126300811768	0.583333373069763	0
NOTE	616	11.137526512146	0.583333373069763	0
NOTE	617	11.2501983642578	0.583333373069763	0
NOTE	618	11.3618688583374	0.583333373069763	0
NOTE	619	11.137526512146	0.416666686534882	0
NOTE	620	11.2501983642578	0.416666686534882	0
NOTE	621	11.3618688583374	0.416666686534882	0
NOTE	622	11.3638696670532	0.583333373069763	0
NOTE	623	11.4755420684814	0.7500000	0
NOTE	624	11.6163816452026	0.916666686534882	0
NOTE	625	11.3638696670532	0.416666686534882	0
NOTE	626	11.4755420684814	0.2500000	0
NOTE	627	11.6163816452026	0.0833333358168602	0
NOTE	628	11.6163816452026	0.916666686534882	0
NOTE	629	11.7008857727051	0.7500000	0
NOTE	630	11.8125562667847	0.5000000	0
NOTE	631	11.6163816452026	0.0833333358168602	0
NOTE	632	11.7008857727051	0.2500000	0
NOTE	633	11.8125562667847	0.5000000	0
NOTE	634	15.0810394287109	0.16666667163372	0
NOTE	635	15.0810394287109	0.833333373069763	0
NOTE	636	17.8414993286133	0.7500000	0
NOTE	637	17.8414993286133	0.2500000	0
NOTE	638	21.390661239624	0.833333373069763	0
NOTE	639	21.5033340454102	0.916666686534882	0
NOTE	640	21.6160049438477	0.833333373069763	0
NOTE	641	21.390661239624	0.16666667163372	0
NOTE	642	21.5033340454102	0.0833333358168602	0
NOTE	643	21.6160049438477	0.16666667163372	0
NOTE	644	24.2094554901123	0.7500000	0
NOTE	645	24.4347991943359	0.916666686534882	0
NOTE	646	24.3221263885498	0.833333373069763	0
NOTE	647	24.2094554901123	0.2500000	0
NOTE	648	24.3221263885498	0.16666667163372	0
NOTE	649	25.1138324103311	0.666666686534882	0
NOTE	650	25.2215023040771	0.833333373069763	0
NOTE	651	25.1138324103311	0.333333343267441	0
NOTE	652	25.2215023040771	0.16666667163372	0
NOTE	653	25.5595188140869	0.583333373069763	0
NOTE	654	25.5595188140869	0.416666686534882	0
NOTE	655	25.6727981567383	0.209570720791817	0
NOTE	656	25.6744861602783	0.791654407978058	0
NOTE	657	26.0102061591104	0.416666686534882	0
NOTE	658	26.1228771209717	0.5000000	0
NOTE	659	26.2345504760742	0.583333373069763	0
NOTE	660	26.2365493774414	0.583333373069763	0
NOTE	661	26.3482208251953	0.666666686534882	0
NOTE	662	26.4608936309814	0.7500000	0
NOTE	663	26.6852378845215	0.583333373069763	0
NOTE	664	26.5735645294189	0.666666686534882	0
NOTE	665	26.9115810394287	0.5000000	0
NOTE	666	27.0242519378662	0.2500000	0
NOTE	667	27.1359252929688	0.0000000	0
NOTE	668	27.1379241943359	0.0000000	0
NOTE	669	27.2495956420898	0.458321094512939	0
NOTE	670	27.586612701416	0.165622338652611	0
NOTE	671	27.362268447876	0.916666686534882	0
NOTE	672	27.4746417999268	0.541562259197235	0
NOTE	673	27.586612701416	0.165622338652611	0
NOTE	674	27.8129558563232	0.5000000	0
NOTE	675	27.9247779846191	0.459273159503937	0
NOTE	676	28.0373001098633	0.416666686534882	0
NOTE	677	27.7022819519043	0.333333343267441	0
NOTE	678	27.8129558563232	0.5000000	0
NOTE	679	28.0392990112305	0.416666686534882	0
NOTE	680	28.1509704589844	0.666666686534882	0
NOTE	681	28.2636432647705	0.916666686534882	0
NOTE	682	28.376314163208	0.666666686534882	0
NOTE	683	28.4879875183105	0.416666686534882	0
NOTE	684	31.9254760742188	1.0000000	0
NOTE	685	31.5311241149902	0.0000000	0
NOTE	686	32.4888381958008	0.0000000	0
NOTE	687	33.226203918457	0.666666686534882	0
NOTE	688	33.3236083984375	0.332289040088654	0
NOTE	689	33.4455451965332	0.0000000	0
NOTE	690	35.1134567260742	0.7500000	0
NOTE	691	35.1134567260742	0.5000000	0
NOTE	692	35.8971557617188	0.7500000	0
NOTE	693	35.8971557617188	0.2500000	0
NOTE	694	36.0661659240723	0.2500000	0
NOTE	695	35.9534950256348	0.2500000	0
NOTE	696	36.0098304748535	0.2500000	0
NOTE	697	35.9534950256348	0.7500000	0
NOTE	698	36.0098304748535	0.7500000	0
NOTE	699	36.5168533325195	0.583333373069763	0
NOTE	700	36.5168533325195	0.416666686534882	0
NOTE	701	38.5167770385742	0.541562259197235	0
NOTE	702	38.6294479370117	0.5000000	0
NOTE	703	38.8537940979004	0.583333373069763	0
NOTE	704	38.7429695129395	0.5426065325737	0
NOTE	705	38.5169525146484	0.458437740802765	0
NOTE	706	38.8537940979004	0.416666686534882	0
NOTE	707	38.6294479370117	0.5000000	0
NOTE	708	40.3196983337402	0.625104486942291	0
NOTE	709	40.4321975708008	0.5000000	0
NOTE	710	40.6565437316895	0.666666686534882	0
NOTE	711	40.5448722839355	0.583333373069763	0
NOTE	712	40.3195266723633	0.125104382634163	0
NOTE	713	40.4321975708008	0.0000000	0
NOTE	714	40.5448722839355	0.0833333358168602	0
NOTE	715	42.4662895202637	0.7500000	0.2243481
NOTE	716	45.6191024780273	0.333333343267441	0
NOTE	717	45.3947601318359	0.416666686534882	0
NOTE	718	45.5076103210449	0.374895632266998	0
NOTE	719	45.6191024780273	0.666666686534882	0
NOTE	720	45.3947601318359	0.833333373069763	0
NOTE	721	45.5074348449707	0.7500000	0
NOTE	722	45.8454475402832	0.416666686534882	0
NOTE	723	45.958122253418	0.333333343267441	0
NOTE	724	46.0697898864746	0.2500000	0
NOTE	725	46.0717887878418	0.16666667163372	0
NOTE	726	46.183464050293	0.0833333358168602	0
NOTE	727	46.2961349487305	0.0000000	0
NOTE	728	45.8454475402832	0.916666686534882	0
NOTE	729	45.958122253418	0.833333373069763	0
NOTE	730	46.0717887878418	0.666666686534882	0
NOTE	731	46.1834611575581	0.583333373069763	0
NOTE	732	46.2961349487305	0.5000000	0
NOTE	733	48.3805618286133	0.333333343267441	0
NOTE	734	48.3805618286133	0.666666686534882	0
NOTE	735	51.676212310791	0.7500000	0
NOTE	736	51.8041534423828	0.541562259197235	0
NOTE	737	41.5639189405353	0.16666667163372	0
NOTE	738	41.5639189405353	0.333333343267441	0
NOTE	739	53.7314758300781	0.7500000	0
NOTE	740	53.394458770752	0.583333373069763	0
NOTE	741	53.5634689331055	0.666666686534882	0
NOTE	742	53.394458770752	0.416666686534882	0
NOTE	743	53.5634689331055	0.333333343267441	0
NOTE	744	114.687927246094	0.333333343267441	0
NOTE	745	110.969760767928	0.7500000	0
NOTE	746	114.687927246094	0.0833333358168602	0
NOTE	747	117.617095947266	0.457184642553329	0
NOTE	748	59.8167533874512	0.583333373069763	0
NOTE	749	59.9294281005859	0.374895602464676	0
NOTE	750	60.0410957336426	0.16666667163372	0
NOTE	751	65.7601928710938	0.666666686534882	0
NOTE	752	65.9000244140625	0.5000000	0
NOTE	753	65.9020309448242	0.5000000	0
NOTE	754	66.1255264282227	0.375939905643463	0
NOTE	755	66.350715637207	0.2500000	0
NOTE	756	69.3656870446741	0.16666667163372	0
NOTE	757	81.1117248535156	0.7500000	0
NOTE	758	81.2233963012695	0.624895572662354	0
NOTE	759	81.2253952026367	0.626357614994049	0
NOTE	760	81.3370666503906	0.5000000	0
NOTE	761	83.4788360595703	0.666666686534882	0
NOTE	762	83.5905075073242	0.5000000	0
NOTE	763	85.252414346031	0.5000000	0
NOTE	764	86.6326446533203	0.333333343267441	0
NOTE	765	84.322868347168	0.16666667163372	0
NOTE	766	96.3224182128906	0.7500000	0
NOTE	767	96.4350891113281	0.583333373069763	0
NOTE	768	96.546760559082	0.416666686534882	0
NOTE	769	96.5487670898438	0.416666686534882	0
NOTE	770	96.6604385375977	0.333333343267441	0
NOTE	771	96.7731094360352	0.2500000	0
NOTE	772	98.5476929586491	0.5000000	0.1352062
NOTE	773	98.5476929586491	0.16666667163372	0.1352062
NOTE	774	120.377853393555	0.16666667163372	0
NOTE	775	125.279075622559	0.7500000	0
NOTE	776	125.390747070313	0.875313282012939	0
NOTE	777	125.392753601074	0.876984179019928	0
NOTE	778	125.504425048828	1.0000000	0
NOTE	779	125.729766845703	0.7500000	0
NOTE	780	145.052978515625	0.833333373069763	0
NOTE	781	145.222991943359	0.333333343267441	0
NOTE	782	145.2783203125	0.16666667163372	0
NOTE	783	54.971866607666	0.416666686534882	0
NOTE	784	55.0835380554199	0.7500000	0
NOTE	785	55.0282020568848	0.583333373069763	0
NOTE	786	55.0855369567871	0.7500000	0
NOTE	787	55.1690406799316	0.916666686534882	0
NOTE	788	55.5342254638672	0.416666686534882	0
NOTE	789	55.3517990112305	0.668755233287811	0
NOTE	790	55.704231262207	0.2500000	0.1352062
NOTE	791	101.730667114258	1.0000000	0
NOTE	792	101.787002563477	0.7500000	0
NOTE	793	101.730667114258	0.0000000	0
NOTE	794	101.787002563477	0.2500000	0
NOTE	795	101.955009460449	1.0000000	0
NOTE	796	101.843338012695	0.5000000	0
NOTE	797	101.955009460449	0.0000000	0
NOTE	798	101.899673461914	0.2500000	0
NOTE	799	101.843338012695	0.5000000	0
NOTE	800	101.899673461914	0.7500000	0
NOTE	801	121.044052124023	0.357351720333099	0
NOTE	802	121.138740539551	0.457184672355652	0
NOTE	803	121.238510131836	0.565580666065216	0
NOTE	804	121.983428955078	0.416666686534882	0
NOTE	805	122.067932128906	0.583333373069763	0
NOTE	806	122.152435302734	0.7500000	0
NOTE	807	60.323774735326	0.7500000	0
NOTE	808	60.436450958252	0.666666686534882	0
NOTE	809	60.7744621437733	0.7500000	0
NOTE	810	61.2533187866211	0.416666686534882	0
NOTE	811	61.3378219604492	0.7500000	0
NOTE	812	61.4504928588867	0.0833333358168602	0
NOTE	813	61.8438453674316	0.666666686534882	0
NOTE	814	61.550121307373	0.223893120884895	0
NOTE	815	61.6476707458496	0.375939846038818	0
NOTE	816	61.7465934753418	0.527986645698547	0
NOTE	817	61.8458442687988	0.666666686534882	0
NOTE	818	61.9575157165527	0.833333373069763	0
NOTE	819	36.9413746836119	0.7500000	0
NOTE	820	36.9413746836119	0.2500000	0
NOTE	821	54.3491681262134	0.5000000	0
NOTE	822	71.0809344611124	0.7500000	0
NOTE	823	71.0809344611124	0.2500000	0
NOTE	824	70.8555908203125	0.7500000	0
NOTE	825	70.8555908203125	0.2500000	0
NOTE	826	89.3337668104084	0.583333373069763	0
NOTE	827	95.1927032470703	0.666666686534882	0
NOTE	828	95.1927032470703	0.333333343267441	0
NOTE	829	130.571657117362	1.0000000	0.1126772
NOTE	830	130.571657117362	0.0000000	0.1126772
LINK 6 3 8 614 7
LINK 15 23 16 24 22
LINK 17 18 20 21 19
LINK 40 41 635 42
LINK 43 44 634 45
LINK 76 641 642 643 77
LINK 78 638 639 640 79
LINK 129 693 695 696 694
LINK 130 692 697 698 131
LINK 143 705 707 144 706
LINK 145 701 702 704 703
LINK 154 712 713 714 155
LINK 156 708 709 711 710
LINK 178 179 717 718 716
LINK 180 181 720 721 719
LINK 194 733 195
LINK 196 734 197
LINK 217 218 735 736 219
LINK 224 225 742 743 226
LINK 227 228 740 741 739
LINK 234 235 236
LINK 237 238 239
LINK 255 256 257
LINK 258 259 260
LINK 277 278 279
LINK 282 283
LINK 297 298 299
LINK 306 307
LINK 315 316 318 317
LINK 331 332
LINK 338 339
LINK 344 345
LINK 350 352 351
LINK 353 354 356 357 355
LINK 360 361
LINK 383 384 385
LINK 386 387 388
LINK 389 390 391
LINK 399 400 401
LINK 411 412 413
LINK 433 434
LINK 439 440 441
LINK 447 448 449
LINK 451 452 453
LINK 456 457 744 458
LINK 459 460 746 461
LINK 470 747 471
LINK 487 801 802 803 488
LINK 490 804 805 806 491
LINK 501 502 503
LINK 511 512 513
LINK 521 522 523
LINK 527 528 530 529
LINK 537 538 540 539
LINK 545 546
LINK 548 549
LINK 582 780 583
LINK 602 603 601
LINK 605 606 604
LINK 607 636 608
LINK 609 637 403
LINK 615 4 5 612 613
LINK 616 617 618
LINK 619 620 621
LINK 622 623 624 628 629 630
LINK 625 626 627 631 632 633
LINK 644 646 645
LINK 647 648 91
LINK 649 650 95
LINK 651 652 94
LINK 653 656 96
LINK 654 655 97
LINK 657 658 659
LINK 660 661 662 98 664 663
LINK 665 666 667
LINK 668 669 671 672 673
LINK 670 677 678
LINK 674 675 676
LINK 679 680 681 682 683
LINK 687 688 689
LINK 722 723 724
LINK 725 726 727
LINK 728 729 182
LINK 730 731 732
LINK 748 749 750
LINK 751 752
LINK 753 754 755
LINK 757 758
LINK 759 760
LINK 761 762 328
LINK 766 767 768
LINK 769 770 771
LINK 775 776
LINK 777 778 779
LINK 781 782
LINK 783 785 784
LINK 786 787 789 788
LINK 791 792 796 798 797
LINK 793 794 799 800 795
LINK 807 808
LINK 810 811
LINK 812 814 815 816 813
LINK 817 818
