VERSION 2
BPM 144.000000
PAGE_SHIFT -0.050000
PAGE_SIZE 0.833333
NOTE	0	1.769238	0.626880	0.000000
NOTE	1	1.975553	0.286967	0.000000
NOTE	2	2.081925	0.409148	0.000000
NOTE	3	2.183593	0.523496	0.000000
NOTE	4	2.392593	0.626880	0.000000
NOTE	5	2.497090	0.523496	0.000000
NOTE	6	2.706811	0.919643	0.000000
NOTE	7	2.810988	0.122337	0.000000
NOTE	8	2.915164	0.919643	0.000000
NOTE	9	3.019341	0.122337	0.000000
NOTE	10	3.226073	0.562657	0.000000
NOTE	11	3.437125	0.304198	0.000000
NOTE	12	3.646923	0.711466	0.000000
NOTE	13	3.748591	0.631579	0.000000
NOTE	14	3.850260	0.548559	0.000000
NOTE	15	4.057936	0.252506	0.000000
NOTE	16	4.163756	0.794486	0.000000
NOTE	17	4.373045	0.391917	0.000000
NOTE	18	4.476514	0.648810	0.000000
NOTE	19	4.685802	0.723997	0.000000
NOTE	20	4.685802	0.290100	0.000000
NOTE	21	4.890388	0.723997	0.000000
NOTE	22	4.890388	0.290100	0.000000
NOTE	23	5.103792	0.882206	0.000000
NOTE	24	5.310729	0.127193	0.000000
NOTE	25	5.414197	0.891604	0.000000
NOTE	26	5.517666	0.127193	0.000000
NOTE	27	5.724603	0.897870	0.000000
NOTE	28	5.830423	0.127193	0.000000
NOTE	29	6.040843	0.666040	0.000000
NOTE	30	6.145020	0.377820	0.000000
NOTE	31	6.249196	0.666040	0.000000
NOTE	32	6.353373	0.377820	0.000000
NOTE	33	6.559406	0.666040	0.000000
NOTE	34	6.561758	0.373120	0.000000
NOTE	35	6.770854	0.864975	0.000000
NOTE	36	6.977170	0.125627	0.000000
NOTE	37	7.083541	0.243108	0.000000
NOTE	38	7.185210	0.363722	0.000000
NOTE	39	7.394209	0.647243	0.000000
NOTE	40	7.498706	0.778822	0.000000
NOTE	41	7.707701	0.937030	0.000000
NOTE	42	7.809847	0.807018	0.000000
NOTE	43	8.019136	0.664474	0.000000
NOTE	44	8.021487	0.371554	0.000000
NOTE	45	8.226073	0.666040	0.000000
NOTE	46	8.228424	0.369987	0.000000
NOTE	47	8.437125	0.877506	0.000000
NOTE	48	8.538242	0.877506	0.000000
NOTE	49	8.746850	0.166353	0.000000
NOTE	50	8.852376	0.166353	0.000000
NOTE	51	9.058407	0.877506	0.000000
NOTE	52	9.159524	0.877506	0.000000
NOTE	53	9.371281	0.570489	0.000000
NOTE	54	9.476807	0.570489	0.000000
NOTE	55	9.686150	0.576754	0.000000
NOTE	56	9.893087	0.576754	0.000000
NOTE	57	10.099677	0.891604	0.000000
NOTE	58	10.205203	0.891604	0.000000
NOTE	59	10.411234	0.216479	0.000000
NOTE	60	10.512351	0.216479	0.000000
NOTE	61	10.725191	0.896303	0.000000
NOTE	62	10.830717	0.896303	0.000000
NOTE	63	11.036013	0.554825	0.000000
NOTE	64	11.137130	0.554825	0.000000
NOTE	65	11.350465	0.554825	0.000000
NOTE	66	11.559754	0.554825	0.000000
NOTE	67	11.764408	0.175752	0.000000
NOTE	68	11.865525	0.175752	0.000000
NOTE	69	11.973280	0.399749	0.000000
NOTE	70	12.078806	0.399749	0.000000
NOTE	71	12.182985	0.636278	0.000000
NOTE	72	12.284102	0.636278	0.000000
NOTE	73	12.391858	0.916667	0.000000
NOTE	74	12.497383	0.916667	0.000000
NOTE	75	12.601563	0.178885	0.000000
NOTE	76	12.707383	0.290100	0.000000
NOTE	77	12.810434	0.178885	0.000000
NOTE	78	12.915960	0.290100	0.000000
NOTE	79	13.020140	0.763158	0.000000
NOTE	80	13.121257	0.655075	0.000000
NOTE	81	13.226660	0.763158	0.000000
NOTE	82	13.332186	0.655075	0.000000
NOTE	83	13.435778	0.416980	0.000000
NOTE	84	13.536896	0.290100	0.000000
NOTE	85	13.642299	0.188283	0.000000
NOTE	86	13.747825	0.086466	0.000000
NOTE	87	13.852004	0.927632	0.000000
NOTE	88	13.955473	0.816416	0.000000
NOTE	89	14.058524	0.684837	0.000000
NOTE	90	14.164050	0.554825	0.000000
NOTE	91	14.270111	0.184787	0.000000
NOTE	92	14.371229	0.291527	0.000000
NOTE	93	14.476632	0.398267	0.000000
NOTE	94	14.582158	0.505007	0.000000
NOTE	95	14.686337	0.611747	0.000000
NOTE	96	14.789806	0.718487	0.000000
NOTE	97	14.892858	0.825227	0.000000
NOTE	98	14.998384	0.931967	0.000000
NOTE	99	15.103056	0.687970	0.000000
NOTE	100	15.309993	0.246241	0.000000
NOTE	101	15.413462	0.897870	0.000000
NOTE	102	15.516931	0.152256	0.000000
NOTE	103	15.723867	0.758459	0.000000
NOTE	104	15.829687	0.246241	0.000000
NOTE	105	16.041576	0.601817	0.000000
NOTE	106	16.145754	0.376253	0.000000
NOTE	107	16.249931	0.601817	0.000000
NOTE	108	16.354107	0.376253	0.000000
NOTE	109	16.562492	0.601817	0.000000
NOTE	110	16.562492	0.371554	0.000000
NOTE	111	16.769724	0.166353	0.000000
NOTE	112	16.976661	0.893170	0.000000
NOTE	113	17.080130	0.238409	0.000000
NOTE	114	17.183598	0.766291	0.000000
NOTE	115	17.390535	0.166353	0.000000
NOTE	116	17.496355	0.893170	0.000000
NOTE	117	17.707113	0.385652	0.000000
NOTE	118	17.810581	0.653509	0.000000
NOTE	119	18.019871	0.653509	0.000000
NOTE	120	18.019871	0.385652	0.000000
NOTE	121	18.224455	0.653509	0.000000
NOTE	122	18.224455	0.385652	0.000000
NOTE	123	18.437521	0.926065	0.000000
NOTE	124	18.643837	0.077068	0.000000
NOTE	125	18.750208	0.276003	0.000000
NOTE	126	18.851877	0.214912	0.000000
NOTE	127	19.060876	0.926065	0.000000
NOTE	128	19.165373	0.788221	0.000000
NOTE	129	19.372795	0.291325	0.000000
NOTE	130	19.476897	0.533896	0.000000
NOTE	131	19.580999	0.412610	0.000000
NOTE	132	19.685101	0.662565	0.000000
NOTE	133	19.891121	0.683271	0.000000
NOTE	134	19.893473	0.390351	0.000000
NOTE	135	20.105187	0.097068	0.000000
NOTE	136	20.311502	0.808221	0.000000
NOTE	137	20.417873	0.900639	0.000000
NOTE	138	20.519543	0.617118	0.000000
NOTE	139	20.728540	0.234912	0.000000
NOTE	140	20.833038	0.477707	0.000000
NOTE	141	21.043434	0.736635	0.000000
NOTE	142	21.147535	0.449980	0.000000
NOTE	143	21.355734	0.534567	0.000000
NOTE	144	21.563934	0.382625	0.000000
NOTE	145	21.769722	0.838346	0.000000
NOTE	146	21.769722	0.111529	0.000000
NOTE	147	21.976659	0.111529	0.000000
NOTE	148	22.080128	0.838346	0.000000
NOTE	149	22.183596	0.111529	0.000000
NOTE	150	22.390533	0.838346	0.000000
NOTE	151	22.496353	0.111529	0.000000
NOTE	152	22.601042	0.338317	0.000000
NOTE	153	22.705145	0.577979	0.000000
NOTE	154	22.809246	0.395380	0.000000
NOTE	155	22.913347	0.632804	0.000000
NOTE	156	23.020773	0.666040	0.000000
NOTE	157	23.020773	0.335526	0.000000
NOTE	158	23.229158	0.501566	0.000000
NOTE	159	23.438005	0.150689	0.000000
NOTE	160	23.438005	0.877506	0.000000
NOTE	161	23.644942	0.877506	0.000000
NOTE	162	23.748411	0.150689	0.000000
NOTE	163	23.851879	0.877506	0.000000
NOTE	164	24.058817	0.150689	0.000000
NOTE	165	24.164636	0.877506	0.000000
NOTE	166	24.371427	0.398183	0.000000
NOTE	167	24.474895	0.730263	0.000000
NOTE	168	24.684184	0.296366	0.000000
NOTE	169	24.684185	0.805451	0.000000
NOTE	170	24.893473	0.503133	0.000000
NOTE	171	25.104790	0.252143	0.000000
NOTE	172	25.314589	0.659411	0.000000
NOTE	173	25.416256	0.579524	0.000000
NOTE	174	25.517925	0.496504	0.000000
NOTE	175	25.725601	0.200451	0.000000
NOTE	176	25.831421	0.742431	0.000000
NOTE	177	26.041143	0.898916	0.000000
NOTE	178	26.145321	0.101610	0.000000
NOTE	179	26.249496	0.898916	0.000000
NOTE	180	26.353674	0.101610	0.000000
NOTE	181	26.560406	0.541930	0.000000
NOTE	182	26.772074	0.742794	0.000000
NOTE	183	26.979010	0.315163	0.000000
NOTE	184	27.082479	0.752193	0.000000
NOTE	185	27.185947	0.315163	0.000000
NOTE	186	27.392885	0.758459	0.000000
NOTE	187	27.498705	0.315163	0.000000
NOTE	188	27.706964	0.915100	0.000000
NOTE	189	27.706964	0.153822	0.000000
NOTE	190	27.812490	0.915100	0.000000
NOTE	191	27.812490	0.153822	0.000000
NOTE	192	28.019871	0.153822	0.000000
NOTE	193	28.019871	0.915100	0.000000
NOTE	194	28.224455	0.915100	0.000000
NOTE	195	28.224455	0.153822	0.000000
NOTE	196	28.439477	0.532895	0.000000
NOTE	197	28.538672	0.435519	0.000000
NOTE	198	28.642770	0.368163	0.000000
NOTE	199	28.746872	0.368163	0.000000
NOTE	200	28.850969	0.368163	0.000000
NOTE	201	28.955071	0.435519	0.000000
NOTE	202	29.059169	0.496609	0.000000
NOTE	203	29.271441	0.075501	0.000000
NOTE	204	29.375618	0.847744	0.000000
NOTE	205	29.479794	0.075501	0.000000
NOTE	206	29.583971	0.847744	0.000000
NOTE	207	29.683689	0.847744	0.000000
NOTE	208	29.789215	0.847744	0.000000
NOTE	209	29.893326	0.075501	0.000000
NOTE	210	29.998852	0.075501	0.000000
NOTE	211	30.105408	0.506266	0.000000
NOTE	212	30.312344	0.307018	0.000000
NOTE	213	30.415813	0.621839	0.000000
NOTE	214	30.522853	0.374345	0.000000
NOTE	215	30.626955	0.566790	0.000000
NOTE	216	30.731056	0.450204	0.000000
NOTE	217	30.835159	0.621839	0.000000
NOTE	218	31.040794	0.175752	0.000000
NOTE	219	31.144262	0.916667	0.000000
NOTE	220	31.350601	0.916667	0.000000
NOTE	221	31.454704	0.643679	0.000000
NOTE	222	31.558806	0.764964	0.000000
NOTE	223	31.662909	0.579232	0.000000
NOTE	224	31.773808	0.433847	0.000000
NOTE	225	31.873003	0.336472	0.000000
NOTE	226	31.977100	0.269116	0.000000
NOTE	227	32.081203	0.269116	0.000000
NOTE	228	32.185299	0.269116	0.000000
NOTE	229	32.289402	0.336472	0.000000
NOTE	230	32.393501	0.397562	0.000000
NOTE	231	32.708244	0.943296	0.000000
NOTE	232	32.812420	0.618891	0.000000
NOTE	233	32.916595	0.943296	0.000000
NOTE	234	33.020775	0.618891	0.000000
NOTE	235	33.226807	0.943296	0.000000
NOTE	236	33.226807	0.618891	0.000000
NOTE	237	33.436737	0.316729	0.000000
NOTE	238	33.643673	0.058271	0.000000
NOTE	239	33.747143	0.274436	0.000000
NOTE	240	33.849480	0.834871	0.000000
NOTE	241	33.953579	0.689717	0.000000
NOTE	242	34.057682	0.544562	0.000000
NOTE	243	34.161785	0.399408	0.000000
NOTE	244	34.371281	0.233709	0.000000
NOTE	245	34.476807	0.233709	0.000000
NOTE	246	34.683451	0.225877	0.314463
NOTE	247	35.104790	0.827017	0.000000
NOTE	248	35.205906	0.827017	0.000000
NOTE	249	35.362434	0.457343	0.000000
NOTE	250	35.467960	0.457343	0.000000
NOTE	251	35.726070	0.827017	0.000000
NOTE	252	35.827190	0.827017	0.000000
NOTE	253	36.038944	0.241178	0.000000
NOTE	254	36.144470	0.241178	0.000000
NOTE	255	36.353813	0.687607	0.000000
NOTE	256	36.560753	0.687607	0.000000
NOTE	257	36.767345	0.075138	0.000000
NOTE	258	36.872871	0.075138	0.000000
NOTE	259	37.078899	0.562293	0.000000
NOTE	260	37.180019	0.562293	0.000000
NOTE	261	37.392857	0.070439	0.000000
NOTE	262	37.498383	0.070439	0.000000
NOTE	263	37.703678	0.789843	0.000000
NOTE	264	37.703678	0.424449	0.000000
NOTE	265	37.804794	0.789843	0.000000
NOTE	266	37.804794	0.424449	0.000000
NOTE	267	38.018131	0.597174	0.000000
NOTE	268	38.227421	0.789843	0.000000
NOTE	269	38.227421	0.424449	0.000000
NOTE	270	38.435009	0.650376	0.000000
NOTE	271	38.435010	0.095138	0.000000
NOTE	272	38.540535	0.650376	0.000000
NOTE	273	38.540536	0.095138	0.000000
NOTE	274	38.748848	0.957393	0.000000
NOTE	275	38.748848	0.384925	0.000000
NOTE	276	38.854374	0.384925	0.000000
NOTE	277	38.854374	0.957393	0.000000
NOTE	278	39.060520	0.769424	0.000000
NOTE	279	39.060521	0.090439	0.000000
NOTE	280	39.166046	0.769424	0.000000
NOTE	281	39.166047	0.090439	0.000000
NOTE	282	39.371696	0.561090	0.000000
NOTE	283	39.475166	0.561090	0.000000
NOTE	284	39.688155	0.561090	0.309759
NOTE	285	40.109824	0.292975	0.000000
NOTE	286	40.205338	0.167662	0.000000
NOTE	287	40.309436	0.100306	0.000000
NOTE	288	40.413538	0.100306	0.000000
NOTE	289	40.517635	0.100306	0.000000
NOTE	290	40.621737	0.167662	0.000000
NOTE	291	40.725835	0.228752	0.000000
NOTE	292	40.829937	0.388527	0.000000
NOTE	293	40.937710	0.913640	0.000000
NOTE	294	41.041812	0.792354	0.000000
NOTE	295	41.145914	0.671069	0.000000
NOTE	296	41.250016	0.549783	0.000000
NOTE	297	41.354119	0.428498	0.000000
NOTE	298	41.458221	0.307213	0.000000
NOTE	299	41.562323	0.185927	0.000000
NOTE	300	41.666407	0.064642	0.000000
NOTE	301	41.768846	0.381830	0.000000
NOTE	302	41.873090	0.951504	0.000000
NOTE	303	41.977335	0.381830	0.000000
NOTE	304	42.081580	0.951504	0.000000
NOTE	305	42.185825	0.381830	0.000000
NOTE	306	42.290070	0.951504	0.000000
NOTE	307	42.394315	0.381830	0.000000
NOTE	308	42.498560	0.951504	0.000000
NOTE	309	42.603647	0.201692	0.000000
NOTE	310	42.707891	0.771366	0.000000
NOTE	311	42.812137	0.201692	0.000000
NOTE	312	42.916381	0.771366	0.000000
NOTE	313	43.020627	0.201692	0.000000
NOTE	314	43.124871	0.771366	0.000000
NOTE	315	43.229117	0.201692	0.000000
NOTE	316	43.333361	0.771366	0.000000
NOTE	317	43.437861	0.085777	0.000000
NOTE	318	43.542105	0.655451	0.000000
NOTE	319	43.646351	0.085777	0.000000
NOTE	320	43.750595	0.563033	0.000000
NOTE	321	43.854841	0.085777	0.000000
NOTE	322	43.959085	0.655451	0.000000
NOTE	323	44.063330	0.085777	0.000000
NOTE	324	44.167576	0.563033	0.000000
NOTE	325	44.270315	0.262782	0.000000
NOTE	326	44.374559	0.832456	0.000000
NOTE	327	44.478806	0.352068	0.000000
NOTE	328	44.583049	0.832456	0.000000
NOTE	329	44.687295	0.262782	0.000000
NOTE	330	44.791539	0.832456	0.000000
NOTE	331	44.895786	0.352068	0.000000
NOTE	332	45.000029	0.832456	0.000000
NOTE	333	45.102527	0.645677	0.000000
NOTE	334	45.206008	0.561090	0.000000
NOTE	335	45.309489	0.478070	0.000000
NOTE	336	45.412969	0.415414	0.000000
NOTE	337	45.516449	0.561090	0.000000
NOTE	338	45.619926	0.478070	0.000000
NOTE	339	45.723408	0.415414	0.000000
NOTE	340	45.826885	0.348058	0.000000
NOTE	341	45.941521	0.657481	0.000000
NOTE	342	46.050495	0.784255	0.000000
NOTE	343	46.146008	0.900381	0.000000
NOTE	344	46.250107	0.784255	0.000000
NOTE	345	46.351124	0.336472	0.000000
NOTE	346	46.460098	0.228177	0.000000
NOTE	347	46.555611	0.095138	0.000000
NOTE	348	46.659710	0.228177	0.000000
NOTE	349	46.770459	0.623747	0.000000
NOTE	350	46.865532	0.695908	0.000000
NOTE	351	46.969631	0.791459	0.000000
NOTE	352	47.073734	0.695908	0.000000
NOTE	353	47.177831	0.609755	0.000000
NOTE	354	47.281933	0.695908	0.000000
NOTE	355	47.386032	0.791459	0.000000
NOTE	356	47.490131	0.695908	0.000000
NOTE	357	47.600559	0.242522	0.000000
NOTE	358	47.707130	0.332643	0.000000
NOTE	359	47.810513	0.403404	0.000000
NOTE	360	47.914829	0.485902	0.000000
NOTE	361	48.016785	0.665204	0.000000
NOTE	362	48.122231	0.757873	0.000000
NOTE	363	48.225616	0.828362	0.000000
NOTE	364	48.329941	0.912698	0.000000
NOTE	365	48.437496	0.616646	0.000000
NOTE	366	48.437496	0.120723	0.206252
NOTE	367	48.541344	0.504113	0.000000
NOTE	368	48.644726	0.411445	0.000000
NOTE	369	48.852589	0.314577	0.000000
NOTE	370	48.852589	0.120723	0.207826
NOTE	371	48.956448	0.411445	0.000000
NOTE	372	49.059834	0.504113	0.000000
NOTE	373	49.271828	0.682321	0.000000
NOTE	374	49.271828	0.286400	0.205254
NOTE	375	49.375675	0.794854	0.000000
NOTE	376	49.479057	0.887522	0.000000
NOTE	377	49.686920	0.984390	0.000000
NOTE	378	49.686920	0.234708	0.206828
NOTE	379	49.790779	0.887522	0.000000
NOTE	380	49.894165	0.794854	0.000000
NOTE	381	50.104425	0.461457	0.000000
NOTE	382	50.104425	0.065535	0.205254
NOTE	383	50.208273	0.573989	0.000000
NOTE	384	50.311655	0.666657	0.000000
NOTE	385	50.519518	0.763525	0.000000
NOTE	386	50.519518	0.065535	0.206828
NOTE	387	50.623377	0.666657	0.000000
NOTE	388	50.726763	0.573989	0.000000
NOTE	389	50.936874	0.311462	0.205254
NOTE	390	50.936876	0.674489	0.000000
NOTE	391	51.040723	0.787022	0.000000
NOTE	392	51.144105	0.879690	0.000000
NOTE	393	51.351967	0.311462	0.206828
NOTE	394	51.351968	0.976558	0.000000
NOTE	395	51.455827	0.879690	0.000000
NOTE	396	51.559213	0.787022	0.000000
NOTE	397	51.773445	0.452440	0.000000
NOTE	398	51.773445	0.913901	0.205254
NOTE	399	51.877293	0.452440	0.000000
NOTE	400	51.980675	0.452440	0.000000
NOTE	401	52.188538	0.151688	0.000000
NOTE	402	52.188538	0.913901	0.206828
NOTE	403	52.292397	0.151688	0.000000
NOTE	404	52.395782	0.151688	0.000000
NOTE	405	52.607777	0.401951	0.000000
NOTE	406	52.607777	0.781959	0.205254
NOTE	407	52.711624	0.401951	0.000000
NOTE	408	52.815006	0.401951	0.000000
NOTE	409	53.022869	0.148192	0.000000
NOTE	410	53.022869	0.781959	0.206828
NOTE	411	53.126728	0.148192	0.000000
NOTE	412	53.230114	0.148192	0.000000
NOTE	413	53.437611	0.400952	0.000000
NOTE	414	53.541588	0.632419	0.000000
NOTE	415	53.645115	0.302268	0.000000
NOTE	416	53.852528	0.598321	0.000000
NOTE	417	53.956505	0.267807	0.000000
NOTE	418	54.060032	0.688810	0.000000
NOTE	419	54.271942	0.330100	0.000000
NOTE	420	54.375919	0.851353	0.000000
NOTE	421	54.479446	0.456980	0.000000
NOTE	422	54.686859	0.767130	0.000000
NOTE	423	54.790836	0.236115	0.000000
NOTE	424	54.894363	0.596028	0.000000
NOTE	425	55.102178	0.107707	0.000000
NOTE	426	55.206421	0.890414	0.000000
NOTE	427	55.310667	0.107707	0.000000
NOTE	428	55.414913	0.890414	0.000000
NOTE	429	55.519157	0.107707	0.000000
NOTE	430	55.623402	0.890414	0.000000
NOTE	431	55.727647	0.107707	0.000000
NOTE	432	55.831890	0.890414	0.000000
NOTE	433	55.936980	0.211090	0.000000
NOTE	434	56.041223	0.780764	0.000000
NOTE	435	56.145469	0.211090	0.000000
NOTE	436	56.249713	0.780764	0.000000
NOTE	437	56.353959	0.211090	0.000000
NOTE	438	56.458203	0.780764	0.000000
NOTE	439	56.562449	0.211090	0.000000
NOTE	440	56.666693	0.780764	0.000000
NOTE	441	56.768848	0.440582	0.000000
NOTE	442	56.872948	0.570345	0.000000
NOTE	443	56.977047	0.440582	0.000000
NOTE	444	57.081147	0.570345	0.000000
NOTE	445	57.185246	0.440582	0.000000
NOTE	446	57.289345	0.570345	0.000000
NOTE	447	57.393448	0.440582	0.000000
NOTE	448	57.497547	0.570345	0.000000
NOTE	449	57.608188	0.721704	0.000000
NOTE	450	57.717163	0.803052	0.000000
NOTE	451	57.812675	0.892549	0.000000
NOTE	452	57.916775	0.803052	0.000000
NOTE	453	58.017792	0.344304	0.000000
NOTE	454	58.126766	0.236009	0.000000
NOTE	455	58.222279	0.156228	0.000000
NOTE	456	58.326378	0.236009	0.000000
NOTE	457	58.435860	0.764881	0.000000
NOTE	458	58.539341	0.701310	0.000000
NOTE	459	58.642822	0.605759	0.000000
NOTE	460	58.746300	0.511718	0.000000
NOTE	461	58.849781	0.701310	0.000000
NOTE	462	58.953259	0.701310	0.000000
NOTE	463	59.056740	0.701310	0.000000
NOTE	464	59.160217	0.701310	0.000000
NOTE	465	59.266001	0.871241	0.000000
NOTE	466	59.370178	0.454574	0.000000
NOTE	467	59.474355	0.871241	0.000000
NOTE	468	59.578758	0.335526	0.000000
NOTE	469	59.682708	0.871241	0.000000
NOTE	470	59.787113	0.454574	0.000000
NOTE	471	59.891289	0.871241	0.000000
NOTE	472	59.995464	0.335526	0.000000
NOTE	473	60.100335	0.738672	0.000000
NOTE	474	60.204510	0.176398	0.000000
NOTE	475	60.308686	0.738672	0.000000
NOTE	476	60.413090	0.090175	0.000000
NOTE	477	60.517041	0.738672	0.000000
NOTE	478	60.621445	0.176398	0.000000
NOTE	479	60.725621	0.738672	0.000000
NOTE	480	60.829796	0.090175	0.000000
NOTE	481	60.944626	0.415312	0.000000
NOTE	482	61.040140	0.540626	0.000000
NOTE	483	61.144237	0.607982	0.000000
NOTE	484	61.248339	0.607982	0.000000
NOTE	485	61.352437	0.607982	0.000000
NOTE	486	61.456539	0.540626	0.000000
NOTE	487	61.560637	0.479536	0.000000
NOTE	488	61.664739	0.319761	0.000000
NOTE	489	61.770130	0.654348	0.000000
NOTE	490	61.879105	0.735696	0.000000
NOTE	491	61.974621	0.828861	0.000000
NOTE	492	62.078716	0.735696	0.000000
NOTE	493	62.183683	0.828861	0.000000
NOTE	494	62.287537	0.731993	0.000000
NOTE	495	62.390923	0.639325	0.000000
NOTE	496	62.495246	0.526792	0.000000
NOTE	497	62.604462	0.326568	0.000000
NOTE	498	62.713436	0.152056	0.000000
NOTE	499	62.808952	0.245220	0.000000
NOTE	500	62.913048	0.326568	0.000000
NOTE	501	63.018013	0.152056	0.000000
NOTE	502	63.121868	0.248924	0.000000
NOTE	503	63.225254	0.341592	0.000000
NOTE	504	63.329578	0.245220	0.000000
NOTE	505	63.438793	0.655828	0.000000
NOTE	506	63.547768	0.770426	0.000000
NOTE	507	63.643284	0.863591	0.000000
NOTE	508	63.747379	0.944939	0.000000
NOTE	509	63.852345	0.944939	0.000000
NOTE	510	63.956200	0.828134	0.000000
NOTE	511	64.059586	0.687406	0.000000
NOTE	512	64.163910	0.569105	0.000000
NOTE	513	64.273125	0.392626	0.000000
NOTE	514	64.382103	0.278028	0.000000
NOTE	515	64.477615	0.184864	0.000000
NOTE	516	64.581711	0.103516	0.000000
NOTE	517	64.686676	0.103516	0.000000
NOTE	518	64.790535	0.220321	0.000000
NOTE	519	64.893921	0.361048	0.000000
NOTE	520	64.998245	0.479350	0.000000
NOTE	521	65.099410	0.241541	0.000000
NOTE	522	65.203113	0.813283	0.000000
NOTE	523	65.306817	0.150689	0.000000
NOTE	524	65.410520	0.901003	0.000000
NOTE	525	65.520339	0.229010	0.000000
NOTE	526	65.624039	0.778822	0.000000
NOTE	527	65.727745	0.138158	0.000000
NOTE	528	65.831449	0.888471	0.000000
NOTE	529	65.939331	0.372431	0.000000
NOTE	530	66.043571	0.633521	0.000000
NOTE	531	66.147820	0.372431	0.000000
NOTE	532	66.252068	0.633521	0.000000
NOTE	533	66.356308	0.372431	0.000000
NOTE	534	66.460556	0.633521	0.000000
NOTE	535	66.564796	0.372431	0.000000
NOTE	536	66.669044	0.633521	0.000000
NOTE	537	66.776492	0.264780	0.000000
NOTE	538	66.872006	0.139467	0.000000
NOTE	539	66.976104	0.072111	0.000000
NOTE	540	67.080206	0.072111	0.000000
NOTE	541	67.184303	0.072111	0.000000
NOTE	542	67.288405	0.139467	0.000000
NOTE	543	67.392503	0.200557	0.000000
NOTE	544	67.496605	0.360331	0.000000
NOTE	545	67.604817	0.561717	0.000000
NOTE	546	67.655640	0.708960	0.000000
NOTE	547	67.707806	0.875000	0.000000
NOTE	548	67.759961	0.943922	0.000000
NOTE	549	67.812127	0.943922	0.000000
NOTE	550	67.864285	0.875000	0.000000
NOTE	551	67.916444	0.793546	0.000000
NOTE	552	67.968605	0.708960	0.000000
NOTE	553	68.015427	0.607143	0.000000
NOTE	554	68.067596	0.708960	0.000000
NOTE	555	68.119751	0.793546	0.000000
NOTE	556	68.171913	0.793546	0.000000
NOTE	557	68.224075	0.708960	0.000000
NOTE	558	68.276230	0.633772	0.000000
NOTE	559	68.328392	0.401942	0.000000
NOTE	560	68.644775	0.175752	0.250000
NOTE	561	69.062637	0.175752	0.154029
NOTE	562	69.479111	0.366491	0.250000
NOTE	563	69.896973	0.366491	0.153027
NOTE	564	70.313438	0.508672	0.250000
NOTE	565	70.731300	0.508672	0.152033
NOTE	566	71.147766	0.674348	0.250000
NOTE	567	71.565628	0.674348	0.151039
NOTE	568	71.975044	0.822794	0.262457
NOTE	569	72.392906	0.822794	0.157094
NOTE	570	72.809372	0.668922	0.262457
NOTE	571	73.227234	0.668922	0.156100
NOTE	572	73.643700	0.504085	0.262457
NOTE	573	74.061562	0.504085	0.155105
NOTE	574	74.478035	0.394073	0.262457
NOTE	575	74.895897	0.394073	0.154103
NOTE	576	75.312363	0.199474	0.262457
NOTE	577	75.730225	0.199474	0.153109
NOTE	578	76.143173	0.412281	0.000000
NOTE	579	76.561756	0.412281	0.000000
NOTE	580	76.977509	0.612419	0.000000
NOTE	581	77.396088	0.612419	0.000000
NOTE	582	77.811836	0.821955	0.000000
NOTE	583	78.230415	0.821955	0.000000
NOTE	584	78.646164	0.577231	0.000000
NOTE	585	79.064743	0.577231	0.000000
NOTE	586	79.480499	0.170852	0.000000
NOTE	587	79.899078	0.170852	0.000000
NOTE	588	80.110817	0.720244	0.000000
NOTE	589	80.206337	0.845557	0.000000
NOTE	590	80.310432	0.912913	0.000000
NOTE	591	80.414536	0.912913	0.000000
NOTE	592	80.518631	0.912913	0.000000
NOTE	593	80.622734	0.845557	0.000000
NOTE	594	80.726830	0.784467	0.000000
NOTE	595	80.830933	0.624692	0.000000
NOTE	596	80.939148	0.434524	0.000000
NOTE	597	80.989967	0.287281	0.000000
NOTE	598	81.042137	0.121241	0.000000
NOTE	599	81.094292	0.063233	0.000000
NOTE	600	81.146461	0.063233	0.000000
NOTE	601	81.198616	0.121241	0.000000
NOTE	602	81.250771	0.202694	0.000000
NOTE	603	81.302933	0.287281	0.000000
NOTE	604	81.349754	0.389098	0.000000
NOTE	605	81.401924	0.287281	0.000000
NOTE	606	81.454079	0.202694	0.000000
NOTE	607	81.506241	0.202694	0.000000
NOTE	608	81.558403	0.287281	0.000000
NOTE	609	81.610558	0.362469	0.000000
NOTE	610	81.662720	0.594298	0.000000
NOTE	611	81.772049	0.895940	0.000000
NOTE	612	81.871727	0.793434	0.000000
NOTE	613	81.975739	0.690050	0.000000
NOTE	614	82.189796	0.875940	0.000000
NOTE	615	82.289474	0.773434	0.000000
NOTE	616	82.393486	0.670050	0.000000
NOTE	617	82.606117	0.339536	0.000000
NOTE	618	82.705788	0.442043	0.000000
NOTE	619	82.809799	0.545426	0.000000
NOTE	620	83.023857	0.339536	0.000000
NOTE	621	83.123535	0.462043	0.000000
NOTE	622	83.227547	0.565426	0.000000
NOTE	623	83.437981	0.226253	0.000000
NOTE	624	83.541855	0.846554	0.000000
NOTE	625	83.645729	0.226253	0.000000
NOTE	626	83.853165	0.846554	0.000000
NOTE	627	83.957039	0.226253	0.000000
NOTE	628	84.060913	0.846554	0.000000
NOTE	629	84.272789	0.060714	0.000000
NOTE	630	84.376656	0.624123	0.000000
NOTE	631	84.480530	0.060714	0.000000
NOTE	632	84.687965	0.624123	0.000000
NOTE	633	84.791840	0.323559	0.000000
NOTE	634	84.895714	0.624123	0.000000
NOTE	635	85.100089	0.150689	0.000000
NOTE	636	85.205902	0.150689	0.000000
NOTE	637	85.310724	0.832080	0.000000
NOTE	638	85.516312	0.832080	0.000000
NOTE	639	85.622131	0.832080	0.000000
NOTE	640	85.726952	0.150689	0.000000
NOTE	641	85.933792	0.340226	0.000000
NOTE	642	86.039612	0.470238	0.000000
NOTE	643	86.144432	0.591165	0.000000
NOTE	644	86.350021	0.718045	0.000000
NOTE	645	86.455841	0.591165	0.000000
NOTE	646	86.560661	0.470238	0.000000
NOTE	647	86.773666	0.134336	0.000000
NOTE	648	86.873344	0.236842	0.000000
NOTE	649	86.977356	0.340226	0.000000
NOTE	650	87.186714	0.754962	0.000000
NOTE	651	87.291092	0.650890	0.000000
NOTE	652	87.395103	0.547506	0.000000
NOTE	653	87.601039	0.104921	0.000000
NOTE	654	87.705140	0.347492	0.000000
NOTE	655	87.809242	0.226207	0.000000
NOTE	656	87.913344	0.476162	0.000000
NOTE	657	88.019615	0.910059	0.000000
NOTE	658	88.123718	0.667489	0.000000
NOTE	659	88.227821	0.788774	0.000000
NOTE	660	88.331924	0.538819	0.000000
NOTE	661	88.436371	0.217356	0.000000
NOTE	662	88.641190	0.217356	0.000000
NOTE	663	88.748314	0.217356	0.000000
NOTE	664	88.953896	0.217356	0.000000
NOTE	665	89.058815	0.217356	0.000000
NOTE	666	89.270706	0.472318	0.000000
NOTE	667	89.475525	0.472318	0.000000
NOTE	668	89.582649	0.472318	0.000000
NOTE	669	89.788231	0.472318	0.000000
NOTE	670	89.998558	0.472318	0.000000
NOTE	671	90.105034	0.677155	0.000000
NOTE	672	90.312103	0.672306	0.000000
NOTE	673	90.415634	0.672306	0.000000
NOTE	674	90.622704	0.673872	0.000000
NOTE	675	90.726234	0.677155	0.000000
NOTE	676	90.939362	0.919586	0.000000
NOTE	677	91.146431	0.919586	0.000000
NOTE	678	91.249962	0.919586	0.000000
NOTE	679	91.457031	0.919586	0.000000
NOTE	680	91.664749	0.919586	0.000000
NOTE	681	91.767667	0.401942	0.000000
NOTE	682	91.837006	0.223371	0.000000
NOTE	683	91.906350	0.163847	0.000000
NOTE	684	91.975682	0.223371	0.000000
NOTE	685	92.045021	0.298559	0.000000
NOTE	686	92.114365	0.401942	0.000000
NOTE	687	92.183707	0.298559	0.000000
NOTE	688	92.253049	0.223371	0.000000
NOTE	689	92.322390	0.163847	0.000000
NOTE	690	92.391731	0.254699	0.000000
NOTE	691	92.461067	0.401942	0.000000
NOTE	692	92.601043	0.578947	0.000000
NOTE	693	92.646754	0.611842	0.000000
NOTE	694	92.692467	0.657268	0.000000
NOTE	695	92.738174	0.718358	0.000000
NOTE	696	92.783882	0.751253	0.000000
NOTE	697	92.829597	0.796679	0.000000
NOTE	698	92.875305	0.828008	0.000000
NOTE	699	92.921013	0.828008	0.000000
NOTE	700	92.966721	0.796679	0.000000
NOTE	701	93.012436	0.751253	0.000000
NOTE	702	93.058144	0.691729	0.000000
NOTE	703	93.103851	0.611842	0.000000
NOTE	704	93.149567	0.535558	0.000000
NOTE	705	93.195274	0.461466	0.000000
NOTE	706	93.240982	0.370614	0.000000
NOTE	707	93.286697	0.251566	0.000000
NOTE	708	93.332405	0.152882	0.000000
NOTE	709	93.855700	0.498434	0.000000
NOTE	710	94.060286	0.666040	0.000000
NOTE	711	94.166106	0.332393	0.000000
NOTE	712	94.269577	0.869674	0.000000
NOTE	713	94.373047	0.164787	0.000000
NOTE	714	94.476514	0.977757	0.000000
NOTE	715	94.579983	0.166353	0.417931
NOTE	716	95.101436	0.435777	0.000000
NOTE	717	95.102074	0.878123	0.000000
NOTE	718	95.205917	0.878123	0.000000
NOTE	719	95.309303	0.878123	0.000000
NOTE	720	95.520013	0.432644	0.000000
NOTE	721	95.521866	0.878123	0.000000
NOTE	722	95.625725	0.878123	0.000000
NOTE	723	95.729111	0.878123	0.000000
NOTE	724	95.933150	0.239975	0.000000
NOTE	725	95.933151	0.737146	0.000000
NOTE	726	96.037628	0.737146	0.000000
NOTE	727	96.141014	0.737146	0.000000
NOTE	728	96.351728	0.236842	0.000000
NOTE	729	96.351730	0.737146	0.000000
NOTE	730	96.457436	0.737146	0.000000
NOTE	731	96.560829	0.737146	0.000000
NOTE	732	96.767487	0.118997	0.000000
NOTE	733	96.767487	0.595805	0.000000
NOTE	734	96.871964	0.595805	0.000000
NOTE	735	96.975349	0.595805	0.000000
NOTE	736	97.186058	0.115865	0.000000
NOTE	737	97.186058	0.595805	0.000000
NOTE	738	97.291771	0.595805	0.000000
NOTE	739	97.395157	0.595805	0.000000
NOTE	740	97.603539	0.266604	0.000000
NOTE	741	97.603539	0.876307	0.000000
NOTE	742	97.707390	0.876307	0.000000
NOTE	743	97.810768	0.876307	0.000000
NOTE	744	98.018631	0.266604	0.000000
NOTE	745	98.018632	0.876307	0.000000
NOTE	746	98.122491	0.779439	0.000000
NOTE	747	98.225877	0.686771	0.000000
NOTE	748	98.435631	0.339536	0.000000
NOTE	749	98.535309	0.451955	0.000000
NOTE	750	98.639320	0.554461	0.000000
NOTE	751	98.853378	0.451955	0.000000
NOTE	752	98.953056	0.554461	0.000000
NOTE	753	99.057068	0.657845	0.000000
NOTE	754	99.267120	0.169486	0.000000
NOTE	755	99.267124	0.832697	0.000000
NOTE	756	99.370964	0.297932	0.000000
NOTE	757	99.370968	0.832697	0.000000
NOTE	758	99.474350	0.169486	0.000000
NOTE	759	99.474354	0.832697	0.000000
NOTE	760	99.686913	0.297932	0.000000
NOTE	761	99.686916	0.832697	0.000000
NOTE	762	99.790771	0.169486	0.000000
NOTE	763	99.790775	0.832697	0.000000
NOTE	764	99.894161	0.832697	0.000000
NOTE	765	99.894165	0.297932	0.000000
NOTE	766	100.103794	0.489141	0.000000
NOTE	767	100.207893	0.618903	0.000000
NOTE	768	100.311993	0.489141	0.000000
NOTE	769	100.416093	0.618903	0.000000
NOTE	770	100.520191	0.489141	0.000000
NOTE	771	100.624290	0.618903	0.000000
NOTE	772	100.728393	0.489141	0.000000
NOTE	773	100.832493	0.618903	0.000000
NOTE	774	100.936363	0.289048	0.000000
NOTE	775	101.036041	0.196993	0.000000
NOTE	776	101.140053	0.093609	0.000000
NOTE	777	101.354111	0.900639	0.000000
NOTE	778	101.453789	0.796567	0.000000
NOTE	779	101.557800	0.683784	0.000000
NOTE	780	101.770459	0.332393	0.000000
NOTE	781	101.873861	0.198990	0.000000
NOTE	782	101.977260	0.131634	0.000000
NOTE	783	102.080659	0.131634	0.000000
NOTE	784	102.184058	0.131634	0.000000
NOTE	785	102.287457	0.198990	0.000000
NOTE	786	102.390856	0.260081	0.000000
NOTE	787	102.494253	0.419855	0.000000
NOTE	788	102.601639	0.908835	0.000000
NOTE	789	102.705124	0.824248	0.000000
NOTE	790	102.808601	0.741228	0.000000
NOTE	791	103.015564	0.741228	0.000000
NOTE	792	103.119041	0.824248	0.000000
NOTE	793	103.222519	0.908835	0.000000
NOTE	794	103.436287	0.324420	0.000000
NOTE	795	103.540375	0.625016	0.000000
NOTE	796	103.644465	0.245473	0.000000
NOTE	797	103.748550	0.546068	0.000000
NOTE	798	103.852643	0.166526	0.000000
NOTE	799	103.956734	0.467121	0.000000
NOTE	800	104.060820	0.087578	0.000000
NOTE	801	104.164909	0.413863	0.000000
NOTE	802	104.270622	0.705949	0.000000
NOTE	803	104.374710	0.287716	0.000000
NOTE	804	104.478798	0.784897	0.000000
NOTE	805	104.582886	0.366664	0.000000
NOTE	806	104.686974	0.863844	0.000000
NOTE	807	104.791061	0.445611	0.000000
NOTE	808	104.895157	0.942791	0.000000
NOTE	809	104.999245	0.524558	0.000000
NOTE	810	105.106712	0.291045	0.000000
NOTE	811	105.215691	0.124900	0.000000
NOTE	812	105.311203	0.291045	0.000000
NOTE	813	105.415298	0.124900	0.000000
NOTE	814	105.516319	0.848584	0.000000
NOTE	815	105.625290	0.690270	0.000000
NOTE	816	105.720810	0.848584	0.000000
NOTE	817	105.824905	0.690270	0.000000
NOTE	818	105.941521	0.444343	0.000000
NOTE	819	106.050491	0.304932	0.000000
NOTE	820	106.146011	0.444343	0.000000
NOTE	821	106.250107	0.304932	0.000000
NOTE	822	106.351124	0.604329	0.000000
NOTE	823	106.460098	0.757626	0.000000
NOTE	824	106.555611	0.604329	0.000000
NOTE	825	106.659714	0.757626	0.000000
NOTE	826	106.776492	0.280444	0.000000
NOTE	827	106.872006	0.155131	0.000000
NOTE	828	106.976104	0.087775	0.000000
NOTE	829	107.080206	0.087775	0.000000
NOTE	830	107.184303	0.087775	0.000000
NOTE	831	107.288405	0.155131	0.000000
NOTE	832	107.392503	0.216221	0.000000
NOTE	833	107.496605	0.375995	0.000000
NOTE	834	107.613640	0.546421	0.000000
NOTE	835	107.709152	0.671735	0.000000
NOTE	836	107.813255	0.739091	0.000000
NOTE	837	107.917358	0.739091	0.000000
NOTE	838	108.021454	0.739091	0.000000
NOTE	839	108.125557	0.671735	0.000000
NOTE	840	108.229652	0.610644	0.000000
NOTE	841	108.434555	0.817619	0.000000
NOTE	842	108.643219	0.291303	0.000000
NOTE	843	108.749588	0.419114	0.000000
NOTE	844	108.851257	0.817619	0.000000
NOTE	845	108.851257	0.538732	0.000000
NOTE	846	109.060257	0.473008	0.000000
NOTE	847	109.164757	0.364860	0.000000
NOTE	848	109.267227	0.904135	0.000000
NOTE	849	109.371179	0.081425	0.000000
NOTE	850	109.475281	0.248808	0.000000
NOTE	851	109.579384	0.127523	0.000000
NOTE	852	109.688148	0.904135	0.000000
NOTE	853	109.688148	0.299157	0.000000
NOTE	854	109.895683	0.042265	0.000000
NOTE	855	110.101433	0.832080	0.000000
NOTE	856	110.309143	0.446314	0.000000
NOTE	857	110.415512	0.543496	0.000000
NOTE	858	110.517181	0.832080	0.000000
NOTE	859	110.517181	0.662479	0.000000
NOTE	860	110.726181	0.488672	0.000000
NOTE	861	110.830681	0.628018	0.000000
NOTE	862	110.936249	0.955827	0.000000
NOTE	863	111.037994	0.085005	0.000000
NOTE	864	111.142097	0.316835	0.000000
NOTE	865	111.350296	0.955827	0.000000
NOTE	866	111.350296	0.202487	0.000000
NOTE	867	111.558495	0.345030	0.000000
NOTE	868	111.771851	0.097068	0.000000
NOTE	869	111.978172	0.767494	0.000000
NOTE	870	112.084541	0.568559	0.000000
NOTE	871	112.184333	0.086466	0.000000
NOTE	872	112.184334	0.629649	0.000000
NOTE	873	112.395211	0.097068	0.000000
NOTE	874	112.499703	0.234912	0.000000
NOTE	875	112.602905	0.832080	0.000000
NOTE	876	112.705505	0.375548	0.000000
NOTE	877	112.809608	0.542931	0.000000
NOTE	878	112.913712	0.375548	0.000000
NOTE	879	113.022476	0.832080	0.000000
NOTE	880	113.022476	0.478931	0.000000
NOTE	881	113.230011	0.312891	0.000000
NOTE	882	113.439514	0.150689	0.000000
NOTE	883	113.645836	0.632419	0.000000
NOTE	884	113.752205	0.732669	0.000000
NOTE	885	113.853874	0.150689	0.000000
NOTE	886	113.853874	0.525902	0.000000
NOTE	887	114.062874	0.732669	0.000000
NOTE	888	114.167367	0.497707	0.000000
NOTE	889	114.269577	0.081767	0.000000
NOTE	890	114.377769	0.394792	0.000000
NOTE	891	114.481865	0.283577	0.000000
NOTE	892	114.688156	0.951128	0.000000
NOTE	893	114.688156	0.802061	0.000000
NOTE	894	114.898270	0.664216	0.000000
NOTE	895	115.100410	0.291409	0.000000
NOTE	896	115.101433	0.506266	0.208984
NOTE	897	115.308846	0.125369	0.000000
NOTE	898	115.413063	0.097173	0.000000
NOTE	899	115.517281	0.097173	0.000000
NOTE	900	115.517281	0.506266	0.209803
NOTE	901	115.725716	0.244416	0.000000
NOTE	902	115.829933	0.386960	0.000000
NOTE	903	115.933891	0.615915	0.209859
NOTE	904	116.040138	0.740970	0.000000
NOTE	905	116.144234	0.922675	0.000000
NOTE	906	116.248337	0.740970	0.000000
NOTE	907	116.352440	0.922675	0.000000
NOTE	908	116.352440	0.615915	0.207977
NOTE	909	116.560638	0.740970	0.000000
NOTE	910	116.664742	0.922675	0.000000
NOTE	911	116.768694	0.272612	0.000000
NOTE	912	116.769717	0.487469	0.208984
NOTE	913	116.977129	0.106572	0.000000
NOTE	914	117.081347	0.078376	0.000000
NOTE	915	117.185564	0.078376	0.000000
NOTE	916	117.185564	0.487469	0.209803
NOTE	917	117.394000	0.225619	0.000000
NOTE	918	117.498217	0.368163	0.000000
NOTE	919	117.600554	0.664474	0.209862
NOTE	920	117.705391	0.945175	0.000000
NOTE	921	117.809494	0.830620	0.000000
NOTE	922	118.019131	0.664474	0.207949
NOTE	923	118.019135	0.945175	0.000000
NOTE	924	118.225891	0.830620	0.000000
NOTE	925	118.433007	0.275745	0.000000
NOTE	926	118.434029	0.490602	0.208984
NOTE	927	118.641442	0.109705	0.000000
NOTE	928	118.745659	0.081509	0.000000
NOTE	929	118.849877	0.081509	0.000000
NOTE	930	118.849877	0.490602	0.209803
NOTE	931	119.058312	0.228752	0.000000
NOTE	932	119.162530	0.371296	0.000000
NOTE	933	119.268227	0.635915	0.209859
NOTE	934	119.374474	0.760970	0.000000
NOTE	935	119.478570	0.942675	0.000000
NOTE	936	119.582673	0.760970	0.000000
NOTE	937	119.686776	0.942675	0.000000
NOTE	938	119.686776	0.635915	0.207977
NOTE	939	119.894974	0.760970	0.000000
NOTE	940	119.999077	0.942675	0.000000
NOTE	941	120.103045	0.399749	0.208984
NOTE	942	120.109820	0.244416	0.000000
NOTE	943	120.205334	0.119103	0.000000
NOTE	944	120.309432	0.051747	0.000000
NOTE	945	120.413534	0.051747	0.000000
NOTE	946	120.517631	0.051747	0.000000
NOTE	947	120.518893	0.399749	0.209803
NOTE	948	120.621733	0.119103	0.000000
NOTE	949	120.725831	0.180193	0.000000
NOTE	950	120.829933	0.339968	0.000000
NOTE	951	120.935799	0.669800	0.000000
NOTE	952	120.935799	0.571851	0.204785
NOTE	953	120.986626	0.790413	0.000000
NOTE	954	121.038788	0.840539	0.000000
NOTE	955	121.090942	0.921993	0.000000
NOTE	956	121.143112	0.893797	0.000000
NOTE	957	121.195267	0.840539	0.000000
NOTE	958	121.247429	0.748747	0.000000
NOTE	959	121.295593	0.669800	0.000000
NOTE	960	121.346413	0.724781	0.000000
NOTE	961	121.346413	0.571851	0.206360
NOTE	962	121.398582	0.819706	0.000000
NOTE	963	121.450737	0.901159	0.000000
NOTE	964	121.502899	0.901159	0.000000
NOTE	965	121.555061	0.831297	0.000000
NOTE	966	121.607216	0.748747	0.000000
NOTE	967	121.659378	0.666667	0.000000
NOTE	968	121.770020	0.161760	0.000000
NOTE	969	121.865534	0.280807	0.000000
NOTE	970	121.969627	0.161760	0.000000
NOTE	971	122.073733	0.280807	0.000000
NOTE	972	122.177834	0.161760	0.000000
NOTE	973	122.281933	0.280807	0.000000
NOTE	974	122.386032	0.161760	0.000000
NOTE	975	122.490132	0.280807	0.000000
NOTE	976	122.603645	0.491479	0.000000
NOTE	977	122.707886	0.855952	0.000000
NOTE	978	122.812134	0.491479	0.000000
NOTE	979	122.916374	0.855952	0.000000
NOTE	980	123.020622	0.491479	0.000000
NOTE	981	123.124870	0.855952	0.000000
NOTE	982	123.229111	0.491479	0.000000
NOTE	983	123.333359	0.855952	0.000000
NOTE	984	123.435510	0.711842	0.000000
NOTE	985	123.539754	0.142168	0.000000
NOTE	986	123.644000	0.711842	0.000000
NOTE	987	123.748244	0.142168	0.000000
NOTE	988	123.852489	0.711842	0.000000
NOTE	989	123.956734	0.142168	0.000000
NOTE	990	124.060979	0.711842	0.000000
NOTE	991	124.165224	0.142168	0.000000
NOTE	992	124.272667	0.896679	0.000000
NOTE	993	124.376907	0.444486	0.000000
NOTE	994	124.481157	0.896679	0.000000
NOTE	995	124.585403	0.502444	0.000000
NOTE	996	124.689646	0.896679	0.000000
NOTE	997	124.793892	0.400627	0.000000
NOTE	998	124.898136	0.896679	0.000000
NOTE	999	125.002380	0.502444	0.000000
NOTE	1000	125.101440	0.700814	0.000000
NOTE	1001	125.101440	0.089705	0.000000
NOTE	1002	125.205544	0.219467	0.000000
NOTE	1003	125.309639	0.089705	0.000000
NOTE	1004	125.413742	0.219467	0.000000
NOTE	1005	125.517838	0.700814	0.000000
NOTE	1006	125.517838	0.089705	0.000000
NOTE	1007	125.621941	0.219467	0.000000
NOTE	1008	125.726044	0.089705	0.000000
NOTE	1009	125.830139	0.219467	0.000000
NOTE	1010	125.935768	0.840226	0.000000
NOTE	1011	125.935768	0.366597	0.000000
NOTE	1012	126.039871	0.496360	0.000000
NOTE	1013	126.143967	0.366597	0.000000
NOTE	1014	126.248070	0.496360	0.000000
NOTE	1015	126.352165	0.840226	0.000000
NOTE	1016	126.352165	0.366597	0.000000
NOTE	1017	126.456268	0.496360	0.000000
NOTE	1018	126.560371	0.366597	0.000000
NOTE	1019	126.664467	0.496360	0.000000
NOTE	1020	126.768846	0.157832	0.000000
NOTE	1021	126.873090	0.727506	0.000000
NOTE	1022	126.977335	0.157832	0.000000
NOTE	1023	127.081580	0.727506	0.000000
NOTE	1024	127.185825	0.157832	0.000000
NOTE	1025	127.290070	0.727506	0.000000
NOTE	1026	127.394315	0.157832	0.000000
NOTE	1027	127.498560	0.727506	0.000000
NOTE	1028	127.603644	0.331704	0.000000
NOTE	1029	127.707888	0.901378	0.000000
NOTE	1030	127.812133	0.331704	0.000000
NOTE	1031	127.916378	0.901378	0.000000
NOTE	1032	128.020623	0.331704	0.000000
NOTE	1033	128.124868	0.901378	0.000000
NOTE	1034	128.229113	0.331704	0.000000
NOTE	1035	128.333358	0.901378	0.000000
NOTE	1036	128.438217	0.542293	0.000000
NOTE	1037	128.541687	0.637845	0.000000
NOTE	1038	128.645172	0.741228	0.000000
NOTE	1039	128.748657	0.803885	0.000000
NOTE	1040	128.852127	0.695802	0.000000
NOTE	1041	128.955612	0.695802	0.000000
NOTE	1042	129.059097	0.695802	0.000000
NOTE	1043	129.162567	0.695802	0.000000
NOTE	1044	129.270157	0.288352	0.000000
NOTE	1045	129.373967	0.101403	0.000000
NOTE	1046	129.477783	0.385470	0.000000
NOTE	1047	129.581587	0.117068	0.000000
NOTE	1048	129.685394	0.465357	0.000000
NOTE	1049	129.789206	0.129599	0.000000
NOTE	1050	129.893021	0.557775	0.000000
NOTE	1051	129.996826	0.128033	0.000000
NOTE	1052	130.104507	0.769900	0.000000
NOTE	1053	130.208313	0.956848	0.000000
NOTE	1054	130.312134	0.672782	0.000000
NOTE	1055	130.415924	0.941184	0.000000
NOTE	1056	130.519745	0.592895	0.000000
NOTE	1057	130.623550	0.928652	0.000000
NOTE	1058	130.727371	0.500476	0.000000
NOTE	1059	130.831177	0.930219	0.000000
NOTE	1060	130.946978	0.292975	0.000000
NOTE	1061	131.042491	0.167662	0.000000
NOTE	1062	131.146589	0.100306	0.000000
NOTE	1063	131.250691	0.100306	0.000000
NOTE	1064	131.354789	0.100306	0.000000
NOTE	1065	131.458891	0.167662	0.000000
NOTE	1066	131.562988	0.228752	0.000000
NOTE	1067	131.667090	0.388527	0.000000
NOTE	1068	131.774133	0.593727	0.000000
NOTE	1069	131.869644	0.460582	0.000000
NOTE	1070	131.973740	0.372863	0.000000
NOTE	1071	132.077850	0.332136	0.000000
NOTE	1072	132.181946	0.332136	0.000000
NOTE	1073	132.286041	0.372863	0.000000
NOTE	1074	132.390137	0.460582	0.000000
NOTE	1075	132.494247	0.593727	0.000000
NOTE	1076	132.608946	0.718101	0.000000
NOTE	1077	132.704460	0.843414	0.000000
NOTE	1078	132.808558	0.910770	0.000000
NOTE	1079	132.912660	0.910770	0.000000
NOTE	1080	133.016757	0.910770	0.000000
NOTE	1081	133.120859	0.843414	0.000000
NOTE	1082	133.224957	0.782324	0.000000
NOTE	1083	133.329059	0.622549	0.000000
NOTE	1084	133.437123	0.510965	0.727465
LINK 1 2 3
LINK 4 5
LINK 12 13 14
LINK 36 37 38 39 40
LINK 41 42
LINK 49 50
LINK 53 54
LINK 57 58
LINK 61 62
LINK 69 70
LINK 73 74
LINK 77 78
LINK 81 82
LINK 85 86
LINK 89 90
LINK 93 94
LINK 97 98
LINK 124 125 126
LINK 127 128
LINK 129 130 131 132
LINK 136 137 138
LINK 139 140
LINK 141 142 143 144
LINK 152 153 154 155
LINK 172 173 174
LINK 188 190
LINK 189 191
LINK 197 198 199 200 201 202
LINK 207 208
LINK 209 210
LINK 214 215 216 217
LINK 220 221 222 223
LINK 225 226 227 228 229 230
LINK 240 241 242 243
LINK 244 245
LINK 249 250
LINK 253 254
LINK 257 258
LINK 261 262
LINK 270 272
LINK 271 273
LINK 274 277
LINK 275 276
LINK 278 280
LINK 279 281
LINK 285 286 287 288 289 290 291 292
LINK 293 294 295 296 297 298 299 300
LINK 334 335 336
LINK 338 339 340
LINK 342 343 344
LINK 346 347 348
LINK 350 351 352 353 354 355 356
LINK 358 359 360
LINK 362 363 364
LINK 365 367 368
LINK 369 371 372
LINK 373 375 376
LINK 377 379 380
LINK 381 383 384
LINK 385 387 388
LINK 390 391 392
LINK 394 395 396
LINK 397 399 400
LINK 401 403 404
LINK 405 407 408
LINK 409 411 412
LINK 441 442 443 444 445 446 447 448
LINK 450 451 452
LINK 454 455 456
LINK 458 459 460
LINK 462 463 464
LINK 481 482 483 484 485 486 487 488
LINK 490 491 492
LINK 493 494 495 496
LINK 498 499 500
LINK 501 502 503 504
LINK 506 507 508 509 510 511 512
LINK 514 515 516 517 518 519 520
LINK 537 538 539 540 541 542 543 544
LINK 545 546 547 548 549 550 551 552 553 554 555 556 557 558 559
LINK 588 589 590 591 592 593 594 595
LINK 596 597 598 599 600 601 602 603 604 605 606 607 608 609 610
LINK 612 613
LINK 615 616
LINK 618 619
LINK 621 622
LINK 648 649
LINK 651 652
LINK 653 654 655 656
LINK 657 658 659 660
LINK 681 682 683 684 685 686 687 688 689 690 691
LINK 692 693 694 695 696 697 698 699 700 701 702 703 704 705 706 707 708
LINK 717 718 719
LINK 721 722 723
LINK 725 726 727
LINK 729 730 731
LINK 733 734 735
LINK 737 738 739
LINK 741 742 743
LINK 745 746 747
LINK 749 750
LINK 752 753
LINK 755 757 759
LINK 756 758
LINK 761 763 764
LINK 762 765
LINK 766 767 768 769 770 771 772 773
LINK 775 776
LINK 778 779
LINK 781 782 783 784 785 786 787
LINK 789 790
LINK 792 793
LINK 811 812 813
LINK 815 816 817
LINK 819 820 821
LINK 823 824 825
LINK 826 827 828 829 830 831 832 833
LINK 834 835 836 837 838 839 840
LINK 842 843 845
LINK 846 847
LINK 849 850 851 853 854
LINK 856 857 859
LINK 860 861
LINK 863 864 866 867
LINK 869 870 872
LINK 873 874
LINK 876 877 878 880 881
LINK 883 884 886
LINK 887 888
LINK 890 891 893 894
LINK 895 897 898 899 901 902
LINK 904 905 906 907 909 910
LINK 911 913 914 915 917 918
LINK 920 921 923 924
LINK 925 927 928 929 931 932
LINK 934 935 936 937 939 940
LINK 942 943 944 945 946 948 949 950
LINK 951 953 954 955 956 957 958 959 960 962 963 964 965 966 967
LINK 968 969 970 971 972 973 974 975
LINK 1001 1002 1003 1004 1006 1007 1008 1009
LINK 1011 1012 1013 1014 1016 1017 1018 1019
LINK 1037 1038 1039
LINK 1041 1042 1043
LINK 1044 1045
LINK 1046 1047
LINK 1048 1049
LINK 1050 1051
LINK 1052 1053
LINK 1054 1055
LINK 1056 1057
LINK 1058 1059
LINK 1060 1061 1062 1063 1064 1065 1066 1067
LINK 1068 1069 1070 1071 1072 1073 1074 1075
LINK 1076 1077 1078 1079 1080 1081 1082 1083
