VERSION 2
BPM 324
PAGE_SHIFT 0
PAGE_SIZE 0.740740740740741
NOTE	0	1.52734935283661	0.200000002980232	0
NOTE	1	1.52734935283661	0.5000000	0
NOTE	2	1.71253454685211	0.600000023841858	0
NOTE	3	1.89771974086761	0.699999988079071	0
NOTE	4	2.08290481567383	0.800000011920929	0
NOTE	5	2.63846063613892	0.7500000	0
NOTE	6	2.82364583015442	0.850000023841858	0
NOTE	7	4.67549800872803	0.5000000	0
NOTE	8	4.86068296432495	0.400000005960464	0
NOTE	9	5.04586791992188	0.300000011920929	0
NOTE	10	5.41623830795288	0.200000002980232	0
NOTE	11	5.6014232635498	0.100000001490116	0
NOTE	12	5.78660821914673	0.200000002980232	0
NOTE	13	6.34216403961182	0.900000035762787	0
NOTE	14	6.52734899520874	0.800000011920929	0
NOTE	15	6.8977198600769	0.600000023841858	0
NOTE	16	7.08290481567383	0.450000017881393	0
NOTE	17	7.26808977127075	0.300000011920929	0
NOTE	18	7.45327520370483	0.600000023841858	0
NOTE	19	7.63846063613892	0.699999988079071	0
NOTE	20	7.82364559173584	0.300000011920929	0
NOTE	21	8.00883102416992	0.400000005960464	0
NOTE	22	8.56438636779785	0.800000011920929	0
NOTE	23	10.6014232635498	0.5000000	0
NOTE	24	10.7866077423096	0.699999988079071	0
NOTE	25	10.9717931747437	0.5000000	0
NOTE	26	12.4532747268677	0.100000001490116	0
NOTE	27	12.6384601593018	0.300000011920929	0
NOTE	28	12.8236455917358	0.5000000	0
NOTE	29	13.0088300704956	0.699999988079071	0
NOTE	30	13.1940155029297	0.900000035762787	0
NOTE	31	13.3792009353638	0.400000005960464	0
NOTE	32	13.5643863677979	0.300000011920929	0
NOTE	33	13.7495708465576	0.400000005960464	0
NOTE	34	13.9347562789917	0.300000011920929	0
NOTE	35	14.1199417114258	0.100000001490116	0
NOTE	36	14.1199417114258	0.900000035762787	0
NOTE	37	14.4903116226196	0.900000035762787	0
NOTE	38	14.6754970550537	0.800000011920929	0
NOTE	39	14.8606824874878	0.699999988079071	0
NOTE	40	15.2310523986816	0.100000001490116	0
NOTE	41	15.4162378311157	0.200000002980232	0
NOTE	42	15.6014232635498	0.300000011920929	0
NOTE	43	15.9717931747437	0.5000000	0
NOTE	44	16.3421649932861	0.600000023841858	0
NOTE	45	16.5273494720459	0.699999988079071	0
NOTE	46	16.7125358581543	0.600000023841858	0
NOTE	47	16.8977203369141	0.699999988079071	0
NOTE	48	17.0829048156738	0.900000035762787	0
NOTE	49	17.0829048156738	0.100000001490116	0
NOTE	50	17.453275680542	0.100000001490116	0
NOTE	51	17.6384601593018	0.200000002980232	0
NOTE	52	17.8236465454102	0.300000011920929	0
NOTE	53	18.1940174102783	0.900000035762787	0
NOTE	54	18.3792018890381	0.800000011920929	0
NOTE	55	18.5643863677979	0.699999988079071	0
NOTE	56	18.934757232666	0.5000000	0
NOTE	57	4.49031257629395	0.600000023841858	0
NOTE	58	19.3051280975342	0.2500000	0
NOTE	59	19.6754989624023	0.2500000	0
NOTE	60	19.4903125762939	0.7500000	0
NOTE	61	19.8606834411621	0.7500000	0
NOTE	62	20.0458679199219	0.349999994039536	0
NOTE	63	20.0458679199219	0.650000035762787	0
NOTE	64	20.41623878479	0.450000017881393	0
NOTE	65	20.6014232635498	0.349999994039536	0
NOTE	66	20.7866077423096	0.100000001490116	0
NOTE	67	21.1569786071777	0.550000011920929	0
NOTE	68	21.3421630859375	0.650000035762787	0
NOTE	69	21.5273494720459	0.850000023841858	0
NOTE	70	21.8977203369141	0.5000000	0
NOTE	71	22.2680892944336	0.7500000	0
NOTE	72	22.6384601593018	0.7500000	0
NOTE	73	22.4532737731934	0.2500000	0
NOTE	74	22.8236446380615	0.2500000	0
NOTE	75	23.0088310241699	0.400000005960464	0
NOTE	76	23.0088310241699	0.650000035762787	0
NOTE	77	23.5643863677979	0.650000035762787	0
NOTE	78	23.3792018890381	0.550000011920929	0
NOTE	79	23.7495708465576	0.850000023841858	0
NOTE	80	24.1199417114258	0.450000017881393	0
NOTE	81	24.3051261901855	0.349999994039536	0
NOTE	82	25.2310523986816	0.800000011920929	0
NOTE	83	25.5095310211182	0.5000000	0
NOTE	84	25.4162368774414	0.800000011920929	0
NOTE	85	25.6947154998779	0.5000000	0
NOTE	86	25.971794128418	0.200000002980232	0
NOTE	87	26.1569786071777	0.200000002980232	0
NOTE	88	26.2502727508545	0.699999988079071	0
NOTE	89	26.4354572296143	0.699999988079071	0
NOTE	90	27.176197052002	0.600000023841858	0
NOTE	91	26.9910125732422	0.600000023841858	0
NOTE	92	26.8977184295654	0.300000011920929	0
NOTE	93	26.7125339508057	0.300000011920929	0
NOTE	94	27.91623878479	0.800000011920929	0
NOTE	95	27.7310543060303	0.800000011920929	0
NOTE	96	27.6391620635986	0.400000005960464	0
NOTE	97	27.4539756774902	0.400000005960464	0
NOTE	98	28.657678604126	0.300000011920929	0
NOTE	99	28.4724941253662	0.300000011920929	0
NOTE	100	28.3791999816895	0.900000035762787	0
NOTE	101	28.1940155029297	0.900000035762787	0
NOTE	102	29.3984203338623	0.100000001490116	0
NOTE	103	29.2132358551025	0.100000001490116	0
NOTE	104	29.1199417114258	0.5000000	0
NOTE	105	28.934757232666	0.5000000	0
NOTE	106	30.13916015625	0.600000023841858	0
NOTE	107	29.9539756774902	0.600000023841858	0
NOTE	108	29.8606815338135	0.200000002980232	0
NOTE	109	29.6754970550537	0.200000002980232	0
NOTE	110	30.41623878479	0.600000023841858	0
NOTE	111	26.5273494720459	0.200000002980232	0
NOTE	112	28.0095329284668	0.400000005960464	0
NOTE	113	29.4903125762939	0.5000000	0
NOTE	114	31.3421630859375	0.699999988079071	0
NOTE	115	31.7125339508057	0.699999988079071	0
NOTE	116	31.1569786071777	0.400000005960464	0
NOTE	117	31.3421630859375	0.400000005960464	0
NOTE	118	31.434757232666	0.400000005960464	0
NOTE	119	31.6199417114258	0.400000005960464	0
NOTE	120	31.8977203369141	0.5000000	0
NOTE	121	32.0829048156738	0.5000000	0
NOTE	122	32.1754989624023	0.5000000	0
NOTE	123	32.3606834411621	0.5000000	0
NOTE	124	32.4532775878906	0.5000000	0
NOTE	125	31.8977203369141	0.200000002980232	0
NOTE	126	32.2680892944336	0.200000002980232	0
NOTE	127	32.4532775878906	0.200000002980232	0
NOTE	128	32.8236465454102	0.850000023841858	0
NOTE	129	33.0088310241699	0.300000011920929	0
NOTE	130	32.6384620666504	0.850000023841858	0
NOTE	131	32.8236465454102	0.300000011920929	0
NOTE	132	32.9162406921387	0.850000023841858	0
NOTE	133	33.1014251708984	0.850000023841858	0
NOTE	134	33.3791999816895	0.150000005960464	0
NOTE	135	33.6577568054199	0.699999988079071	0
NOTE	136	33.934757232666	0.150000005960464	0
NOTE	137	33.3791999816895	0.699999988079071	0
NOTE	138	33.5643844604492	0.150000005960464	0
NOTE	139	33.6569786071777	0.150000005960464	0
NOTE	140	33.8421630859375	0.150000005960464	0
NOTE	141	34.3051261901855	0.900000035762787	0
NOTE	142	34.1199417114258	0.400000005960464	0
NOTE	143	34.3051261901855	0.400000005960464	0
NOTE	144	34.3977203369141	0.400000005960464	0
NOTE	145	34.5829048156738	0.400000005960464	0
NOTE	146	34.6754989624023	0.900000035762787	0
NOTE	147	34.8606834411621	0.800000011920929	0
NOTE	148	35.0458679199219	0.800000011920929	0
NOTE	149	35.1384620666504	0.800000011920929	0
NOTE	150	35.3236465454102	0.800000011920929	0
NOTE	151	34.8606834411621	0.200000002980232	0
NOTE	152	35.2310523986816	0.200000002980232	0
NOTE	153	35.4162406921387	0.200000002980232	0
NOTE	154	35.6014251708984	0.650000035762787	0
NOTE	155	35.7866096496582	0.650000035762787	0
NOTE	156	35.8792037963867	0.650000035762787	0
NOTE	157	36.0643882751465	0.650000035762787	0
NOTE	158	35.7866096496582	0.349999994039536	0
NOTE	159	35.971794128418	0.349999994039536	0
NOTE	160	36.3421630859375	0.5000000	0
NOTE	161	36.6199417114258	0.150000005960464	0
NOTE	162	36.8977203369141	0.850000023841858	0
NOTE	163	33.934757232666	0.699999988079071	0
NOTE	164	35.4162406921387	0.800000011920929	0
NOTE	165	30.6014232635498	0.800000011920929	0
NOTE	166	30.6947956085205	0.699999988079071	0
NOTE	167	37.0836835790563	0.2500000	0
NOTE	168	37.0836835790563	0.7500000	0
NOTE	169	37.2688687642415	0.2500000	0
NOTE	170	37.4540539494267	0.7500000	0
NOTE	171	37.6392391346119	0.2500000	0
NOTE	172	37.8244247436523	0.650000035762787	0
NOTE	173	38.1947918644658	0.650000035762787	0
NOTE	174	38.5651632238317	0.349999994039536	0
NOTE	175	38.9355335942021	0.349999994039536	0
NOTE	176	39.3059049535681	0.150000005960464	0
NOTE	177	39.6762753239384	0.150000005960464	0
NOTE	178	40.0466461181641	0.2500000	0
NOTE	179	40.2318305969238	0.7500000	0
NOTE	180	40.4170188903809	0.2500000	0
NOTE	181	40.6022033691406	0.7500000	0
NOTE	182	40.7873845983435	0.349999994039536	0
NOTE	183	41.1577549687138	0.349999994039536	0
NOTE	184	41.5281257629395	0.650000035762787	0
NOTE	185	41.8984985351563	0.650000035762787	0
NOTE	186	42.2688680578161	0.850000023841858	0
NOTE	187	42.6392402648926	0.850000023841858	0
NOTE	188	42.8244236133717	0.5000000	0
NOTE	189	42.9170162059643	0.5000000	0
NOTE	190	43.0096097875524	0.650000035762787	0
NOTE	191	43.1947937011719	0.349999994039536	0
NOTE	192	43.3799819946289	0.349999994039536	0
NOTE	193	43.565165343108	0.650000035762787	0
NOTE	194	43.7503509521484	0.450000017881393	0
NOTE	195	44.2125358581543	0.450000017881393	0
NOTE	196	44.4910894323278	0.7500000	0
NOTE	197	44.8606796264648	0.150000005960464	0
NOTE	198	45.2318311620642	0.2500000	0
NOTE	199	45.6022015324345	0.2500000	0
NOTE	200	45.9725728918005	0.349999994039536	0
NOTE	201	46.1577580769857	0.650000035762787	0
NOTE	202	46.3429432621709	0.650000035762787	0
NOTE	203	46.5281295776367	0.349999994039536	0
NOTE	204	46.7133108068396	0.550000011920929	0
NOTE	205	47.0836811772099	0.550000011920929	0
NOTE	206	47.4540525365759	0.2500000	0
NOTE	207	47.8244229069463	0.2500000	0
NOTE	208	48.1947937011719	0.7500000	0
NOTE	209	48.5651646366826	0.7500000	0
NOTE	210	48.7495727539063	0.7500000	0
NOTE	211	47.4540525365759	0.7500000	0
NOTE	212	48.934757232666	0.300000011920929	0
NOTE	213	49.0273513793945	0.200000002980232	0
NOTE	214	49.1199417114258	0.100000001490116	0
NOTE	215	48.9355354309082	0.900000035762787	0
NOTE	216	49.3051261901855	0.200000002980232	0
NOTE	217	49.4903144836426	0.300000011920929	0
NOTE	218	49.6754989624023	0.400000005960464	0
NOTE	219	50.4170150756836	0.900000035762787	0
NOTE	220	50.6021995544434	0.300000011920929	0
NOTE	221	51.8984985351563	0.699999988079071	0
NOTE	222	51.9910926818848	0.800000011920929	0
NOTE	223	52.083683013916	0.900000035762787	0
NOTE	224	52.268871307373	0.900000035762787	0
NOTE	225	52.4540557861328	0.800000011920929	0
NOTE	226	52.6392370153356	0.550000011920929	0
NOTE	227	53.3799781799316	0.450000017881393	0
NOTE	228	53.5651626586914	0.800000011920929	0
NOTE	229	54.8614616394043	0.699999988079071	0
NOTE	230	54.9540557861328	0.600000023841858	0
NOTE	231	55.0466461181641	0.699999988079071	0
NOTE	232	55.2318344116211	0.699999988079071	0
NOTE	233	55.4170188903809	0.699999988079071	0
NOTE	234	55.6022033691406	0.200000002980232	0
NOTE	235	56.3429412841797	0.400000005960464	0
NOTE	236	56.5281257629395	0.699999988079071	0
NOTE	237	51.1577573705603	0.600000023841858	0
NOTE	238	51.3429412841797	0.200000002980232	0
NOTE	239	49.120719909668	0.900000035762787	0
NOTE	240	49.305908203125	0.900000035762787	0
NOTE	241	49.4910926818848	0.900000035762787	0
NOTE	242	50.0458679199219	0.400000005960464	0
NOTE	243	50.7873878479004	0.900000035762787	0
NOTE	244	51.8984985351563	0.400000005960464	0
NOTE	245	52.083683013916	0.400000005960464	0
NOTE	246	52.268871307373	0.400000005960464	0
NOTE	247	52.4540557861328	0.400000005960464	0
NOTE	248	51.5281277409306	0.200000002980232	0
NOTE	249	53.009607385706	0.550000011920929	0
NOTE	250	53.7503509521484	0.450000017881393	0
NOTE	251	54.120719909668	0.300000011920929	0
NOTE	252	54.3059043884277	0.200000002980232	0
NOTE	253	54.4910926818848	0.600000023841858	0
NOTE	254	54.8614583898474	0.100000001490116	0
NOTE	255	55.0466435750326	0.100000001490116	0
NOTE	256	55.9725761413574	0.850000023841858	0
NOTE	257	57.083683013916	0.850000023841858	0
NOTE	258	57.2688674926758	0.200000002980232	0
NOTE	259	56.7133122196904	0.699999988079071	0
NOTE	260	57.4540539494267	0.850000023841858	0
NOTE	261	57.8244214940954	0.100000001490116	0
NOTE	262	58.0096066792806	0.100000001490116	0
NOTE	263	58.1947918644658	0.100000001490116	0
NOTE	264	58.379977049651	0.100000001490116	0
NOTE	265	57.8244214940954	0.600000023841858	0
NOTE	266	58.0096066792806	0.600000023841858	0
NOTE	267	58.1947918644658	0.600000023841858	0
NOTE	268	58.2873878479004	0.5000000	0
NOTE	269	58.3799819946289	0.600000023841858	0
NOTE	270	58.5651664733887	0.300000011920929	0
NOTE	271	58.6577606201172	0.400000005960464	0
NOTE	272	58.7503509521484	0.300000011920929	0
NOTE	273	59.1207237243652	0.699999988079071	0
NOTE	274	58.9355392456055	0.699999988079071	0
NOTE	275	58.7503509521484	0.699999988079071	0
NOTE	276	58.5651664733887	0.699999988079071	0
NOTE	277	58.9355335942021	0.400000005960464	0
NOTE	278	59.1207187793873	0.400000005960464	0
NOTE	279	59.3059043884277	0.100000001490116	0
NOTE	280	59.3984985351563	0.200000002980232	0
NOTE	281	59.4910888671875	0.100000001490116	0
NOTE	282	59.8606834411621	0.800000011920929	0
NOTE	283	59.9532737731934	0.699999988079071	0
NOTE	284	59.3051261901855	0.900000035762787	0
NOTE	285	59.4903106689453	0.900000035762787	0
NOTE	286	59.8614616394043	0.200000002980232	0
NOTE	287	59.6762771606445	0.200000002980232	0
NOTE	288	57.6392391346119	0.850000023841858	0
NOTE	289	61.8984985351563	0.850000023841858	0
NOTE	290	61.7133102416992	0.900000035762787	0
NOTE	291	62.083683013916	0.7500000	0
NOTE	292	62.4540519714355	0.600000023841858	0
NOTE	293	62.6392402648926	0.400000005960464	0
NOTE	294	62.8244247436523	0.150000005960464	0
NOTE	295	63.7503477025915	0.5000000	0
NOTE	296	64.4910888671875	0.5000000	0
NOTE	297	64.6762771606445	0.300000011920929	0
NOTE	298	64.861457824707	0.200000002980232	0
NOTE	299	65.3244247436523	0.900000035762787	0
NOTE	300	65.6022033691406	0.850000023841858	0
NOTE	301	65.1392364501953	0.150000005960464	0
NOTE	302	66.8051223754883	0.5000000	0
NOTE	303	68.4725723266602	0.450000017881393	0
NOTE	304	68.5651626586914	0.400000005960464	0
NOTE	305	68.6577606201172	0.450000017881393	0
NOTE	306	68.9355316162109	0.550000011920929	0
NOTE	307	69.2133102416992	0.600000023841858	0
NOTE	308	69.8614654541016	0.5000000	0
NOTE	309	65.9725728918005	0.7500000	0
NOTE	310	71.157753555863	0.200000002980232	0.5555580
NOTE	311	71.7133091114186	0.900000035762787	0
NOTE	312	71.8984985351563	0.699999988079071	0
NOTE	313	72.0836868286133	0.5000000	0
NOTE	314	72.2688674926758	0.300000011920929	0
NOTE	315	72.4540557861328	0.100000001490116	0
NOTE	316	72.6392110431636	0.200000002980232	0
NOTE	317	75.6021703327144	0.300000011920929	0
NOTE	318	75.7256317138672	0.200000002980232	0
NOTE	319	75.8490905761719	0.100000001490116	0
NOTE	320	75.9725407141226	0.100000001490116	0
NOTE	321	76.0960083007813	0.200000002980232	0
NOTE	322	76.2194595336914	0.300000011920929	0
NOTE	323	76.342915877148	0.699999988079071	0
NOTE	324	76.4663696289063	0.800000011920929	0
NOTE	325	76.5898284912109	0.900000035762787	0
NOTE	326	76.7132873535156	0.900000035762787	0
NOTE	327	76.8367462158203	0.800000011920929	0
NOTE	328	76.9601974487305	0.699999988079071	0
NOTE	329	73.3799591064453	0.900000035762787	0
NOTE	330	74.8614349365234	0.400000005960464	0
NOTE	331	74.1206970214844	0.600000023841858	0
NOTE	332	75.602180480957	0.600000023841858	0
NOTE	333	76.3429183959961	0.5000000	0
NOTE	334	76.5273513793945	0.400000005960464	0
NOTE	335	76.712532043457	0.5000000	0
NOTE	336	76.8977203369141	0.400000005960464	0
NOTE	337	77.0836639404297	0.300000011920929	0
NOTE	338	78.6576766967773	0.5000000	0
NOTE	339	78.8428649902344	0.400000005960464	0
NOTE	340	78.9354553222656	0.900000035762787	0
NOTE	341	79.2132339477539	0.5000000	0
NOTE	342	78.5651626586914	0.800000011920929	0
NOTE	343	78.7502670288086	0.900000035762787	0
NOTE	344	79.0280456542969	0.400000005960464	0
NOTE	345	79.120719909668	0.800000011920929	0
NOTE	346	79.305908203125	0.699999988079071	0
NOTE	347	79.4910125732422	0.5000000	0
NOTE	348	79.3984985351563	0.300000011920929	0
NOTE	349	79.5836868286133	0.300000011920929	0
NOTE	350	80.0466461181641	0.200000002980232	0
NOTE	351	80.2317504882813	0.100000001490116	0
NOTE	352	80.4169387817383	0.100000001490116	0
NOTE	353	80.6021270751953	0.200000002980232	0
NOTE	354	80.13916015625	0.5000000	0
NOTE	355	80.324348449707	0.600000023841858	0
NOTE	356	80.5095291137695	0.600000023841858	0
NOTE	357	80.6947174072266	0.5000000	0
NOTE	358	79.6762715092412	0.699999988079071	0
NOTE	359	80.7873846038624	0.300000011920929	0
NOTE	360	80.9724884033203	0.5000000	0
NOTE	361	81.1577549687138	0.300000011920929	0
NOTE	362	80.8799743652344	0.699999988079071	0
NOTE	363	81.0651626586914	0.699999988079071	0
NOTE	364	81.5281295776367	0.400000005960464	0
NOTE	365	81.8984985351563	0.400000005960464	0
NOTE	366	82.1762771606445	0.600000023841858	0
NOTE	367	82.0836780689381	0.400000005960464	0
NOTE	368	81.9910854763455	0.600000023841858	0
NOTE	369	81.805908203125	0.600000023841858	0
NOTE	370	81.7133178710938	0.400000005960464	0
NOTE	371	81.620719909668	0.600000023841858	0
NOTE	372	82.2688674926758	0.2500000	0
NOTE	373	82.4540557861328	0.2500000	0
NOTE	374	82.6392364501953	0.2500000	0
NOTE	375	82.8244247436523	0.2500000	0
NOTE	376	82.361457824707	0.7500000	0
NOTE	377	82.5466461181641	0.7500000	0
NOTE	378	82.7318344116211	0.7500000	0
NOTE	379	82.9170150756836	0.7500000	0
NOTE	380	83.0096059783741	0.100000001490116	0
NOTE	381	83.1947911580404	0.100000001490116	0
NOTE	382	83.3799763432256	0.100000001490116	0
NOTE	383	83.5651615284107	0.100000001490116	0
NOTE	384	83.1021985654478	0.900000035762787	0
NOTE	385	83.287383750633	0.900000035762787	0
NOTE	386	83.4725689358181	0.900000035762787	0
NOTE	387	83.6577541210033	0.900000035762787	0
NOTE	388	84.4910894378468	0.200000002980232	0
NOTE	389	84.8614598026982	0.200000002980232	0
NOTE	390	84.4910888671875	0.800000011920929	0
NOTE	391	85.2318273528858	0.7500000	0
NOTE	392	85.9725728973194	0.5000000	0
NOTE	393	86.3429432621709	0.5000000	0
NOTE	394	86.7133108123585	0.2500000	0
NOTE	395	87.4540557861328	0.800000011920929	0
NOTE	396	87.6392440795898	0.900000035762787	0
NOTE	397	88.0096130371094	0.800000011920929	0
NOTE	398	87.8244247436523	0.900000035762787	0
NOTE	399	88.1947937011719	0.699999988079071	0
NOTE	400	88.5651626586914	0.699999988079071	0
NOTE	401	88.6577606201172	0.600000023841858	0
NOTE	402	88.7503509521484	0.5000000	0
NOTE	403	88.8429412841797	0.400000005960464	0
NOTE	404	88.9355321868702	0.200000002980232	0
NOTE	405	89.6762701019093	0.400000005960464	0
NOTE	406	90.4170150756836	0.200000002980232	0
NOTE	407	90.4170150756836	0.800000011920929	0
NOTE	408	90.7873840332031	0.800000011920929	0
NOTE	409	91.1577606201172	0.2500000	0
NOTE	410	91.8984985351563	0.5000000	0
NOTE	411	92.2688674926758	0.5000000	0
NOTE	412	92.6392364501953	0.699999988079071	0
NOTE	413	93.3799749358937	0.200000002980232	0
NOTE	414	93.5651601155599	0.100000001490116	0
NOTE	415	93.7503453007451	0.100000001490116	0
NOTE	416	93.9355304859303	0.200000002980232	0
NOTE	417	94.1207204803273	0.300000011920929	0
NOTE	418	94.4910888671875	0.300000011920929	0
NOTE	419	94.5836868286133	0.400000005960464	0
NOTE	420	94.6762771606445	0.5000000	0
NOTE	421	94.7688674926758	0.600000023841858	0
NOTE	422	94.861457824707	0.800000011920929	0
NOTE	423	95.6014251708984	0.600000023841858	0
NOTE	424	95.7866134643555	0.400000005960464	0
NOTE	425	95.8792037963867	0.5000000	0
NOTE	426	95.971794128418	0.400000005960464	0
NOTE	427	96.0643844604492	0.5000000	0
NOTE	428	96.156982421875	0.400000005960464	0
NOTE	429	96.2495727539063	0.5000000	0
NOTE	430	96.342941854839	0.900000035762787	0
NOTE	431	96.342941854839	0.100000001490116	0
NOTE	432	96.7133122196904	0.900000035762787	0
NOTE	433	97.0836868286133	0.100000001490116	0
NOTE	434	97.3614654541016	0.150000005960464	0
NOTE	435	97.6384658813477	0.200000002980232	0
NOTE	436	97.8244176849171	0.300000011920929	0
NOTE	437	98.1947880497685	0.300000011920929	0
NOTE	438	98.5651632293507	0.900000035762787	0
NOTE	439	98.8429410016095	0.850000023841858	0
NOTE	440	99.120719909668	0.800000011920929	0
NOTE	441	99.305908203125	0.699999988079071	0
NOTE	442	99.491096496582	0.600000023841858	0
NOTE	443	99.6762771606445	0.600000023841858	0
NOTE	444	99.8614654541016	0.699999988079071	0
NOTE	445	100.046646688823	0.100000001490116	0
NOTE	446	100.324424461082	0.100000001490116	0
NOTE	447	100.417017053675	0.100000001490116	0
NOTE	448	100.509613037109	0.200000002980232	0
NOTE	449	100.602203369141	0.300000011920929	0
NOTE	450	100.694793701172	0.400000005960464	0
NOTE	451	100.417017053675	0.900000035762787	0
NOTE	452	100.60220223886	0.900000035762787	0
NOTE	453	100.787384033203	0.5000000	0
NOTE	454	101.157752990723	0.5000000	0
NOTE	455	101.527351379395	0.349999994039536	0
NOTE	456	102.268868063335	0.900000035762787	0
NOTE	457	102.268868063335	0.100000001490116	0
NOTE	458	102.639236450195	0.100000001490116	0
NOTE	459	103.009605407715	0.5000000	0
NOTE	460	103.379196166992	0.699999988079071	0
NOTE	461	103.565162658691	0.800000011920929	0
NOTE	462	105.046646118164	0.100000001490116	0
NOTE	463	104.768867492676	0.2500000	0
NOTE	464	104.491088867188	0.400000005960464	0
NOTE	465	103.750343893413	0.900000035762787	0
NOTE	466	104.120714258265	0.900000035762787	0
NOTE	467	105.231827352886	0.850000023841858	0
NOTE	468	105.417012532552	0.850000023841858	0
NOTE	469	105.602197717737	0.850000023841858	0
NOTE	470	105.787382902922	0.850000023841858	0
NOTE	471	105.231827352886	0.2500000	0
NOTE	472	105.417022705078	0.400000005960464	0
NOTE	473	105.602203369141	0.400000005960464	0
NOTE	474	105.787391662598	0.2500000	0
NOTE	475	105.972572897319	0.150000005960464	0
NOTE	476	106.157758076986	0.150000005960464	0
NOTE	477	106.342943262171	0.150000005960464	0
NOTE	478	106.528128447356	0.150000005960464	0
NOTE	479	106.713310812359	0.300000011920929	0
NOTE	480	106.898495992025	0.300000011920929	0
NOTE	481	107.08368117721	0.300000011920929	0
NOTE	482	107.268866362395	0.300000011920929	0
NOTE	483	107.176277160645	0.5000000	0
NOTE	484	107.268867492676	0.600000023841858	0
NOTE	485	107.361457824707	0.699999988079071	0
NOTE	486	107.454055786133	0.800000011920929	0
NOTE	487	107.638465881348	0.200000002980232	0
NOTE	488	107.917022705078	0.800000011920929	0
NOTE	489	108.009613037109	0.200000002980232	0
NOTE	490	108.102203369141	0.800000011920929	0
NOTE	491	108.194793701172	0.300000011920929	0
NOTE	492	108.194793701172	0.699999988079071	0
NOTE	493	108.565162658691	0.300000011920929	0
NOTE	494	108.93553218687	0.600000023841858	0
NOTE	495	109.30590057373	0.400000005960464	0
NOTE	496	109.398498535156	0.450000017881393	0
NOTE	497	109.491088867188	0.5000000	0
NOTE	498	109.583679199219	0.550000011920929	0
NOTE	499	109.676270101909	0.699999988079071	0
NOTE	500	110.046640466761	0.699999988079071	0
NOTE	501	110.417015075684	0.400000005960464	0
NOTE	502	110.787384033203	0.600000023841858	0
NOTE	503	110.879981994629	0.550000011920929	0
NOTE	504	110.97257232666	0.5000000	0
NOTE	505	111.065162658691	0.450000017881393	0
NOTE	506	111.157760620117	0.200000002980232	0
NOTE	507	111.342948913574	0.800000011920929	0
NOTE	508	111.528129577637	0.200000002980232	0
NOTE	509	111.713317871094	0.800000011920929	0
NOTE	510	111.898491476421	0.5000000	0
NOTE	511	112.268867492676	0.5000000	0
NOTE	512	112.361465454102	0.5000000	0
NOTE	513	112.454055786133	0.5000000	0
NOTE	514	112.546646118164	0.5000000	0
NOTE	515	112.639236450195	0.200000002980232	0
NOTE	516	112.824424743652	0.200000002980232	0
NOTE	517	113.194793701172	0.800000011920929	0
NOTE	518	113.009605407715	0.800000011920929	0
NOTE	519	113.379974935894	0.5000000	0
NOTE	520	113.657760620117	0.600000023841858	0
NOTE	521	113.934761047363	0.400000005960464	0
NOTE	522	113.565170288086	0.5000000	0
NOTE	523	113.657760620117	0.400000005960464	0
NOTE	524	113.749572753906	0.5000000	0
NOTE	525	113.842163085938	0.5000000	0
NOTE	526	113.934761047363	0.600000023841858	0
NOTE	527	114.028129577637	0.5000000	0
NOTE	528	114.120720480327	0.900000035762787	0
NOTE	529	114.120720480327	0.100000001490116	0
NOTE	530	114.491090845179	0.900000035762787	0
NOTE	531	114.861457824707	0.200000002980232	0
NOTE	532	115.231826782227	0.800000011920929	0
NOTE	533	115.324424743652	0.7500000	0
NOTE	534	115.417015075684	0.699999988079071	0
NOTE	535	115.509605407715	0.650000035762787	0
NOTE	536	115.601425170898	0.300000011920929	0
NOTE	537	115.971794128418	0.300000011920929	0
NOTE	538	116.342941854839	0.7500000	0
NOTE	539	116.713310241699	0.200000002980232	0
NOTE	540	116.805904812283	0.2500000	0
NOTE	541	116.898498535156	0.300000011920929	0
NOTE	542	116.991088867188	0.349999994039536	0
NOTE	543	117.083686828613	0.600000023841858	0
NOTE	544	117.26887512207	0.400000005960464	0
NOTE	545	117.454050134729	0.600000023841858	0
NOTE	546	117.639235319915	0.400000005960464	0
NOTE	547	117.824417684917	0.5000000	0
NOTE	548	118.194793701172	0.5000000	0
NOTE	549	118.287391662598	0.5000000	0
NOTE	550	118.379981994629	0.5000000	0
NOTE	551	118.472565827546	0.5000000	0
NOTE	552	118.565163229351	0.800000011920929	0
NOTE	553	118.750348409017	0.800000011920929	0
NOTE	554	118.935531616211	0.200000002980232	0
NOTE	555	119.120719909668	0.200000002980232	0
NOTE	556	113.101417541504	0.2500000	0
NOTE	557	113.194793701172	0.300000011920929	0
NOTE	558	118.935531616211	0.800000011920929	0
NOTE	559	119.028129577637	0.7500000	0
NOTE	560	119.120719909668	0.699999988079071	0
NOTE	561	119.30590114439	0.5000000	0
NOTE	562	119.491096496582	0.5000000	0
NOTE	563	119.583686828613	0.600000023841858	0
NOTE	564	119.675498962402	0.5000000	0
NOTE	565	119.768089294434	0.5000000	0
NOTE	566	119.860687255859	0.400000005960464	0
NOTE	567	119.954055786133	0.5000000	0
NOTE	568	119.583686828613	0.400000005960464	0
NOTE	569	119.860687255859	0.600000023841858	0
NOTE	570	120.046646118164	0.2500000	0
NOTE	571	120.046646118164	0.7500000	0
NOTE	572	121.250350952148	0.800000011920929	0
NOTE	573	121.34294128418	0.600000023841858	0
NOTE	574	121.435531616211	0.800000011920929	0
NOTE	575	122.731831020779	0.200000002980232	0
NOTE	576	122.917016205964	0.200000002980232	0
NOTE	577	122.824423613372	0.400000005960464	0
NOTE	578	124.305908203125	0.600000023841858	0
NOTE	579	124.120719909668	0.600000023841858	0
NOTE	580	124.398498535156	0.400000005960464	0
NOTE	581	124.213317871094	0.400000005960464	0
NOTE	582	124.861457824707	0.300000011920929	0
NOTE	583	125.046646118164	0.300000011920929	0
NOTE	584	124.954055786133	0.699999988079071	0
NOTE	585	125.231827352886	0.5000000	0
NOTE	586	125.417012532552	0.600000023841858	0
NOTE	587	125.509605125145	0.400000005960464	0
NOTE	588	125.602197717737	0.400000005960464	0
NOTE	589	125.787391662598	0.600000023841858	0
NOTE	590	125.69479031033	0.600000023841858	0
NOTE	591	125.879981994629	0.400000005960464	0
NOTE	592	125.972565267925	0.850000023841858	0
NOTE	593	126.157750447591	0.850000023841858	0
NOTE	594	126.065157854999	0.150000005960464	0
NOTE	595	126.34294128418	0.150000005960464	0
NOTE	596	126.528129577637	0.850000023841858	0
NOTE	597	126.713310812359	0.5000000	0
NOTE	598	127.083679199219	0.600000023841858	0
NOTE	599	127.176277160645	0.650000035762787	0
NOTE	600	127.268867492676	0.699999988079071	0
NOTE	601	127.361457824707	0.7500000	0
NOTE	602	127.454055786133	0.150000005960464	0
NOTE	603	127.63924407959	0.850000023841858	0
NOTE	604	127.824424743652	0.150000005960464	0
NOTE	605	127.917011684842	0.850000023841858	0
NOTE	606	128.009613037109	0.150000005960464	0
NOTE	607	128.19401550293	0.650000035762787	0
NOTE	608	128.379979451497	0.349999994039536	0
NOTE	609	128.565164636683	0.650000035762787	0
NOTE	610	128.657757229275	0.349999994039536	0
NOTE	611	128.750349821868	0.650000035762787	0
NOTE	612	128.934753417969	0.900000035762787	0
NOTE	613	129.119934082031	0.900000035762787	0
NOTE	614	129.305130004883	0.900000035762787	0
NOTE	615	129.490310668945	0.900000035762787	0
NOTE	616	129.675491333008	0.300000011920929	0
NOTE	617	129.86067199707	0.300000011920929	0
NOTE	618	130.045867919922	0.300000011920929	0
NOTE	619	130.231048583984	0.300000011920929	0
NOTE	620	123.009605978374	0.5000000	0
NOTE	621	123.19479115804	0.5000000	0
NOTE	622	123.379976343226	0.5000000	0
NOTE	623	123.565161528411	0.5000000	0
NOTE	624	128.934753417969	0.100000001490116	0
NOTE	625	129.119934082031	0.100000001490116	0
NOTE	626	129.305130004883	0.100000001490116	0
NOTE	627	129.397720336914	0.200000002980232	0
NOTE	628	129.490310668945	0.100000001490116	0
NOTE	629	129.675491333008	0.699999988079071	0
NOTE	630	129.768081665039	0.600000023841858	0
NOTE	631	129.86067199707	0.699999988079071	0
NOTE	632	130.045867919922	0.699999988079071	0
NOTE	633	130.231048583984	0.699999988079071	0
NOTE	634	130.416244506836	0.200000002980232	0
NOTE	635	130.601425170898	0.200000002980232	0
NOTE	636	130.78662109375	0.200000002980232	0
NOTE	637	130.971801757813	0.200000002980232	0
NOTE	638	130.417022705078	0.800000011920929	0
NOTE	639	130.509613037109	0.900000035762787	0
NOTE	640	130.602203369141	0.800000011920929	0
NOTE	641	131.898498535156	0.200000002980232	0
NOTE	642	132.083679199219	0.200000002980232	0
NOTE	643	132.17626953125	0.800000011920929	0
NOTE	644	132.361465454102	0.800000011920929	0
NOTE	645	132.639236450195	0.100000001490116	0
NOTE	646	132.824417114258	0.100000001490116	0
NOTE	647	132.917007446289	0.699999988079071	0
NOTE	648	133.102203369141	0.699999988079071	0
NOTE	649	133.194792570891	0.100000001490116	0
NOTE	650	133.379974935894	0.800000011920929	0
NOTE	651	133.56516011556	0.800000011920929	0
NOTE	652	133.657752708152	0.200000002980232	0
NOTE	653	133.842937893338	0.200000002980232	0
NOTE	654	134.120712850933	0.900000035762787	0
NOTE	655	134.305898030599	0.900000035762787	0
NOTE	656	134.398498535156	0.300000011920929	0
NOTE	657	134.583694458008	0.300000011920929	0
NOTE	658	134.676268400969	0.900000035762787	0
NOTE	659	134.861450765972	0.600000023841858	0
NOTE	660	135.046635945638	0.600000023841858	0
NOTE	661	135.139228538231	0.400000005960464	0
NOTE	662	135.324432373047	0.400000005960464	0
NOTE	663	135.602203369141	0.699999988079071	0
NOTE	664	135.786605834961	0.699999988079071	0
NOTE	665	135.879981712059	0.5000000	0
NOTE	666	136.064392089844	0.699999988079071	0
NOTE	667	136.156982421875	0.5000000	0
NOTE	668	136.342941854839	0.400000005960464	0
NOTE	669	136.528127034505	0.400000005960464	0
NOTE	670	136.620719627098	0.600000023841858	0
NOTE	671	136.805904812283	0.600000023841858	0
NOTE	672	137.083679199219	0.300000011920929	0
NOTE	673	137.268859863281	0.300000011920929	0
NOTE	674	137.361450195313	0.5000000	0
NOTE	675	137.546646118164	0.5000000	0
NOTE	676	137.638458251953	0.699999988079071	0
NOTE	677	137.823638916016	0.100000001490116	0
NOTE	678	138.009602864583	0.900000035762787	0
NOTE	679	138.379974365234	0.100000001490116	0
NOTE	680	138.472564697266	0.900000035762787	0
NOTE	681	139.213317871094	0.200000002980232	0
NOTE	682	139.120727539063	0.800000011920929	0
NOTE	683	138.750350952148	0.200000002980232	0
NOTE	684	137.823638916016	0.900000035762787	0
NOTE	685	139.491088867188	0.699999988079071	0
NOTE	686	139.861465454102	0.300000011920929	0
NOTE	687	139.954055786133	0.699999988079071	0
NOTE	688	140.23183186849	0.400000005960464	0
NOTE	689	140.694794831453	0.400000005960464	0
NOTE	690	140.60220223886	0.650000035762787	0
NOTE	691	140.972569783529	0.550000011920929	0
NOTE	692	141.34294128418	0.800000011920929	0
NOTE	693	141.435531616211	0.200000002980232	0
NOTE	694	141.713307698568	0.450000017881393	0
NOTE	695	142.083679199219	0.200000002980232	0
NOTE	696	142.17626953125	0.800000011920929	0
NOTE	697	142.454045613607	0.5000000	0
NOTE	698	142.824415983977	0.400000005960464	0
NOTE	699	142.91700857657	0.600000023841858	0
NOTE	700	143.00959834898	0.5000000	0
NOTE	701	143.194793701172	0.100000001490116	0
NOTE	702	143.379989624023	0.200000002980232	0
NOTE	703	143.286605834961	0.600000023841858	0
NOTE	704	143.471801757813	0.699999988079071	0
NOTE	705	143.565153899016	0.300000011920929	0
NOTE	706	143.656982421875	0.800000011920929	0
NOTE	707	143.749572753906	0.400000005960464	0
NOTE	708	24.5829048156738	0.200000002980232	0
NOTE	709	24.7680912017822	0.300000011920929	0
NOTE	710	24.953275680542	0.400000005960464	0
NOTE	711	25.1384601593018	0.5000000	0
NOTE	712	24.4910659790039	0.600000023841858	0
NOTE	713	24.6754970550537	0.699999988079071	0
NOTE	714	24.8606834411621	0.800000011920929	0
NOTE	715	25.0458679199219	0.900000035762787	0
NOTE	716	36.5273482887833	0.850000023841858	0
NOTE	717	36.7125334739685	0.850000023841858	0
NOTE	718	36.8051260665611	0.150000005960464	0
NOTE	719	36.9903112517463	0.150000005960464	0
NOTE	720	30.41623878479	0.300000011920929	0.6481486
NOTE	721	38.3791983039291	0.650000035762787	0
NOTE	722	38.749569663295	0.349999994039536	0
NOTE	723	39.582903985624	0.850000023841858	0
NOTE	724	39.8606817634017	0.850000023841858	0
NOTE	725	40.971794128418	0.349999994039536	0
NOTE	726	41.0643836303993	0.900000035762787	0
NOTE	727	41.2495688155845	0.900000035762787	0
NOTE	728	41.3421614081771	0.349999994039536	0
NOTE	729	41.7125327675431	0.100000001490116	0
NOTE	730	41.9903105453209	0.100000001490116	0
NOTE	731	42.0829031379135	0.650000035762787	0
NOTE	732	42.4532737731934	0.2500000	0
NOTE	733	42.7310523986816	0.2500000	0
NOTE	734	43.9347541420548	0.850000023841858	0
NOTE	735	44.0273467346474	0.450000017881393	0
NOTE	736	44.11993932724	0.850000023841858	0
NOTE	737	44.3051245124252	0.850000023841858	0
NOTE	738	44.6754958717911	0.150000005960464	0
NOTE	739	44.9532736495689	0.7500000	0
NOTE	740	45.0458662421615	0.150000005960464	0
NOTE	741	45.4162376015275	0.5000000	0
NOTE	742	45.6940153793052	0.5000000	0
NOTE	743	46.8977172463029	0.550000011920929	0
NOTE	744	47.2680876166732	0.550000011920929	0
NOTE	745	46.9903144836426	0.150000005960464	0
NOTE	746	47.1754950240806	0.150000005960464	0
NOTE	747	47.6384589760392	0.2500000	0
NOTE	748	48.0088293464095	0.2500000	0
NOTE	749	47.916236753817	0.7500000	0
NOTE	750	48.3792007057755	0.349999994039536	0
NOTE	751	48.6569784835533	0.349999994039536	0
NOTE	752	60.1384567154778	0.900000035762787	0
NOTE	753	60.0458641201258	0.600000023841858	0
NOTE	754	60.2310523986816	0.5000000	0
NOTE	755	60.4162368774414	0.400000005960464	0
NOTE	756	60.6014251708984	0.300000011920929	0
NOTE	757	60.6940155029297	0.600000023841858	0
NOTE	758	60.5088310241699	0.699999988079071	0
NOTE	759	60.3236465454102	0.800000011920929	0
NOTE	760	60.7866058498621	0.150000005960464	0.6481490
NOTE	761	64.4903106838465	0.699999988079071	0.6481477
NOTE	762	65.2310485988855	0.400000005960464	0.6481505
NOTE	763	65.9717941433191	0.200000002980232	0.6481457
NOTE	764	66.712532043457	0.800000011920929	0.6481485
NOTE	765	69.6754989773035	0.900000035762787	0.6481444
NOTE	766	72.6392110321257	0.800000011920929	0
NOTE	767	72.7626647949219	0.800000011920929	0
NOTE	768	72.8861236572266	0.200000002980232	0
NOTE	769	73.0095825195313	0.800000011920929	0
NOTE	770	73.2564926147461	0.800000011920929	0
NOTE	771	73.1330413818359	0.200000002980232	0
NOTE	772	73.3799489471647	0.100000001490116	0
NOTE	773	73.5034057409675	0.100000001490116	0
NOTE	774	73.6268625347703	0.900000035762787	0
NOTE	775	73.7503192954593	0.100000001490116	0
NOTE	776	73.8737761003	0.900000035762787	0
NOTE	777	73.9972329492922	0.100000001490116	0
NOTE	778	74.2441482543945	0.2500000	0
NOTE	779	74.3676080792038	0.600000023841858	0
NOTE	780	74.4910648840445	0.2500000	0
NOTE	781	74.6145216447336	0.600000023841858	0
NOTE	782	74.7379784937258	0.2500000	0
NOTE	783	74.8614324066374	0.7500000	0
NOTE	784	74.9848861694336	0.400000005960464	0
NOTE	785	75.1083450317383	0.7500000	0
NOTE	786	75.231803894043	0.400000005960464	0
NOTE	787	75.3552627563477	0.7500000	0
NOTE	788	75.4787139892578	0.400000005960464	0
NOTE	789	85.6014189720154	0.7500000	0
NOTE	790	85.7866134643555	0.7500000	0
NOTE	791	85.6940155029297	0.349999994039536	0
NOTE	792	85.8792037963867	0.349999994039536	0
NOTE	793	87.082902431488	0.2500000	0
NOTE	794	87.2680876166732	0.2500000	0
NOTE	795	87.1754950240806	0.650000035762787	0
NOTE	796	87.3606802092658	0.650000035762787	0
NOTE	797	83.7495727539063	0.300000011920929	0
NOTE	798	83.9347610473633	0.300000011920929	0
NOTE	799	83.8421630859375	0.5000000	0
NOTE	800	84.0273513793945	0.5000000	0
NOTE	801	84.1199417114258	0.699999988079071	0
NOTE	802	84.3051300048828	0.699999988079071	0
NOTE	803	84.212532043457	0.5000000	0
NOTE	804	84.3977203369141	0.5000000	0
NOTE	805	85.6014251708984	0.349999994039536	0
NOTE	806	86.9903098388954	0.650000035762787	0
NOTE	807	88.5643844604492	0.300000011920929	0
NOTE	808	88.7495727539063	0.300000011920929	0
NOTE	809	89.4903089911849	0.200000002980232	0
NOTE	810	89.3051238059998	0.200000002980232	0
NOTE	811	89.3977163985924	0.800000011920929	0
NOTE	812	91.5273451805115	0.2500000	0
NOTE	813	91.7125303656967	0.2500000	0
NOTE	814	91.6199417114258	0.650000035762787	0
NOTE	815	91.8051300048828	0.650000035762787	0
NOTE	816	91.5273451805115	0.650000035762787	0
NOTE	817	93.0088286399841	0.699999988079071	0
NOTE	818	93.1940138251693	0.699999988079071	0
NOTE	819	93.1014212325767	0.349999994039536	0
NOTE	820	93.2866064177619	0.349999994039536	0
NOTE	821	92.9162360473915	0.349999994039536	0
NOTE	822	94.4903120994568	0.699999988079071	0
NOTE	823	94.675497284642	0.699999988079071	0
NOTE	824	95.2310500144959	0.800000011920929	0
NOTE	825	95.416235199681	0.800000011920929	0
NOTE	826	95.3236426070884	0.200000002980232	0
NOTE	827	89.8606872558594	0.600000023841858	0
NOTE	828	89.9532775878906	0.400000005960464	0
NOTE	829	90.0458679199219	0.400000005960464	0
NOTE	830	90.1384582519531	0.600000023841858	0
NOTE	831	90.2310562133789	0.600000023841858	0
NOTE	832	90.3236465454102	0.400000005960464	0
NOTE	833	90.0465698242188	0.600000023841858	0
NOTE	834	90.231046906224	0.400000005960464	0
NOTE	835	95.971794128418	0.600000023841858	0
NOTE	836	96.1569731147201	0.600000023841858	0
NOTE	837	97.4532713890076	0.600000023841858	0
NOTE	838	97.5458679199219	0.150000005960464	0
NOTE	839	97.6384565741928	0.699999988079071	0
NOTE	840	97.7310562133789	0.7500000	0
NOTE	841	99.0273474410728	0.850000023841858	0
NOTE	842	98.9347548484802	0.400000005960464	0
NOTE	843	99.1199417114258	0.300000011920929	0
NOTE	844	99.212532626258	0.2500000	0
NOTE	845	101.712528952846	0.600000023841858	0
NOTE	846	101.805130004883	0.800000011920929	0
NOTE	847	101.897720336914	0.800000011920929	0
NOTE	848	101.990306730624	0.600000023841858	0
NOTE	849	102.082899323216	0.600000023841858	0
NOTE	850	102.175498962402	0.800000011920929	0
NOTE	851	101.805121545438	0.349999994039536	0
NOTE	852	101.897714138031	0.349999994039536	0
NOTE	853	102.082899323216	0.349999994039536	0
NOTE	854	103.379197597504	0.450000017881393	0
NOTE	855	103.471786499023	0.7500000	0
NOTE	856	103.564384460449	0.349999994039536	0
NOTE	857	103.656975375281	0.300000011920929	0
NOTE	858	104.860679626465	0.550000011920929	0
NOTE	859	104.953273649569	0.150000005960464	0
NOTE	860	105.045867919922	0.650000035762787	0
NOTE	861	105.138458834754	0.699999988079071	0
NOTE	862	106.434753417969	0.5000000	0
NOTE	863	106.527351379395	0.599999964237213	0
NOTE	864	106.619941711426	0.699999988079071	0
NOTE	865	107.823640346527	0.200000002980232	0
NOTE	866	107.731047753935	0.800000011920929	0
NOTE	867	108.564385890961	0.699999988079071	0
NOTE	868	108.93475343287	0.400000005960464	0
NOTE	869	109.305123806	0.600000023841858	0
NOTE	870	109.675491347909	0.100000001490116	0
NOTE	871	110.045861721039	0.100000001490116	0
NOTE	872	110.416236892343	0.600000023841858	0
NOTE	873	110.786607265472	0.400000005960464	0
NOTE	874	111.156974807382	0.800000011920929	0
NOTE	875	111.527345180511	0.800000011920929	0
NOTE	876	111.897720336914	0.699999988079071	0
NOTE	877	112.268089294434	0.300000011920929	0
NOTE	878	112.638458266854	0.800000011920929	0
NOTE	879	114.490312099457	0.100000001490116	0
NOTE	880	114.860679641366	0.800000011920929	0
NOTE	881	115.231050014496	0.200000002980232	0
NOTE	882	115.601417556405	0.900000035762787	0
NOTE	883	115.971787929535	0.900000035762787	0
NOTE	884	116.342163100839	0.200000002980232	0
NOTE	885	116.712533473969	0.7500000	0
NOTE	886	117.082901015878	0.400000005960464	0
NOTE	887	117.453271389008	0.400000005960464	0
NOTE	888	117.823638930917	0.300000011920929	0
NOTE	889	118.194009304047	0.699999988079071	0
NOTE	890	118.56438447535	0.200000002980232	0
NOTE	891	120.416230678558	0.2500000	0
NOTE	892	120.786605849862	0.800000011920929	0
NOTE	893	121.156976222992	0.600000023841858	0
NOTE	894	121.527343764901	0.699999988079071	0
NOTE	895	121.897714138031	0.699999988079071	0
NOTE	896	122.268089294434	0.200000002980232	0
NOTE	897	123.749565139413	0.400000005960464	0
NOTE	898	124.490310683846	0.699999988079071	0
NOTE	899	131.249572753906	0.450000017881393	0
NOTE	900	131.434753417969	0.400000005960464	0
NOTE	901	131.61993014371	0.349999994039536	0
NOTE	902	131.805130004883	0.300000011920929	0
NOTE	903	131.712539672852	0.5000000	0
NOTE	904	131.527337551117	0.550000011920929	0
NOTE	905	131.342163085938	0.600000023841858	0
NOTE	906	131.156982421875	0.650000035762787	0
NOTE	907	130.971801757813	0.850000023841858	0
NOTE	908	131.064392089844	0.7500000	0
NOTE	909	11.8977193981409	0.850000023841858	0.5555556
NOTE	910	55.2310500144959	0.100000001490116	0
NOTE	911	55.416235199681	0.100000001490116	0
NOTE	912	143.749572753906	0.900000035762787	0
NOTE	913	60.7866096496582	0.850000023841858	0
NOTE	914	95.6014251708984	0.400000005960464	0
NOTE	915	95.6940101517571	0.5000000	0
NOTE	916	73.9347517402084	0.100000001490116	0
NOTE	917	77.3305673687546	0.300000011920929	0
NOTE	918	77.2071105749519	0.600000023841858	0
NOTE	919	77.4540328979492	0.800000011920929	0
NOTE	920	77.5774917602539	0.5000000	0
NOTE	921	77.7009429931641	0.800000011920929	0
NOTE	922	95.0466435750325	0.200000002980232	0
NOTE	923	122.639238428186	0.400000005960464	0
NOTE	924	4.4910130125505	0.900000035762787	0
NOTE	925	7.45397615432739	0.200000002980232	0
NOTE	926	10.7873091256177	0.300000011920929	0
NOTE	927	49.8613812570219	0.650000035762787	0
NOTE	928	49.9539738496145	0.699999988079071	0
NOTE	929	50.1391590347996	0.699999988079071	0
NOTE	930	50.2317516273922	0.650000035762787	0
NOTE	931	50.7873081719434	0.300000011920929	0
NOTE	932	50.879900764536	0.300000011920929	0
NOTE	933	50.9724933571286	0.900000035762787	0
NOTE	934	51.5280499016797	0.600000023841858	0
NOTE	935	51.6206424942723	0.550000011920929	0
NOTE	936	52.824348449707	0.200000002980232	0
NOTE	937	52.9169425964355	0.2500000	0
NOTE	938	53.1021270751953	0.2500000	0
NOTE	939	53.1947174072266	0.200000002980232	0
NOTE	940	53.7502712761914	0.800000011920929	0
NOTE	941	53.842863868784	0.800000011920929	0
NOTE	942	53.9354564613766	0.450000017881393	0
NOTE	943	54.4910130059278	0.300000011920929	0
NOTE	944	54.5836067199707	0.349999994039536	0
NOTE	945	55.7873074434422	0.200000002980232	0
NOTE	946	55.8799000360348	0.2500000	0
NOTE	947	56.0650852432957	0.300000011920929	0
NOTE	948	56.1576778358883	0.349999994039536	0
NOTE	949	56.7132343804395	0.400000005960464	0
NOTE	950	56.8058269730321	0.400000005960464	0
NOTE	951	56.8984195656247	0.699999988079071	0
NOTE	952	57.4539761101758	0.300000011920929	0
NOTE	953	57.5465687027684	0.300000011920929	0
NOTE	954	73.7502674614942	0.900000035762787	0
NOTE	955	73.565082276309	0.100000001490116	0
NOTE	956	77.8243474585039	0.200000002980232	0
NOTE	957	78.009532654727	0.200000002980232	0
NOTE	958	77.9169387817383	0.600000023841858	0
NOTE	959	78.1021252252437	0.600000023841858	0
NOTE	960	78.2873104325047	0.300000011920929	0
NOTE	961	78.4724956176899	0.300000011920929	0
NOTE	962	78.1947178399121	0.699999988079071	0
NOTE	963	78.3799030250973	0.699999988079071	0
NOTE	964	126.897717334606	0.349999994039536	0
NOTE	965	126.990309927199	0.300000011920929	0
NOTE	966	127.175495112384	0.349999994039536	0
NOTE	967	127.268087704976	0.300000011920929	0
NOTE	968	137.731049255089	0.5000000	0
NOTE	969	106.71253215494	0.900000035762787	0
NOTE	970	106.990309927199	0.699999988079071	0
NOTE	971	113.008827209473	0.200000002980232	0
LINK 165 166
LINK 212 213 214
LINK 221 222 223
LINK 229 230 231
LINK 267 268 269
LINK 270 271 272
LINK 279 280 281
LINK 282 283
LINK 303 304 305
LINK 317 318 319
LINK 320 321 322
LINK 323 324 325
LINK 326 327 328
LINK 400 401 402 403
LINK 418 419 420 421
LINK 447 448 449 450
LINK 483 484 485
LINK 495 496 497 498
LINK 502 503 504 505
LINK 511 512 513 514
LINK 522 523
LINK 524 525
LINK 526 527
LINK 532 533 534 535
LINK 539 540 541 542
LINK 548 549 550 551
LINK 558 559 560
LINK 562 563
LINK 564 565
LINK 566 567
LINK 598 599 600 601
LINK 626 627 628
LINK 629 630 631
LINK 638 639 640
LINK 827 828
LINK 829 830
LINK 831 832
LINK 845 846
LINK 847 848
LINK 849 850
LINK 862 863 864
LINK 907 908
LINK 914 915 424 425 426 427 428 429
LINK 971 556 557
