VERSION 2
BPM 170.000000
PAGE_SHIFT -0.044000
PAGE_SIZE 0.705882
NOTE	0	1.499589	0.329261	0.000000
NOTE	1	1.852748	0.233709	0.000000
NOTE	2	2.206717	0.376253	0.000000
NOTE	3	2.561276	0.500000	0.000000
NOTE	4	2.911354	0.626880	0.000000
NOTE	5	3.265914	0.799185	0.000000
NOTE	6	3.623192	0.532039	0.439750
NOTE	7	4.322611	0.253515	0.000000
NOTE	8	4.674423	0.253515	0.000000
NOTE	9	5.032963	0.384796	0.441741
NOTE	10	5.746128	0.867967	0.000000
NOTE	11	6.087626	0.710072	0.000000
NOTE	12	6.446026	0.566347	0.440444
NOTE	13	7.145941	0.888644	0.000000
NOTE	14	7.145941	0.224483	0.000000
NOTE	15	7.499390	0.888644	0.000000
NOTE	16	7.499390	0.224483	0.000000
NOTE	17	7.852447	0.454746	0.000000
NOTE	18	7.852447	0.666212	0.000000
NOTE	19	8.207888	0.454746	0.000000
NOTE	20	8.207888	0.666212	0.000000
NOTE	21	8.381630	0.564223	0.000000
NOTE	22	8.559076	0.224483	0.000000
NOTE	23	8.559076	0.888644	0.000000
NOTE	24	8.910533	0.224483	0.000000
NOTE	25	8.910533	0.888644	0.000000
NOTE	26	9.266203	0.105435	0.000000
NOTE	27	9.266203	0.769596	0.000000
NOTE	28	9.617661	0.399922	0.000000
NOTE	29	9.617661	0.605122	0.000000
NOTE	30	9.795386	0.501566	0.000000
NOTE	31	9.970840	0.069408	0.000000
NOTE	32	9.970840	0.733568	0.000000
NOTE	33	10.322297	0.069408	0.000000
NOTE	34	10.322297	0.733568	0.000000
NOTE	35	10.675976	0.315335	0.000000
NOTE	36	10.675976	0.979496	0.000000
NOTE	37	11.031417	0.412453	0.000000
NOTE	38	11.031417	0.857315	0.000000
NOTE	39	11.207151	0.664474	0.000000
NOTE	40	11.382605	0.131579	0.000000
NOTE	41	11.382605	0.534633	0.000000
NOTE	42	11.736053	0.131579	0.000000
NOTE	43	11.736053	0.534633	0.000000
NOTE	44	12.091060	0.333960	0.442469
NOTE	45	12.796362	0.183756	0.000000
NOTE	46	12.796362	0.841651	0.000000
NOTE	47	13.147820	0.515836	0.000000
NOTE	48	13.500875	0.316902	0.000000
NOTE	49	13.852333	0.316902	0.000000
NOTE	50	13.852333	0.782127	0.000000
NOTE	51	14.206135	0.576927	0.000000
NOTE	52	14.206135	0.993734	0.000000
NOTE	53	14.559584	0.158694	0.000000
NOTE	54	14.559584	0.576927	0.000000
NOTE	55	14.909263	0.242873	0.566425
NOTE	56	14.909263	0.449640	0.570189
NOTE	57	15.621408	0.897859	0.000000
NOTE	58	15.972777	0.673862	0.000000
NOTE	59	16.328291	0.535654	0.000000
NOTE	60	16.679661	0.311656	0.000000
NOTE	61	17.028999	0.180451	0.439729
NOTE	62	18.090097	0.327694	0.000000
NOTE	63	18.440964	0.341055	0.000000
NOTE	64	18.794325	0.579150	0.000000
NOTE	65	19.145855	0.677471	0.000000
NOTE	66	19.501207	0.903034	0.000000
NOTE	67	19.854729	0.805710	0.000000
NOTE	68	20.206099	0.572314	0.000000
NOTE	69	20.559658	0.260338	0.000000
NOTE	70	21.264294	0.426378	0.000000
NOTE	71	21.970192	0.694236	0.000000
NOTE	72	22.680040	0.930295	0.000000
NOTE	73	22.680040	0.106830	0.000000
NOTE	74	25.500154	0.880811	0.000000
NOTE	75	25.676247	0.880811	0.000000
NOTE	76	25.852337	0.179057	0.000000
NOTE	77	26.028429	0.179057	0.000000
NOTE	78	26.206209	0.499539	0.000000
NOTE	79	26.382771	0.330020	0.000000
NOTE	80	26.382771	0.664214	0.000000
NOTE	81	26.559334	0.499539	0.000000
NOTE	82	26.735895	0.664214	0.000000
NOTE	83	26.912640	0.332253	0.000000
NOTE	84	27.264095	0.774295	0.000000
NOTE	85	27.619299	0.141041	0.000000
NOTE	86	27.619299	0.921664	0.000000
NOTE	87	27.793890	0.241436	0.000000
NOTE	88	27.970535	0.921664	0.000000
NOTE	89	27.970535	0.141041	0.000000
NOTE	90	28.148329	0.751065	0.000000
NOTE	91	28.326551	0.397933	0.000000
NOTE	92	28.326551	0.586451	0.000000
NOTE	93	28.501143	0.492264	0.000000
NOTE	94	28.677788	0.397933	0.000000
NOTE	95	28.677788	0.586451	0.000000
NOTE	96	28.855581	0.492264	0.000000
NOTE	97	29.215566	0.199420	0.000000
NOTE	98	29.215566	0.863581	0.000000
NOTE	99	29.563829	0.863581	0.000000
NOTE	100	29.563829	0.199420	0.000000
NOTE	101	29.593241	0.796053	0.000000
NOTE	102	29.593241	0.257519	0.000000
NOTE	103	29.738495	0.343358	0.000000
NOTE	104	29.738495	0.696115	0.000000
NOTE	105	29.916964	0.352507	0.000000
NOTE	106	29.919018	0.686701	0.000000
NOTE	107	30.091555	0.522026	0.000000
NOTE	108	30.268200	0.686701	0.000000
NOTE	109	30.268200	0.352507	0.000000
NOTE	110	30.444002	0.896617	0.000000
NOTE	111	30.444002	0.133459	0.000000
NOTE	112	30.620987	0.111529	0.000000
NOTE	113	30.620987	0.896617	0.000000
NOTE	114	30.797972	0.841479	0.000000
NOTE	115	30.885813	0.717732	0.000000
NOTE	116	30.973654	0.592419	0.000000
NOTE	117	31.056421	0.468672	0.000000
NOTE	118	31.146040	0.307331	0.000000
NOTE	119	31.501207	0.424812	0.000000
NOTE	120	31.859505	0.624950	0.000000
NOTE	121	32.210083	0.786291	0.000000
NOTE	122	32.566387	0.417820	0.000000
NOTE	123	32.741676	0.127193	0.000000
NOTE	124	32.916965	0.417820	0.000000
NOTE	125	33.267044	0.926833	0.000000
NOTE	126	33.267044	0.284055	0.000000
NOTE	127	33.439579	0.591418	0.000000
NOTE	128	33.616226	0.926833	0.000000
NOTE	129	33.616226	0.284055	0.000000
NOTE	130	33.794018	0.591418	0.000000
NOTE	131	33.975449	0.174045	0.000000
NOTE	132	34.146828	0.095097	0.000000
NOTE	133	34.322922	0.768030	0.000000
NOTE	134	34.499012	0.689082	0.000000
NOTE	135	34.686558	0.346350	0.000000
NOTE	136	34.857937	0.267403	0.000000
NOTE	137	35.034031	0.497039	0.000000
NOTE	138	35.210121	0.418092	0.000000
NOTE	139	35.384583	0.144189	0.174123
NOTE	140	35.739437	0.830279	0.220561
NOTE	141	36.089066	0.501566	0.000000
NOTE	142	36.442757	0.501566	0.000000
NOTE	143	36.469227	0.501566	0.000000
NOTE	144	36.510406	0.501566	0.000000
NOTE	145	36.800602	0.384242	0.000000
NOTE	146	36.887096	0.207237	0.000000
NOTE	147	36.975330	0.061247	0.000000
NOTE	148	37.151218	0.797776	0.000000
NOTE	149	37.236420	0.678728	0.000000
NOTE	150	37.327122	0.537751	0.000000
NOTE	151	37.501511	0.412544	0.000000
NOTE	152	37.588005	0.246504	0.000000
NOTE	153	37.676239	0.121347	0.000000
NOTE	154	37.852127	0.867145	0.000000
NOTE	155	37.937328	0.694839	0.000000
NOTE	156	38.028030	0.544620	0.000000
NOTE	157	38.200794	0.260338	0.000000
NOTE	158	38.288853	0.377820	0.000000
NOTE	159	38.376911	0.260338	0.000000
NOTE	160	38.557449	0.828947	0.000000
NOTE	161	38.734726	0.828947	0.000000
NOTE	162	39.092735	0.686317	0.000000
NOTE	163	39.180706	0.589449	0.000000
NOTE	164	39.268677	0.686317	0.000000
NOTE	165	39.356647	0.589449	0.000000
NOTE	166	39.622723	0.133209	0.000000
NOTE	167	39.622723	0.877804	0.000000
NOTE	168	39.795261	0.302728	0.000000
NOTE	169	39.971905	0.877804	0.000000
NOTE	170	39.971905	0.133209	0.000000
NOTE	171	40.149700	0.689632	0.000000
NOTE	172	40.325802	0.336843	0.000000
NOTE	173	40.325802	0.506362	0.000000
NOTE	174	40.500393	0.506362	0.000000
NOTE	175	40.677040	0.506362	0.000000
NOTE	176	40.677040	0.671037	0.000000
NOTE	177	40.854832	0.506362	0.000000
NOTE	178	41.039623	0.866714	0.000000
NOTE	179	41.039623	0.202553	0.000000
NOTE	180	41.563564	0.202553	0.000000
NOTE	181	41.563564	0.866714	0.000000
NOTE	182	42.093044	0.096037	0.000000
NOTE	183	42.093044	0.844925	0.000000
NOTE	184	42.443939	0.759631	0.175581
NOTE	185	42.620552	0.471410	0.000000
NOTE	186	42.795074	0.255245	0.000000
NOTE	187	42.973843	0.255245	0.000000
NOTE	188	43.151070	0.624132	0.172342
NOTE	189	43.323696	0.489738	0.000000
NOTE	190	43.500211	0.346491	0.000000
NOTE	191	43.676987	0.489738	0.000000
NOTE	192	43.856461	0.912140	0.000000
NOTE	193	44.032551	0.849640	0.000000
NOTE	194	44.208641	0.213832	0.000000
NOTE	195	44.384735	0.130498	0.000000
NOTE	196	44.557606	0.738268	0.000000
NOTE	197	44.733700	0.683443	0.000000
NOTE	198	44.909790	0.343531	0.000000
NOTE	199	45.085880	0.255812	0.000000
NOTE	200	45.269485	0.469988	0.000000
NOTE	201	45.269485	0.686701	0.000000
NOTE	202	45.442024	0.585903	0.000000
NOTE	203	45.618668	0.469988	0.000000
NOTE	204	45.618668	0.686701	0.000000
NOTE	205	45.796463	0.385748	0.000000
NOTE	206	45.974918	0.109713	0.000000
NOTE	207	45.974918	0.937328	0.000000
NOTE	208	46.147453	0.263567	0.000000
NOTE	209	46.324100	0.937328	0.000000
NOTE	210	46.324100	0.109713	0.000000
NOTE	211	46.501892	0.793016	0.000000
NOTE	212	46.674427	0.526629	0.000000
NOTE	213	47.030727	0.526629	0.000000
NOTE	214	47.383186	0.822525	0.000000
NOTE	215	47.383186	0.210213	0.000000
NOTE	216	47.649902	0.822525	0.000000
NOTE	217	47.735554	0.216009	0.000000
NOTE	218	47.916462	0.216009	0.000000
NOTE	219	47.916462	0.822525	0.000000
NOTE	220	48.091808	0.528196	0.529955
NOTE	221	49.150322	0.741228	0.000000
NOTE	222	49.152313	0.379386	0.000000
NOTE	223	49.502982	0.194549	0.000000
NOTE	224	49.857542	0.908835	0.000000
NOTE	225	50.032830	0.904135	0.000000
NOTE	226	50.558399	0.539160	0.265013
NOTE	227	50.917328	0.404449	0.616201
NOTE	228	51.618481	0.666040	0.000000
NOTE	229	52.151724	0.666040	0.000000
NOTE	230	52.326514	0.916667	0.177603
NOTE	231	52.326515	0.135025	0.177603
NOTE	232	52.679379	0.905702	0.000000
NOTE	233	52.769012	0.135025	0.000000
NOTE	234	52.856655	0.902569	0.000000
NOTE	235	52.951199	0.192293	0.000000
NOTE	236	53.039497	0.736905	0.000000
NOTE	237	53.127800	0.344236	0.000000
NOTE	238	53.216103	0.606892	0.000000
NOTE	239	53.304401	0.469549	0.000000
NOTE	240	53.392704	0.736905	0.000000
NOTE	241	53.481007	0.344236	0.000000
NOTE	242	53.569309	0.580263	0.000000
NOTE	243	53.737541	0.150862	0.000000
NOTE	244	53.737541	0.909007	0.000000
NOTE	245	54.441841	0.929007	0.000000
NOTE	246	54.441841	0.152065	0.000000
NOTE	247	54.972389	0.327694	0.000000
NOTE	248	54.972389	0.750627	0.000000
NOTE	249	55.000385	0.263471	0.000000
NOTE	250	55.000385	0.825815	0.000000
NOTE	251	55.152626	0.946429	0.000000
NOTE	252	55.152626	0.141291	0.000000
NOTE	253	55.855179	0.166353	0.000000
NOTE	254	55.855179	0.626880	0.000000
NOTE	255	56.122093	0.329261	0.000000
NOTE	256	56.387608	0.626880	0.000000
NOTE	257	56.561806	0.835213	0.000000
NOTE	258	57.270924	0.581454	0.439077
NOTE	259	57.975563	0.377820	0.000000
NOTE	260	57.975563	0.670739	0.000000
NOTE	261	58.241077	0.670739	0.000000
NOTE	262	58.241077	0.377820	0.000000
NOTE	263	58.593681	0.522807	0.000000
NOTE	264	58.681980	0.851253	0.000000
NOTE	265	58.770283	0.196992	0.000000
NOTE	266	58.858585	0.851253	0.000000
NOTE	267	58.946888	0.196992	0.000000
NOTE	268	59.035187	0.851253	0.000000
NOTE	269	59.123489	0.196992	0.000000
NOTE	270	59.211792	0.851253	0.000000
NOTE	271	59.385925	0.500000	0.529956
NOTE	272	60.095047	0.832080	0.000000
NOTE	273	60.095047	0.164787	0.000000
NOTE	274	60.443630	0.164787	0.000000
NOTE	275	60.443630	0.832080	0.000000
NOTE	276	60.797688	0.500000	0.000000
NOTE	277	61.326111	0.637845	0.000000
NOTE	278	61.326111	0.382519	0.000000
NOTE	279	61.368813	0.702068	0.000000
NOTE	280	61.368813	0.318296	0.000000
NOTE	281	61.502800	0.921366	0.000000
NOTE	282	61.502800	0.102130	0.000000
NOTE	283	61.545502	0.825815	0.000000
NOTE	284	61.545502	0.166353	0.000000
NOTE	285	62.207996	0.481203	0.000000
NOTE	286	62.250698	0.481203	0.000000
NOTE	287	62.515373	0.200815	0.000000
NOTE	288	62.558075	0.200815	0.000000
NOTE	289	62.911140	0.492168	0.000000
NOTE	290	62.953842	0.492168	0.000000
NOTE	291	63.221878	0.692669	0.000000
NOTE	292	63.264580	0.692669	0.000000
NOTE	293	63.617657	0.494590	0.353052
NOTE	294	63.790287	0.321035	0.000000
NOTE	295	63.966839	0.155552	0.180337
NOTE	296	64.143593	0.321035	0.000000
NOTE	297	64.329552	0.641141	0.348925
NOTE	298	64.502182	0.773969	0.000000
NOTE	299	64.678734	0.895592	0.174328
NOTE	300	64.855476	0.773969	0.000000
NOTE	301	65.038475	0.331836	0.000000
NOTE	302	65.208961	0.165546	0.000000
NOTE	303	65.211014	0.499741	0.000000
NOTE	304	65.383553	0.335065	0.000000
NOTE	305	65.560196	0.499741	0.000000
NOTE	306	65.741425	0.903994	0.000000
NOTE	307	65.912804	0.825047	0.000000
NOTE	308	66.088898	0.746100	0.000000
NOTE	309	66.264992	0.667152	0.000000
NOTE	310	66.453690	0.399148	0.000000
NOTE	311	66.616386	0.351803	0.000000
NOTE	312	66.794342	0.399148	0.000000
NOTE	313	66.968925	0.505041	0.000000
NOTE	314	67.162804	0.738085	0.000000
NOTE	315	67.325508	0.785429	0.000000
NOTE	316	67.503456	0.738085	0.000000
NOTE	317	67.678047	0.632192	0.000000
NOTE	318	67.857719	0.143712	0.568909
NOTE	319	68.030350	0.328867	0.000000
NOTE	320	68.207420	0.418546	0.000000
NOTE	321	68.383636	0.328867	0.000000
NOTE	322	68.558624	0.820752	0.568909
NOTE	323	68.731255	0.717051	0.000000
NOTE	324	68.908333	0.581945	0.000000
NOTE	325	69.084541	0.717051	0.000000
NOTE	326	69.269791	0.418546	0.000000
NOTE	327	69.442329	0.245981	0.000000
NOTE	328	69.442329	0.418546	0.000000
NOTE	329	69.614868	0.418546	0.000000
NOTE	330	69.796158	0.418546	0.000000
NOTE	331	69.796158	0.585893	0.000000
NOTE	332	69.976097	0.840288	0.000000
NOTE	333	70.064400	0.134336	0.000000
NOTE	334	70.152702	0.840288	0.000000
NOTE	335	70.241005	0.134336	0.000000
NOTE	336	70.329308	0.840288	0.000000
NOTE	337	70.417603	0.134336	0.000000
NOTE	338	70.505905	0.840288	0.000000
NOTE	339	70.678680	0.436404	0.000000
NOTE	340	70.722855	0.586779	0.000000
NOTE	341	70.767044	0.586779	0.000000
NOTE	342	70.811226	0.436404	0.000000
NOTE	343	70.855408	0.336153	0.000000
NOTE	344	70.900185	0.586779	0.000000
NOTE	345	70.943237	0.436404	0.000000
NOTE	346	70.987427	0.336153	0.000000
NOTE	347	71.031601	0.264098	0.000000
NOTE	348	71.075790	0.264098	0.000000
NOTE	349	71.119972	0.264098	0.000000
NOTE	350	71.164154	0.336153	0.000000
NOTE	351	71.208336	0.405075	0.000000
NOTE	352	71.246620	0.478070	0.000000
NOTE	353	71.291328	0.586779	0.000000
NOTE	354	71.382072	0.750682	0.000000
NOTE	355	71.470350	0.877562	0.000000
NOTE	356	71.558628	0.944918	0.000000
NOTE	357	71.646904	0.877562	0.000000
NOTE	358	71.735184	0.797675	0.000000
NOTE	359	72.085632	0.501410	0.348957
NOTE	360	72.532104	0.120811	0.000000
NOTE	361	72.619942	0.899436	0.000000
NOTE	362	72.706993	0.167804	0.000000
NOTE	363	72.796829	0.590852	0.000000
NOTE	364	72.884674	0.346491	0.000000
NOTE	365	72.972519	0.678571	0.000000
NOTE	366	73.065263	0.244674	0.000000
NOTE	367	73.144918	0.783521	0.000000
NOTE	368	73.502982	0.333960	0.000000
NOTE	369	73.502983	0.647243	0.000000
NOTE	370	73.857542	0.163221	0.000000
NOTE	371	74.034822	0.868108	0.000000
NOTE	372	74.210114	0.377820	0.000000
NOTE	373	74.387394	0.666040	0.175552
NOTE	374	74.563347	0.377820	0.000000
NOTE	375	74.739960	0.651942	0.000000
NOTE	376	75.096676	0.222917	0.000000
NOTE	377	75.096676	0.887077	0.000000
NOTE	378	75.444149	0.222917	0.000000
NOTE	379	75.444149	0.887077	0.000000
NOTE	380	75.799042	0.069408	0.000000
NOTE	381	75.799042	0.738268	0.000000
NOTE	382	76.065193	0.404449	0.000000
NOTE	383	76.151718	0.493734	0.000000
NOTE	384	76.323296	0.589286	0.572082
NOTE	385	77.735580	0.484432	0.000000
NOTE	386	77.912155	0.655373	0.000000
NOTE	387	77.912155	0.324311	0.000000
NOTE	388	78.088737	0.484432	0.000000
NOTE	389	78.265320	0.655373	0.000000
NOTE	390	78.265320	0.324311	0.000000
NOTE	391	78.445404	0.838346	0.176362
NOTE	392	78.445709	0.166353	0.000000
NOTE	393	78.622684	0.164787	0.000000
NOTE	394	78.799964	0.164787	0.174742
NOTE	395	78.799965	0.844612	0.000000
NOTE	396	78.975250	0.844612	0.000000
NOTE	397	79.150970	0.423246	0.000000
NOTE	398	79.150970	0.689536	0.176688
NOTE	399	79.328247	0.557487	0.000000
NOTE	400	79.505531	0.691416	0.000000
NOTE	401	79.505531	0.421679	0.174742
NOTE	402	79.680817	0.557487	0.000000
NOTE	403	79.856682	0.885636	0.000000
NOTE	404	79.856682	0.139474	0.000000
NOTE	405	80.029221	0.265134	0.000000
NOTE	406	80.205864	0.139474	0.000000
NOTE	407	80.205864	0.885636	0.000000
NOTE	408	80.383659	0.742891	0.000000
NOTE	409	80.739708	0.562657	0.000000
NOTE	410	80.916992	0.694236	0.174742
NOTE	411	81.092278	0.562657	0.000000
NOTE	412	81.267876	0.161654	0.000000
NOTE	413	81.267876	0.875940	0.176362
NOTE	414	81.444847	0.266604	0.000000
NOTE	415	81.622131	0.791353	0.000000
NOTE	416	81.622131	0.161654	0.174742
NOTE	417	81.797417	0.875940	0.000000
NOTE	418	81.974066	0.378427	0.000000
NOTE	419	82.066374	0.459775	0.000000
NOTE	420	82.147280	0.619761	0.000000
NOTE	421	82.235457	0.459775	0.000000
NOTE	422	82.321024	0.619761	0.000000
NOTE	423	82.413332	0.511467	0.000000
NOTE	424	82.494238	0.378427	0.000000
NOTE	425	82.582415	0.511467	0.000000
NOTE	426	82.682481	0.845712	0.000000
NOTE	427	82.682481	0.181552	0.000000
NOTE	428	83.029954	0.845712	0.000000
NOTE	429	83.029954	0.181552	0.000000
NOTE	430	83.385713	0.498840	0.658287
NOTE	431	84.442451	0.104971	0.000000
NOTE	432	84.442454	0.906048	0.000000
NOTE	433	84.797333	0.188514	0.000000
NOTE	434	84.797333	0.801620	0.000000
NOTE	435	85.144806	0.625254	0.000000
NOTE	436	85.144806	0.334712	0.000000
NOTE	437	85.325704	0.417618	0.000000
NOTE	438	85.325706	0.552214	0.000000
NOTE	439	85.854368	0.498840	0.174925
NOTE	440	86.205544	0.665921	0.529634
NOTE	441	86.205544	0.336684	0.529634
NOTE	442	86.920929	0.164958	0.520131
NOTE	443	86.920929	0.863174	0.520131
NOTE	444	87.610664	0.732425	0.000000
NOTE	445	87.610664	0.279060	0.000000
NOTE	446	87.968819	0.612898	0.000000
NOTE	447	88.056656	0.465945	0.000000
NOTE	448	88.144501	0.705723	0.000000
NOTE	449	88.232338	0.558770	0.000000
NOTE	450	88.325760	0.338235	0.000000
NOTE	451	88.410522	0.928602	0.000000
NOTE	452	88.501427	0.269889	0.000000
NOTE	453	88.587570	0.876939	0.000000
NOTE	454	88.677094	0.201543	0.000000
NOTE	455	88.764618	0.825276	0.000000
NOTE	456	88.852760	0.133198	0.000000
NOTE	457	88.941673	0.773614	0.000000
NOTE	458	89.032768	0.628794	0.000000
NOTE	459	89.729647	0.496519	0.000000
NOTE	460	90.263773	0.336397	0.000000
NOTE	461	90.485849	0.166992	0.000000
NOTE	462	91.147316	0.573142	0.000000
NOTE	463	91.323898	0.669955	0.000000
NOTE	464	91.411972	0.445508	0.000000
NOTE	465	91.499668	0.669955	0.000000
NOTE	466	91.675539	0.329435	0.000000
NOTE	467	91.675539	0.788917	0.000000
NOTE	468	91.852516	0.152718	0.000000
NOTE	469	92.028608	0.152718	0.000000
NOTE	470	92.204699	0.152718	0.000000
NOTE	471	92.380790	0.152718	0.000000
NOTE	472	92.561190	0.368535	0.000000
NOTE	473	92.737282	0.545252	0.000000
NOTE	474	92.913376	0.545252	0.000000
NOTE	475	93.089462	0.545252	0.000000
NOTE	476	93.308235	0.852357	0.000000
NOTE	477	93.308235	0.194712	0.000000
NOTE	478	93.395238	0.755489	0.000000
NOTE	479	93.397230	0.291580	0.000000
NOTE	480	93.483209	0.852357	0.000000
NOTE	481	93.485201	0.194712	0.000000
NOTE	482	93.570783	0.755489	0.000000
NOTE	483	93.572775	0.291580	0.000000
NOTE	484	93.659150	0.852357	0.000000
NOTE	485	93.661142	0.194712	0.000000
NOTE	486	93.747121	0.755489	0.000000
NOTE	487	93.749113	0.291580	0.000000
NOTE	488	93.973909	0.422519	0.000000
NOTE	489	94.066217	0.503867	0.000000
NOTE	490	94.147123	0.663853	0.000000
NOTE	491	94.235300	0.503867	0.000000
NOTE	492	94.320867	0.663853	0.000000
NOTE	493	94.413176	0.555558	0.000000
NOTE	494	94.494081	0.422519	0.000000
NOTE	495	94.582258	0.555558	0.000000
NOTE	496	94.684649	0.277949	0.000000
NOTE	497	94.765555	0.152636	0.000000
NOTE	498	94.853732	0.085280	0.000000
NOTE	499	94.941912	0.085280	0.000000
NOTE	500	95.030089	0.085280	0.000000
NOTE	501	95.118270	0.152636	0.000000
NOTE	502	95.206446	0.213726	0.000000
NOTE	503	95.294627	0.373501	0.000000
NOTE	504	95.390372	0.589260	0.000000
NOTE	505	95.471278	0.714573	0.000000
NOTE	506	95.559454	0.781929	0.000000
NOTE	507	95.647635	0.781929	0.000000
NOTE	508	95.735812	0.781929	0.000000
NOTE	509	95.823992	0.714573	0.000000
NOTE	510	95.912169	0.653483	0.000000
NOTE	511	96.000349	0.493709	0.000000
NOTE	512	98.910332	0.314482	0.000000
NOTE	513	99.263565	0.490874	0.000000
NOTE	514	99.617218	0.570466	0.000000
NOTE	515	99.970451	0.746858	0.000000
NOTE	516	100.324104	0.395004	0.000000
NOTE	517	100.677338	0.218612	0.000000
NOTE	518	101.030983	0.505584	0.000000
NOTE	519	101.384216	0.681976	0.000000
NOTE	520	101.737869	0.852148	0.000000
NOTE	521	102.091103	0.852148	0.000000
NOTE	522	102.444756	0.230939	0.000000
NOTE	523	102.797989	0.230939	0.000000
NOTE	524	103.148827	0.500000	0.527528
NOTE	525	104.563401	0.250939	0.000000
NOTE	526	104.916634	0.250939	0.000000
NOTE	527	105.270287	0.492621	0.000000
NOTE	528	105.623520	0.492621	0.000000
NOTE	529	105.972351	0.335526	0.000000
NOTE	530	106.673767	0.621567	0.000000
NOTE	531	107.381086	0.666857	0.530560
NOTE	532	110.204618	0.228261	0.177616
NOTE	533	110.557922	0.426106	0.177256
NOTE	534	110.911499	0.643951	0.176620
NOTE	535	111.264809	0.841796	0.177256
NOTE	536	111.618385	0.404130	0.177256
NOTE	537	111.971695	0.206285	0.175248
NOTE	538	112.325272	0.545698	0.177256
NOTE	539	112.678581	0.743543	0.175248
NOTE	540	113.028137	0.180587	0.000000
NOTE	541	113.732590	0.497616	0.000000
NOTE	542	114.439909	0.831331	0.000000
NOTE	543	115.147387	0.330759	0.000000
NOTE	544	115.502033	0.654939	0.000000
NOTE	545	115.851675	0.325992	0.000000
NOTE	546	116.208473	0.740751	0.000000
NOTE	547	116.379974	0.609649	0.000000
NOTE	548	116.733574	0.324538	0.000000
NOTE	549	116.911140	0.191053	0.000000
NOTE	550	117.260410	0.497616	0.533595
NOTE	551	117.970912	0.666857	0.528975
NOTE	552	120.089571	0.161654	0.000000
NOTE	553	120.176905	0.413643	0.000000
NOTE	554	120.264679	0.161654	0.000000
NOTE	555	120.352446	0.413643	0.000000
NOTE	556	120.442139	0.161654	0.000000
NOTE	557	120.527985	0.413643	0.000000
NOTE	558	120.615761	0.161654	0.000000
NOTE	559	120.703529	0.413643	0.000000
NOTE	560	120.794411	0.802386	0.000000
NOTE	561	120.882065	0.728765	0.000000
NOTE	562	120.969719	0.651738	0.000000
NOTE	563	121.145027	0.969993	0.000000
NOTE	564	121.232679	0.877574	0.000000
NOTE	565	121.320333	0.802386	0.000000
NOTE	566	121.505157	0.536814	0.000000
NOTE	567	121.586067	0.424918	0.000000
NOTE	568	121.674240	0.333589	0.000000
NOTE	569	121.850601	0.489141	0.000000
NOTE	570	121.938782	0.571275	0.000000
NOTE	571	122.026955	0.489141	0.000000
NOTE	572	122.205882	0.163689	0.000000
NOTE	573	122.294183	0.733363	0.000000
NOTE	574	122.382485	0.163689	0.000000
NOTE	575	122.470786	0.733363	0.000000
NOTE	576	122.559088	0.163689	0.000000
NOTE	577	122.647390	0.733363	0.000000
NOTE	578	122.735692	0.163689	0.000000
NOTE	579	122.823993	0.733363	0.000000
NOTE	580	122.913201	0.368685	0.000000
NOTE	581	123.001502	0.938359	0.000000
NOTE	582	123.089804	0.368685	0.000000
NOTE	583	123.178105	0.938359	0.000000
NOTE	584	123.266407	0.368685	0.000000
NOTE	585	123.354709	0.938359	0.000000
NOTE	586	123.443011	0.368685	0.000000
NOTE	587	123.531312	0.938359	0.000000
NOTE	588	123.577797	0.180239	0.000000
NOTE	589	123.666098	0.787371	0.000000
NOTE	590	123.754402	0.180239	0.000000
NOTE	591	123.842705	0.699025	0.000000
NOTE	592	123.931000	0.180239	0.000000
NOTE	593	124.019305	0.787371	0.000000
NOTE	594	124.107605	0.180239	0.000000
NOTE	595	124.195908	0.699025	0.000000
NOTE	596	124.328293	0.361679	0.000000
NOTE	597	124.415947	0.361679	0.000000
NOTE	598	124.503601	0.361679	0.000000
NOTE	599	124.678909	0.462270	0.000000
NOTE	600	124.766563	0.502316	0.000000
NOTE	601	124.854216	0.575937	0.000000
NOTE	602	125.026703	0.100911	0.000000
NOTE	603	125.026703	0.898687	0.000000
NOTE	604	125.116852	0.898687	0.000000
NOTE	605	125.204414	0.100911	0.000000
NOTE	606	125.204414	0.840302	0.000000
NOTE	607	125.382164	0.898687	0.000000
NOTE	608	125.470604	0.130190	0.000000
NOTE	609	125.559837	0.898687	0.000000
NOTE	610	125.559837	0.100911	0.000000
NOTE	611	125.647484	0.100911	0.000000
NOTE	612	125.739487	0.449738	0.000000
NOTE	613	125.827477	0.672429	0.000000
NOTE	614	125.915459	0.381392	0.000000
NOTE	615	126.003448	0.614841	0.000000
NOTE	616	126.091438	0.313046	0.000000
NOTE	617	126.179428	0.565653	0.000000
NOTE	618	126.267410	0.244701	0.000000
NOTE	619	126.355400	0.517723	0.000000
NOTE	620	126.443888	0.102326	0.000000
NOTE	621	126.531873	0.874409	0.000000
NOTE	622	126.619861	0.102326	0.000000
NOTE	623	126.707849	0.874409	0.000000
NOTE	624	126.795836	0.102326	0.000000
NOTE	625	126.883824	0.874409	0.000000
NOTE	626	126.971812	0.102326	0.000000
NOTE	627	127.059799	0.874409	0.000000
NOTE	628	127.148827	0.355277	0.000000
NOTE	629	127.235405	0.482875	0.000000
NOTE	630	127.316315	0.550367	0.000000
NOTE	631	127.404488	0.623406	0.000000
NOTE	632	127.492668	0.550367	0.000000
NOTE	633	127.586136	0.623406	0.000000
NOTE	634	127.675583	0.550367	0.000000
NOTE	635	127.765022	0.482875	0.000000
NOTE	636	128.558973	0.738436	0.000000
NOTE	637	128.646814	0.529418	0.000000
NOTE	638	128.734655	0.317754	0.000000
NOTE	639	128.822496	0.108736	0.000000
NOTE	640	128.910588	0.893920	0.000000
NOTE	641	128.998306	0.783657	0.000000
NOTE	642	129.089066	0.643021	0.000000
NOTE	643	129.173752	0.516686	0.000000
NOTE	644	129.266449	0.199316	0.000000
NOTE	645	129.354614	0.408944	0.000000
NOTE	646	129.442788	0.199316	0.000000
NOTE	647	129.530960	0.408944	0.000000
NOTE	648	129.619125	0.470344	0.000000
NOTE	649	129.707291	0.681810	0.000000
NOTE	650	129.795471	0.470344	0.000000
NOTE	651	129.883636	0.681810	0.000000
NOTE	652	129.972321	0.157908	0.000000
NOTE	653	130.059982	0.157908	0.000000
NOTE	654	130.147629	0.157908	0.000000
NOTE	655	130.322942	0.748311	0.000000
NOTE	656	130.410599	0.748311	0.000000
NOTE	657	130.498245	0.748311	0.000000
NOTE	658	130.679791	0.426038	0.000000
NOTE	659	130.767441	0.367672	0.000000
NOTE	660	130.855103	0.310872	0.000000
NOTE	661	131.030411	0.574303	0.000000
NOTE	662	131.118057	0.520023	0.000000
NOTE	663	131.205719	0.466560	0.000000
NOTE	664	131.377182	0.890399	0.000000
NOTE	665	131.472885	0.802204	0.000000
NOTE	666	131.558105	0.171245	0.000000
NOTE	667	131.647766	0.072799	0.000000
NOTE	668	131.736145	0.890399	0.000000
NOTE	669	131.825806	0.802204	0.000000
NOTE	670	131.908927	0.171245	0.000000
NOTE	671	131.998587	0.072799	0.000000
NOTE	672	132.091270	0.571344	0.000000
NOTE	673	132.179443	0.608688	0.000000
NOTE	674	132.267624	0.490412	0.000000
NOTE	675	132.355804	0.542459	0.000000
NOTE	676	132.443985	0.409481	0.000000
NOTE	677	132.532166	0.446469	0.000000
NOTE	678	132.620342	0.328549	0.000000
NOTE	679	132.708527	0.372409	0.000000
NOTE	680	132.792533	0.180375	0.000000
NOTE	681	132.880833	0.750049	0.000000
NOTE	682	132.969136	0.180375	0.000000
NOTE	683	133.145739	0.180375	0.000000
NOTE	684	133.234040	0.750049	0.000000
NOTE	685	133.322342	0.180375	0.000000
NOTE	686	133.503021	0.550774	0.000000
NOTE	687	133.591324	0.860924	0.000000
NOTE	688	133.679626	0.550774	0.000000
NOTE	689	133.852249	0.550774	0.000000
NOTE	690	133.940552	0.313180	0.000000
NOTE	691	134.028854	0.550774	0.000000
NOTE	692	134.210510	0.241147	0.000000
NOTE	693	134.291412	0.115834	0.000000
NOTE	694	134.379593	0.048478	0.000000
NOTE	695	134.467773	0.048478	0.000000
NOTE	696	134.555954	0.048478	0.000000
NOTE	697	134.644135	0.115834	0.000000
NOTE	698	134.732300	0.176924	0.000000
NOTE	699	134.820480	0.336699	0.000000
NOTE	700	134.917984	0.555793	0.000000
NOTE	701	134.998886	0.430479	0.000000
NOTE	702	135.087067	0.363124	0.000000
NOTE	703	135.175247	0.363124	0.000000
NOTE	704	135.263428	0.363124	0.000000
NOTE	705	135.351608	0.430479	0.000000
NOTE	706	135.439789	0.491570	0.000000
NOTE	707	135.527969	0.651344	0.000000
NOTE	708	135.625298	0.737565	0.000000
NOTE	709	135.706204	0.862878	0.000000
NOTE	710	135.794380	0.930234	0.000000
NOTE	711	135.882561	0.930234	0.000000
NOTE	712	135.970738	0.930234	0.000000
NOTE	713	136.058918	0.862878	0.000000
NOTE	714	136.147095	0.801788	0.000000
NOTE	715	136.235275	0.642014	0.000000
NOTE	716	136.323855	0.500000	0.176040
NOTE	717	136.675476	0.340294	0.177357
NOTE	718	137.033447	0.139852	0.000000
NOTE	719	137.121741	0.875567	0.000000
NOTE	720	137.210037	0.139852	0.000000
NOTE	721	137.298346	0.745554	0.000000
NOTE	722	137.386642	0.139852	0.000000
NOTE	723	137.474948	0.875567	0.000000
NOTE	724	137.563250	0.139852	0.000000
NOTE	725	137.651550	0.745554	0.000000
NOTE	726	137.738317	0.354383	0.000000
NOTE	727	137.826614	0.564122	0.000000
NOTE	728	137.914920	0.354383	0.000000
NOTE	729	138.003220	0.564122	0.000000
NOTE	730	138.091523	0.354383	0.000000
NOTE	731	138.179825	0.564122	0.000000
NOTE	732	138.268126	0.354383	0.000000
NOTE	733	138.356430	0.564122	0.000000
NOTE	734	138.448029	0.131520	0.000000
NOTE	735	138.448029	0.876725	0.000000
NOTE	736	138.795502	0.876725	0.000000
NOTE	737	138.795502	0.131520	0.000000
NOTE	738	139.150807	0.842400	0.000000
NOTE	739	139.150807	0.178240	0.000000
NOTE	740	139.498280	0.513453	0.000000
NOTE	741	139.853104	0.705813	0.000000
NOTE	742	139.940948	0.506606	0.000000
NOTE	743	140.028778	0.320884	0.000000
NOTE	744	140.204712	0.882001	0.000000
NOTE	745	140.292557	0.705813	0.000000
NOTE	746	140.380402	0.506606	0.000000
NOTE	747	140.560028	0.102236	0.000000
NOTE	748	140.648209	0.223521	0.000000
NOTE	749	140.736389	0.344807	0.000000
NOTE	750	140.912750	0.587377	0.000000
NOTE	751	141.000931	0.708663	0.000000
NOTE	752	141.089111	0.829948	0.000000
NOTE	753	141.267284	0.066208	0.000000
NOTE	754	141.355464	0.187494	0.000000
NOTE	755	141.443645	0.308779	0.000000
NOTE	756	141.620006	0.551350	0.000000
NOTE	757	141.708186	0.672635	0.000000
NOTE	758	141.796367	0.793921	0.000000
NOTE	759	141.972336	0.709968	0.000000
NOTE	760	142.060181	0.521998	0.000000
NOTE	761	142.148026	0.308216	0.000000
NOTE	762	142.320923	0.926133	0.000000
NOTE	763	142.408768	0.709968	0.000000
NOTE	764	142.496597	0.521998	0.000000
NOTE	765	143.027525	0.217228	0.174742
NOTE	766	143.027526	0.897052	0.000000
NOTE	767	143.202811	0.897052	0.000000
NOTE	768	143.380443	0.747766	0.176362
NOTE	769	143.380748	0.075774	0.000000
NOTE	770	143.557723	0.074207	0.000000
NOTE	771	143.735003	0.074207	0.174742
NOTE	772	143.735004	0.754032	0.000000
NOTE	773	143.910289	0.754032	0.000000
NOTE	774	144.086973	0.638253	0.265858
NOTE	775	144.086975	0.364130	0.265858
NOTE	776	144.440277	0.500000	0.177273
NOTE	777	144.797974	0.145975	0.000000
NOTE	778	144.890274	0.145975	0.000000
NOTE	779	144.971191	0.145975	0.000000
NOTE	780	145.144928	0.854206	0.000000
NOTE	781	145.237244	0.854206	0.000000
NOTE	782	145.318146	0.854206	0.000000
NOTE	783	145.501770	0.422738	0.000000
NOTE	784	145.501770	0.330759	0.615769
NOTE	785	145.587402	0.512160	0.000000
NOTE	786	145.675583	0.601446	0.000000
NOTE	787	145.851929	0.422738	0.000000
NOTE	788	145.940109	0.512160	0.000000
NOTE	789	146.028290	0.601446	0.000000
NOTE	790	146.209241	0.831331	0.614178
NOTE	791	146.209244	0.250001	0.000000
NOTE	792	146.296036	0.155676	0.000000
NOTE	793	146.384216	0.088320	0.000000
NOTE	794	146.472397	0.088320	0.000000
NOTE	795	146.560577	0.155676	0.000000
NOTE	796	146.648758	0.250001	0.000000
NOTE	797	146.736923	0.369457	0.000000
NOTE	798	146.825104	0.523715	0.000000
NOTE	799	146.914032	0.790332	0.000000
NOTE	800	146.914032	0.200542	0.262819
NOTE	801	147.001999	0.697663	0.000000
NOTE	802	147.089569	0.600795	0.000000
NOTE	803	147.265640	0.437343	0.000000
NOTE	804	147.265640	0.600795	0.000000
NOTE	805	147.353607	0.697663	0.000000
NOTE	806	147.441193	0.790332	0.000000
NOTE	807	147.620712	0.074098	0.000000
NOTE	808	147.620712	0.931445	0.262819
NOTE	809	147.708679	0.074098	0.000000
NOTE	810	147.796249	0.118816	0.000000
NOTE	811	147.972321	0.291013	0.000000
NOTE	812	147.972321	0.931445	0.263664
NOTE	813	148.060287	0.413080	0.000000
NOTE	814	148.147858	0.463673	0.000000
NOTE	815	148.325295	0.073322	0.000000
NOTE	816	148.501099	0.073322	0.000000
NOTE	817	148.676910	0.945747	0.000000
NOTE	818	148.852722	0.945747	0.000000
NOTE	819	149.028946	0.216615	0.000000
NOTE	820	149.028961	0.381089	0.000000
NOTE	821	149.204758	0.381089	0.000000
NOTE	822	149.204758	0.216615	0.000000
NOTE	823	149.380569	0.921434	0.000000
NOTE	824	149.380569	0.719366	0.000000
NOTE	825	149.556381	0.921434	0.000000
NOTE	826	149.556381	0.716983	0.000000
NOTE	827	149.739288	0.397155	0.000000
NOTE	828	149.739288	0.596232	0.000000
NOTE	829	149.915100	0.397155	0.000000
NOTE	830	149.915100	0.204962	0.000000
NOTE	831	150.090912	0.596232	0.000000
NOTE	832	150.090912	0.397155	0.000000
NOTE	833	150.266724	0.204962	0.000000
NOTE	834	150.266724	0.397155	0.000000
NOTE	835	150.440750	0.056356	0.000000
NOTE	836	150.440750	0.944014	0.000000
NOTE	837	150.529624	0.056356	0.000000
NOTE	838	150.529624	0.944014	0.000000
NOTE	839	150.618498	0.944014	0.000000
NOTE	840	150.618498	0.056356	0.000000
NOTE	841	150.707371	0.944014	0.000000
NOTE	842	150.707371	0.056356	0.000000
NOTE	843	150.796245	0.056356	0.000000
NOTE	844	150.796245	0.944014	0.000000
NOTE	845	150.885119	0.944014	0.000000
NOTE	846	150.885119	0.056356	0.000000
NOTE	847	150.973992	0.056356	0.000000
NOTE	848	150.973992	0.944014	0.000000
NOTE	849	151.147217	0.731830	0.000000
NOTE	850	151.235062	0.556608	0.000000
NOTE	851	151.322891	0.379169	0.000000
NOTE	852	151.410736	0.210962	0.000000
NOTE	853	151.498825	0.731830	0.000000
NOTE	854	151.586670	0.556608	0.000000
NOTE	855	151.674515	0.379169	0.000000
NOTE	856	151.762360	0.203947	0.000000
NOTE	857	152.209152	0.887722	0.000000
NOTE	858	152.295258	0.104122	0.000000
NOTE	859	152.381897	0.887722	0.000000
NOTE	860	152.469574	0.717005	0.000000
NOTE	861	152.559982	0.576496	0.000000
NOTE	862	152.647964	0.382954	0.000000
NOTE	863	152.735962	0.644842	0.000000
NOTE	864	152.823944	0.434617	0.000000
NOTE	865	152.911926	0.713188	0.000000
NOTE	866	152.999908	0.486280	0.000000
NOTE	867	153.087906	0.781533	0.000000
NOTE	868	153.175888	0.537943	0.000000
NOTE	869	153.267731	0.113632	0.000000
NOTE	870	153.356037	0.907372	0.000000
NOTE	871	153.444336	0.113632	0.000000
NOTE	872	153.532640	0.907372	0.000000
NOTE	873	153.620941	0.113632	0.000000
NOTE	874	153.709243	0.907372	0.000000
NOTE	875	153.797546	0.113632	0.000000
NOTE	876	153.885847	0.907372	0.000000
NOTE	877	153.973587	0.745436	0.614541
NOTE	878	153.976379	0.293979	0.000000
NOTE	879	154.057281	0.445895	0.000000
NOTE	880	154.145462	0.629185	0.000000
NOTE	881	154.321457	0.629185	0.000000
NOTE	882	154.409103	0.445895	0.000000
NOTE	883	154.496765	0.293979	0.000000
NOTE	884	154.679703	0.092852	0.000000
NOTE	885	154.767868	0.092852	0.000000
NOTE	886	154.856049	0.092852	0.000000
NOTE	887	154.944229	0.092852	0.000000
NOTE	888	155.032410	0.092852	0.000000
NOTE	889	155.120590	0.092852	0.000000
NOTE	890	155.208771	0.092852	0.000000
NOTE	891	155.296951	0.092852	0.000000
NOTE	892	155.388245	0.628603	0.000000
NOTE	893	155.480546	0.468618	0.000000
NOTE	894	155.561452	0.628603	0.000000
NOTE	895	155.735199	0.311992	0.000000
NOTE	896	155.827499	0.468618	0.000000
NOTE	897	155.908417	0.311992	0.000000
NOTE	898	156.095322	0.098706	0.000000
NOTE	899	156.187622	0.098706	0.000000
NOTE	900	156.268524	0.098706	0.000000
NOTE	901	156.442276	0.874824	0.000000
NOTE	902	156.534576	0.874824	0.000000
NOTE	903	156.615494	0.874824	0.000000
NOTE	904	156.798549	0.486578	0.000000
NOTE	905	156.798553	0.747005	0.613104
NOTE	906	156.879455	0.361265	0.000000
NOTE	907	156.967632	0.293909	0.000000
NOTE	908	157.055812	0.293909	0.000000
NOTE	909	157.143989	0.293909	0.000000
NOTE	910	157.232170	0.361265	0.000000
NOTE	911	157.320346	0.422355	0.000000
NOTE	912	157.408527	0.582129	0.000000
NOTE	913	157.505432	0.721754	0.000000
NOTE	914	157.505432	0.172763	0.613104
NOTE	915	157.586349	0.847067	0.000000
NOTE	916	157.674515	0.914423	0.000000
NOTE	917	157.762695	0.914423	0.000000
NOTE	918	157.850876	0.914423	0.000000
NOTE	919	157.939056	0.847067	0.000000
NOTE	920	158.027237	0.785977	0.000000
NOTE	921	158.115417	0.626203	0.000000
NOTE	922	158.208786	0.446707	0.000000
NOTE	923	158.379257	0.281986	0.000000
NOTE	924	158.379257	0.613043	0.000000
NOTE	925	158.553848	0.446707	0.000000
NOTE	926	158.730499	0.613043	0.000000
NOTE	927	158.912666	0.143361	0.000000
NOTE	928	158.912666	0.866027	0.000000
NOTE	929	159.087265	0.143361	0.000000
NOTE	930	159.087265	0.866027	0.000000
NOTE	931	159.263901	0.143361	0.000000
NOTE	932	159.263901	0.866027	0.000000
NOTE	933	159.443497	0.866027	0.000000
NOTE	934	159.443497	0.143361	0.000000
NOTE	935	159.620659	0.499971	0.173359
NOTE	936	159.972214	0.413289	0.000000
NOTE	937	160.060059	0.701171	0.000000
NOTE	938	160.147903	0.358507	0.000000
NOTE	939	160.235748	0.788891	0.000000
NOTE	940	160.327545	0.587407	0.216465
NOTE	941	160.679108	0.807209	0.000000
NOTE	942	160.766953	0.235468	0.000000
NOTE	943	160.854797	0.898062	0.000000
NOTE	944	160.942642	0.152674	0.000000
NOTE	945	161.027328	0.346470	0.000000
NOTE	946	161.115662	0.459243	0.000000
NOTE	947	161.203995	0.564405	0.000000
NOTE	948	161.380646	0.564405	0.000000
NOTE	949	161.468979	0.459243	0.000000
NOTE	950	161.557312	0.346470	0.000000
NOTE	951	161.738153	0.077618	0.173498
NOTE	952	161.738159	0.827788	0.000000
NOTE	953	161.826126	0.766040	0.000000
NOTE	954	161.909714	0.711534	0.000000
NOTE	955	162.089767	0.711534	0.000000
NOTE	956	162.089767	0.077618	0.174831
NOTE	957	162.175751	0.766040	0.000000
NOTE	958	162.265305	0.827788	0.000000
NOTE	959	162.440221	0.259649	0.000000
NOTE	960	162.528527	0.369299	0.000000
NOTE	961	162.616839	0.513409	0.000000
NOTE	962	162.793457	0.309775	0.000000
NOTE	963	162.881775	0.397494	0.000000
NOTE	964	162.970078	0.513409	0.000000
NOTE	965	163.149506	0.189817	0.000000
NOTE	966	163.149506	0.637238	0.000000
NOTE	967	163.237503	0.754768	0.000000
NOTE	968	163.325500	0.861334	0.000000
NOTE	969	163.502350	0.189817	0.000000
NOTE	970	163.502350	0.861334	0.000000
NOTE	971	163.589478	0.754768	0.000000
NOTE	972	163.677475	0.637238	0.000000
NOTE	973	163.854493	0.147870	0.000000
NOTE	974	163.941666	0.243421	0.000000
NOTE	975	164.028839	0.343672	0.000000
NOTE	976	164.250883	0.296366	0.000000
NOTE	977	164.338058	0.402882	0.000000
NOTE	978	164.439941	0.496867	0.000000
NOTE	979	164.561028	0.849948	0.000000
NOTE	980	164.649209	0.728663	0.000000
NOTE	981	164.737389	0.607377	0.000000
NOTE	982	164.913750	0.364807	0.000000
NOTE	983	165.001931	0.243521	0.000000
NOTE	984	165.090111	0.122236	0.000000
NOTE	985	165.265862	0.284220	0.000000
NOTE	986	165.353707	0.493238	0.000000
NOTE	987	165.441536	0.704902	0.000000
NOTE	988	165.617477	0.086443	0.000000
NOTE	989	165.705200	0.284220	0.000000
NOTE	990	165.795959	0.493238	0.000000
NOTE	991	165.971756	0.916303	0.000000
NOTE	992	166.059601	0.741082	0.000000
NOTE	993	166.147430	0.563642	0.000000
NOTE	994	166.235275	0.395436	0.000000
NOTE	995	166.323364	0.916303	0.000000
NOTE	996	166.411209	0.741082	0.000000
NOTE	997	166.499054	0.563642	0.000000
NOTE	998	166.586899	0.388421	0.000000
NOTE	999	166.675258	0.110126	0.000000
NOTE	1000	166.763229	0.265640	0.000000
NOTE	1001	166.850800	0.421154	0.000000
NOTE	1002	166.939163	0.576668	0.000000
NOTE	1003	167.031809	0.100727	0.000000
NOTE	1004	167.119781	0.265640	0.000000
NOTE	1005	167.207352	0.421154	0.000000
NOTE	1006	167.295715	0.576668	0.000000
NOTE	1007	167.384537	0.866178	0.000000
NOTE	1008	167.472198	0.866178	0.000000
NOTE	1009	167.559845	0.866178	0.000000
NOTE	1010	167.736557	0.169123	0.000000
NOTE	1011	167.824219	0.169123	0.000000
NOTE	1012	167.911865	0.169123	0.000000
NOTE	1013	168.087036	0.280615	0.000000
NOTE	1014	168.087036	0.738009	0.000000
NOTE	1015	168.175003	0.360752	0.000000
NOTE	1016	168.175003	0.658371	0.000000
NOTE	1017	168.262573	0.457620	0.000000
NOTE	1018	168.262573	0.565703	0.000000
NOTE	1019	168.439911	0.565703	0.000000
NOTE	1020	168.439911	0.457620	0.000000
NOTE	1021	168.527878	0.658371	0.000000
NOTE	1022	168.527878	0.360752	0.000000
NOTE	1023	168.615448	0.738009	0.000000
NOTE	1024	168.615448	0.280615	0.000000
NOTE	1025	168.793716	0.882205	0.000000
NOTE	1026	168.793716	0.117794	0.000000
NOTE	1027	168.881378	0.882205	0.000000
NOTE	1028	168.881378	0.117794	0.000000
NOTE	1029	168.969025	0.882205	0.000000
NOTE	1030	168.969025	0.117794	0.000000
NOTE	1031	169.145721	0.117794	0.000000
NOTE	1032	169.145721	0.882205	0.000000
NOTE	1033	169.233383	0.117794	0.000000
NOTE	1034	169.233383	0.882205	0.000000
NOTE	1035	169.321030	0.117794	0.000000
NOTE	1036	169.321030	0.882205	0.000000
NOTE	1037	169.500946	0.608938	0.000000
NOTE	1038	169.588989	0.438199	0.000000
NOTE	1039	169.677048	0.555939	0.000000
NOTE	1040	169.765091	0.356745	0.000000
NOTE	1041	169.853134	0.608938	0.000000
NOTE	1042	169.941177	0.438199	0.000000
NOTE	1043	170.029236	0.555939	0.000000
NOTE	1044	170.117279	0.386507	0.000000
NOTE	1045	170.211578	0.728439	0.000000
NOTE	1046	170.211578	0.275745	0.000000
NOTE	1047	170.292480	0.823990	0.000000
NOTE	1048	170.292486	0.122236	0.000000
NOTE	1049	170.380661	0.891346	0.000000
NOTE	1050	170.380663	0.054880	0.000000
NOTE	1051	170.468842	0.947737	0.000000
NOTE	1052	170.468842	0.009454	0.000000
NOTE	1053	170.557020	0.054880	0.000000
NOTE	1054	170.557022	0.891346	0.000000
NOTE	1055	170.645200	0.122236	0.000000
NOTE	1056	170.645203	0.823990	0.000000
NOTE	1057	170.735367	0.728439	0.000000
NOTE	1058	170.735367	0.275745	0.000000
NOTE	1059	170.823547	0.527938	0.000000
NOTE	1060	170.823547	0.476246	0.000000
NOTE	1061	175.347595	0.539160	0.000000
NOTE	1062	175.379471	0.496867	0.000000
LINK 57 58
LINK 59 60
LINK 63 64
LINK 65 66
LINK 67 68
LINK 99 101
LINK 100 102
LINK 142 143 144
LINK 146 147
LINK 149 150
LINK 152 153
LINK 155 156
LINK 157 158 159
LINK 162 163 164 165
LINK 212 213
LINK 247 249
LINK 248 250
LINK 277 279
LINK 278 280
LINK 281 283
LINK 282 284
LINK 285 286
LINK 287 288
LINK 289 290
LINK 291 292
LINK 310 311 312 313
LINK 314 315 316 317
LINK 339 340 341 342 343
LINK 344 345 346 347 348 349 350 351 352 353
LINK 354 355 356 357 358
LINK 382 383
LINK 419 420 421
LINK 423 424 425
LINK 478 480 482 484 486
LINK 479 481 483 485 487
LINK 489 490 491
LINK 493 494 495
LINK 496 497 498 499 500 501 502 503
LINK 504 505 506 507 508 509 510 511
LINK 546 547
LINK 548 549
LINK 561 562
LINK 564 565
LINK 566 567 568 569 570 571
LINK 597 598
LINK 600 601
LINK 603 604 606 608 610 611
LINK 629 630 631 632
LINK 633 634 635
LINK 641 642 643
LINK 648 649 650 651
LINK 653 654
LINK 656 657
LINK 659 660
LINK 662 663
LINK 664 665
LINK 666 667
LINK 668 669
LINK 670 671
LINK 672 673 674 675 676 677 678 679
LINK 692 693 694 695 696 697 698 699
LINK 700 701 702 703 704 705 706 707
LINK 708 709 710 711 712 713 714 715
LINK 747 748 749 750 751 752
LINK 753 754 755 756 757 758
LINK 778 779
LINK 781 782
LINK 783 785 786 787 788 789
LINK 791 792 793 794 795 796 797 798
LINK 799 801 802
LINK 804 805 806
LINK 807 809 810
LINK 811 813 814
LINK 835 837 840 842 843 846 847
LINK 836 838 839 841 844 845 848
LINK 859 860
LINK 878 879 880
LINK 881 882 883
LINK 884 885 886 887 888 889 890 891
LINK 893 894
LINK 896 897
LINK 899 900
LINK 902 903
LINK 904 906 907 908 909 910 911 912
LINK 913 915 916 917 918 919 920 921
LINK 946 947
LINK 949 950
LINK 952 953 954 955 957 958
LINK 960 961
LINK 963 964
LINK 966 967 968
LINK 970 971 972
LINK 974 975
LINK 977 978
LINK 979 980 981 982 983 984
LINK 989 990
LINK 999 1000 1001 1002
LINK 1003 1004 1005 1006
LINK 1013 1015 1017
LINK 1014 1016 1018
LINK 1019 1021 1023
LINK 1020 1022 1024
LINK 1026 1028 1030
LINK 1032 1034 1036
LINK 1037 1039 1041 1043
LINK 1038 1040 1042 1044
LINK 1045 1047 1049 1051 1054 1056 1057 1059
LINK 1046 1048 1050 1052 1053 1055 1058 1060
LINK 1061 1062
