VERSION 2
BPM 348
PAGE_SHIFT 1.38499999046326
PAGE_SIZE 0.689655172413793
NOTE	0	1.4163980	0.5000000	0
NOTE	1	2.1060530	0.4000000	0
NOTE	2	2.2784670	0.5000000	0
NOTE	3	2.4508810	0.6000000	0
NOTE	4	25.554330	0.3000000	0
NOTE	5	53.830190	0.3000000	0
NOTE	6	54.175020	0.3000000	0
NOTE	7	54.519850	0.8000000	0
NOTE	8	23.485360	0.3000000	0
NOTE	9	24.175020	0.3000000	0
NOTE	10	25.209500	0.5000000	0
NOTE	11	54.864670	0.9000000	0
NOTE	12	55.209500	0.4000000	0
NOTE	13	55.554330	0.2000000	0
NOTE	14	55.899160	0.3500000	0
NOTE	15	111.76120	0.3000000	0
NOTE	16	112.01980	0.2500000	0
NOTE	17	112.27850	0.3000000	0
NOTE	18	112.45090	0.2000000	0
NOTE	19	2.7957080	0.7000000	0
NOTE	20	91.762230	0.6000000	0
NOTE	21	92.107060	0.5000000	0
NOTE	22	4.1750190	0.2000000	0
NOTE	23	4.5198460	0.8000000	0
NOTE	24	4.8646740	0.6000000	0
NOTE	25	5.0370870	0.4000000	0
NOTE	26	5.2095010	0.6000000	0
NOTE	27	5.5543290	0.5000000	0
NOTE	28	5.8991570	0.1000000	0
NOTE	29	6.2439840	0.5000000	0
NOTE	30	6.5888120	0.9000000	0
NOTE	31	6.9336400	0.5000000	0
NOTE	32	7.6232940	0.4000000	0
NOTE	33	7.7957080	0.5000000	0
NOTE	34	7.9681220	0.6000000	0
NOTE	35	8.3129490	0.7000000	0
NOTE	36	9.0026040	0.6000000	0
NOTE	37	9.3474320	0.4000000	0
NOTE	38	9.6922600	0.7000000	0
NOTE	39	9.7784670	0.8000000	0
NOTE	40	10.381920	0.6000000	0
NOTE	41	10.726740	0.4000000	0
NOTE	42	11.071570	0.8000000	0
NOTE	43	11.416400	0.2000000	0
NOTE	44	11.761220	0.3500000	0
NOTE	45	11.933640	0.4500000	0
NOTE	46	12.106050	0.5500000	0
NOTE	47	12.278470	0.6500000	0
NOTE	48	12.450880	0.8000000	0.5172410
NOTE	49	12.450880	0.2000000	0.5172410
NOTE	50	13.140540	0.4000000	0
NOTE	51	13.312950	0.5000000	0
NOTE	52	13.485360	0.6000000	0
NOTE	53	13.830190	0.7000000	0
NOTE	54	20.726740	0.2000000	0.5172416
NOTE	55	20.726740	0.6000000	0
NOTE	56	21.071570	0.6000000	0
NOTE	57	15.209500	0.7000000	0.5172415
NOTE	58	15.209500	0.4000000	0
NOTE	59	15.554330	0.4000000	0
NOTE	60	15.899160	0.8000000	0
NOTE	61	16.071570	0.2000000	0
NOTE	62	16.243980	0.8000000	0
NOTE	63	16.588810	0.6000000	0
NOTE	64	16.933640	0.4000000	0
NOTE	65	17.278470	0.2000000	0
NOTE	66	17.278470	0.8000000	0
NOTE	67	17.623290	0.9000000	0
NOTE	68	17.968120	0.3000000	0.5172410
NOTE	69	17.968120	0.7000000	0
NOTE	70	18.657780	0.4000000	0
NOTE	71	18.830190	0.5000000	0
NOTE	72	19.002610	0.6000000	0
NOTE	73	19.347430	0.7000000	0
NOTE	74	14.864670	0.6000000	0
NOTE	75	14.519850	0.6000000	0
NOTE	76	14.519850	0.3000000	0.5172416
NOTE	77	20.381920	0.4000000	0
NOTE	78	20.037090	0.4000000	0
NOTE	79	20.037090	0.8000000	0.5172416
NOTE	80	21.416400	0.4000000	0
NOTE	81	21.761230	0.4000000	0
NOTE	82	22.106050	0.5000000	0
NOTE	83	22.795710	0.8000000	0.5172402
NOTE	84	22.795710	0.2000000	0.5172402
NOTE	85	23.485360	0.7000000	0
NOTE	86	24.175020	0.7000000	0
NOTE	87	25.554330	0.7000000	0
NOTE	88	25.899160	0.1000000	0
NOTE	89	26.243990	0.5000000	0
NOTE	90	26.243990	0.8000000	0
NOTE	91	26.933640	0.5000000	0
NOTE	92	26.933640	0.2000000	0
NOTE	93	28.312950	0.6000000	0
NOTE	94	28.312950	0.2000000	0
NOTE	95	28.657780	0.2000000	0
NOTE	96	27.968120	0.8000000	0
NOTE	97	27.623290	0.8000000	0
NOTE	98	27.623290	0.4000000	0
NOTE	99	29.001200	0.3000000	0
NOTE	100	29.001200	0.8000000	0
NOTE	101	29.346030	0.5000000	0
NOTE	102	29.575920	0.5000000	0
NOTE	103	29.692600	0.3000000	0
NOTE	104	29.692600	0.7000000	0
NOTE	105	30.037430	0.7000000	0
NOTE	106	30.267310	0.3000000	0
NOTE	107	31.072910	0.8000000	0
NOTE	108	31.302790	0.8000000	0
NOTE	109	31.417740	0.4000000	0
NOTE	110	31.532680	0.8000000	0
NOTE	111	31.647620	0.4000000	0
NOTE	112	30.612140	0.6000000	0
NOTE	113	30.842020	0.6000000	0
NOTE	114	30.382250	0.6000000	0
NOTE	115	30.956970	0.2000000	0
NOTE	116	30.727080	0.2000000	0
NOTE	117	30.497200	0.2000000	0
NOTE	118	31.761560	0.7000000	0
NOTE	119	31.991450	0.7000000	0
NOTE	120	32.106390	0.3000000	0
NOTE	121	31.761230	0.3000000	0
NOTE	122	65.898750	0.8000000	0
NOTE	123	65.783810	0.8000000	0
NOTE	124	65.668870	0.8000000	0
NOTE	125	65.553920	0.8000000	0
NOTE	126	64.863270	0.3000000	0
NOTE	127	64.978220	0.3000000	0
NOTE	128	65.208100	0.3000000	0
NOTE	129	65.093150	0.3000000	0
NOTE	130	66.502600	0.4930011	0
NOTE	131	66.588320	0.6000000	0
NOTE	132	66.645780	0.4903695	0
NOTE	133	66.703250	0.4000000	0
NOTE	134	66.817960	0.4888018	0
NOTE	135	64.864680	0.7000000	0
NOTE	136	65.554330	0.2000000	0
NOTE	137	66.933640	0.3000000	0
NOTE	138	66.933640	0.7000000	0
NOTE	139	32.450880	0.2000000	0
NOTE	140	32.450880	0.8000000	0
NOTE	141	32.795710	0.5000000	0
NOTE	142	33.140540	0.3000000	0
NOTE	143	33.140540	0.7000000	0
NOTE	144	33.487440	0.3000000	0
NOTE	145	33.717330	0.7000000	0
NOTE	146	44.864680	0.8000000	0
NOTE	147	44.950880	0.8000000	0
NOTE	148	34.175020	0.1000000	0
NOTE	149	144.00380	0.6591714	0
NOTE	150	144.03250	0.6835834	0
NOTE	151	144.06130	0.6268086	0
NOTE	152	144.09000	0.4356551	0
NOTE	153	143.48470	0.3468086	0
NOTE	154	143.51340	0.4818030	0
NOTE	155	143.54220	0.5664054	0
NOTE	156	143.57090	0.5348266	0
NOTE	157	143.65620	0.6537627	0
NOTE	158	143.68500	0.4598096	0
NOTE	159	143.71370	0.3834379	0
NOTE	160	143.74240	0.4344457	0
NOTE	161	143.82880	0.3620157	0
NOTE	162	143.85750	0.3234379	0
NOTE	163	143.88630	0.3982419	0
NOTE	164	143.91500	0.5640313	0
NOTE	165	128.13980	0.5500000	0
NOTE	166	128.16850	0.6500000	0
NOTE	167	128.19730	0.6000000	0
NOTE	168	128.22600	0.7000000	0
NOTE	169	121.41640	0.5000000	0
NOTE	170	121.58880	0.8000000	0
NOTE	171	121.67500	0.8000000	0
NOTE	172	121.76120	0.2000000	0
NOTE	173	121.84740	0.2000000	0
NOTE	174	121.93360	0.8000000	0
NOTE	175	122.01980	0.2000000	0
NOTE	176	34.175020	0.9000000	0
NOTE	177	34.518450	0.7000000	0
NOTE	178	34.863270	0.8000000	0
NOTE	179	35.093160	0.4000000	0
NOTE	180	34.519850	0.3000000	0
NOTE	181	35.209840	0.6000000	0
NOTE	182	35.439730	0.6000000	0
NOTE	183	35.554670	0.2000000	0
NOTE	184	35.784550	0.2000000	0
NOTE	185	35.897760	0.7000000	0
NOTE	186	36.012700	0.3000000	0
NOTE	187	36.127640	0.7000000	0
NOTE	188	36.242580	0.3000000	0
NOTE	189	36.357530	0.7000000	0
NOTE	190	36.472470	0.3000000	0
NOTE	191	36.590890	0.5000000	0
NOTE	192	36.820780	0.5000000	0
NOTE	193	36.935720	0.4000000	0
NOTE	194	37.165600	0.5000000	0
NOTE	195	36.935720	0.6000000	0
NOTE	196	37.278470	0.3000000	0
NOTE	197	37.278470	0.7000000	0
NOTE	198	37.853520	0.5000000	0
NOTE	199	37.968120	0.3000000	0
NOTE	200	37.968120	0.7000000	0
NOTE	201	38.657780	0.8000000	0.3448275
NOTE	202	38.657780	0.2000000	0
NOTE	203	39.002610	0.2000000	0
NOTE	204	39.347430	0.4000000	0.3448273
NOTE	205	39.347430	0.6000000	0
NOTE	206	39.692260	0.6000000	0
NOTE	207	40.037430	0.8000000	0
NOTE	208	40.267310	0.2000000	0
NOTE	209	40.382260	0.8000000	0
NOTE	210	40.612140	0.2000000	0
NOTE	211	40.727090	0.6013998	0
NOTE	212	40.956970	0.5513998	0
NOTE	213	41.071910	0.4013998	0
NOTE	214	41.301800	0.4513998	0
NOTE	215	41.415000	0.6972004	0
NOTE	216	41.644890	0.7972004	0
NOTE	217	41.759830	0.1972004	0
NOTE	218	41.989710	0.2972005	0
NOTE	219	42.104660	0.5500000	0
NOTE	220	42.334540	0.5500000	0
NOTE	221	42.449480	0.4500000	0
NOTE	222	42.679370	0.4500000	0
NOTE	223	42.795710	0.3000000	0.4310336
NOTE	224	42.795710	0.7000000	0.4310336
NOTE	225	43.485370	0.2000000	0
NOTE	226	43.485370	0.8000000	0
NOTE	227	44.175020	0.5000000	0
NOTE	228	44.519840	0.5000000	0
NOTE	229	33.830190	0.5000000	0
NOTE	230	33.916400	0.5000000	0
NOTE	231	44.866750	0.2000000	0
NOTE	232	45.096640	0.8000000	0
NOTE	233	45.211580	0.2000000	0
NOTE	234	45.326520	0.6986002	0
NOTE	235	45.441460	0.3000000	0
NOTE	236	45.554330	0.5000000	0.4597686
NOTE	237	46.127640	0.5000000	0
NOTE	238	46.242590	0.3000000	0
NOTE	239	46.242590	0.7000000	0
NOTE	240	46.472470	0.3000000	0
NOTE	241	46.587410	0.7000000	0
NOTE	242	46.817300	0.3000000	0
NOTE	243	46.933980	0.5027996	0
NOTE	244	47.048920	0.1027996	0
NOTE	245	47.163870	0.6027996	0
NOTE	246	47.278810	0.2027996	0
NOTE	247	47.508690	0.7059351	0
NOTE	248	47.625370	0.3986002	0
NOTE	249	47.740310	0.5000000	0
NOTE	250	47.855260	0.6000000	0
NOTE	251	47.970200	0.4000000	0
NOTE	252	48.085140	0.5000000	0
NOTE	253	48.200080	0.6000000	0
NOTE	254	60.038090	0.6500000	0
NOTE	255	60.038090	0.3500000	0.5172433
NOTE	256	60.727750	0.7500000	0.3448294
NOTE	257	60.727750	0.2500000	0
NOTE	258	61.072570	0.2500000	0
NOTE	259	50.381920	0.5000000	0
NOTE	260	50.726740	0.3750000	0
NOTE	261	50.726740	0.6250000	0
NOTE	262	51.071910	0.7500000	0
NOTE	263	51.416740	0.2500000	0
NOTE	264	51.646620	0.7500000	0
NOTE	265	51.071910	0.2500000	0
NOTE	266	51.763310	0.5000000	0
NOTE	267	52.108130	0.5833334	0
NOTE	268	52.338020	0.4166667	0
NOTE	269	52.449480	0.8027996	0
NOTE	270	52.564420	0.1027995	0
NOTE	271	52.679370	0.8027996	0
NOTE	272	52.794310	0.2027995	0
NOTE	273	52.909250	0.9027996	0
NOTE	274	53.024190	0.2027995	0
NOTE	275	53.139140	0.5500000	0
NOTE	276	53.369020	0.5500000	0
NOTE	277	53.483960	0.4500000	0
NOTE	278	53.713850	0.4500000	0
NOTE	279	53.830190	0.7000000	0
NOTE	280	54.175020	0.7000000	0
NOTE	281	54.519850	0.2000000	0
NOTE	282	54.864670	0.1000000	0
NOTE	283	55.209500	0.6000000	0
NOTE	284	55.554330	0.8000000	0
NOTE	285	55.899160	0.6500000	0
NOTE	286	56.243980	0.3500000	0
NOTE	287	56.243980	0.6500000	0
NOTE	288	56.589150	0.5013998	0
NOTE	289	56.819040	0.8013998	0
NOTE	290	56.933980	0.5013998	0
NOTE	291	57.163860	0.2013998	0
NOTE	292	57.278810	0.7000000	0
NOTE	293	57.508690	0.7000000	0
NOTE	294	57.623630	0.3500000	0
NOTE	295	57.738580	0.6500000	0
NOTE	296	57.853520	0.3500000	0
NOTE	297	57.968460	0.8069989	0
NOTE	298	58.083400	0.2069989	0
NOTE	299	58.198350	0.8069989	0
NOTE	300	58.313290	0.2069989	0
NOTE	301	58.428230	0.8069989	0
NOTE	302	58.543170	0.2069989	0
NOTE	303	58.658120	0.5986003	0
NOTE	304	58.888000	0.6000000	0
NOTE	305	59.002940	0.4000000	0
NOTE	306	59.232830	0.4000000	0
NOTE	307	48.312950	0.7500000	0
NOTE	308	48.313290	0.2500000	0.4597681
NOTE	309	48.886260	0.5000000	0
NOTE	310	59.348440	0.2500000	0
NOTE	311	59.348780	0.7500000	0.4597681
NOTE	312	59.921750	0.5000000	0
NOTE	313	49.002610	0.6250000	0.5172433
NOTE	314	49.002610	0.3750000	0
NOTE	315	50.037090	0.7500000	0
NOTE	316	49.692260	0.7500000	0
NOTE	317	49.692260	0.2500000	0.3448294
NOTE	318	61.416400	0.4000000	0.3448273
NOTE	319	61.416400	0.6000000	0
NOTE	320	61.761230	0.6000000	0
NOTE	321	62.106060	0.2000000	0.5172410
NOTE	322	62.106060	0.8000000	0.5172410
NOTE	323	63.142620	0.4986002	0
NOTE	324	63.372500	0.4986002	0
NOTE	325	63.483970	0.3013998	0
NOTE	326	63.713850	0.7013997	0
NOTE	327	63.828790	0.3013998	0
NOTE	328	64.058680	0.7013997	0
NOTE	329	64.173610	0.5000000	0
NOTE	330	64.403500	0.4500000	0
NOTE	331	64.518440	0.5500000	0
NOTE	332	64.748330	0.5000000	0
NOTE	333	67.278470	0.2000000	0
NOTE	334	67.278470	0.8000000	0
NOTE	335	70.381510	0.5000000	0
NOTE	336	70.956230	0.5000000	0
NOTE	337	79.348430	0.3000000	0
NOTE	338	79.348430	0.7000000	0
NOTE	339	69.347430	0.5000000	0
NOTE	340	69.692260	0.2000000	0
NOTE	341	69.692260	0.8000000	0
NOTE	342	79.693260	0.7000000	0
NOTE	343	76.473470	0.5000000	0
NOTE	344	75.898750	0.5000000	0
NOTE	345	82.796710	0.5000000	0.1724080
NOTE	346	83.141540	0.4000000	0
NOTE	347	83.127620	0.6000000	0
NOTE	348	72.451230	0.3013997	0
NOTE	349	72.451230	0.7013997	0
NOTE	350	75.440730	0.3000000	0
NOTE	351	75.555670	0.7000000	0
NOTE	352	75.785560	0.3000000	0
NOTE	353	73.139140	0.3000000	0
NOTE	354	73.139140	0.7000000	0
NOTE	355	70.037090	0.2000000	0
NOTE	356	73.483970	0.5000000	0
NOTE	357	73.713860	0.5000000	0
NOTE	358	73.830190	0.3000000	0
NOTE	359	73.830190	0.7000000	0
NOTE	360	74.175020	0.7000000	0
NOTE	361	74.520200	0.4013998	0.4597636
NOTE	362	75.094910	0.6013998	0
NOTE	363	81.072910	0.8000000	0
NOTE	364	81.302800	0.2000000	0
NOTE	365	80.957970	0.2000000	0
NOTE	366	78.657360	0.5000000	0
NOTE	367	79.232090	0.5000000	0
NOTE	368	71.071570	0.3000000	0
NOTE	369	71.071570	0.7000000	0
NOTE	370	71.328950	0.1866181	0
NOTE	371	71.386420	0.1376259	0
NOTE	372	71.443890	0.1180291	0
NOTE	373	71.501370	0.1250279	0
NOTE	374	71.558840	0.1530234	0
NOTE	375	71.616310	0.2188129	0
NOTE	376	71.673780	0.3086555	0
NOTE	377	71.717450	0.4035834	0
NOTE	378	71.329950	0.8169205	0
NOTE	379	71.387420	0.8659127	0
NOTE	380	71.444890	0.8855096	0
NOTE	381	71.502370	0.8785107	0
NOTE	382	71.559840	0.8505152	0
NOTE	383	71.617310	0.7847257	0
NOTE	384	71.674780	0.6948831	0
NOTE	385	71.718440	0.5999552	0
NOTE	386	78.313760	0.8093281	0
NOTE	387	78.371230	0.7603359	0
NOTE	388	78.428700	0.7603360	0
NOTE	389	78.486180	0.8163270	0
NOTE	390	77.278470	0.5000000	0
NOTE	391	77.623290	0.5000000	0
NOTE	392	77.968120	0.3000000	0
NOTE	393	77.968120	0.7000000	0
NOTE	394	152.79530	0.2034379	0
NOTE	395	152.85280	0.1544457	0
NOTE	396	152.91030	0.1544458	0
NOTE	397	152.96780	0.2104367	0
NOTE	398	68.196610	0.4972005	0
NOTE	399	67.621890	0.4972005	0
NOTE	400	68.312950	0.7000000	0
NOTE	401	68.657780	0.7000000	0
NOTE	402	68.312950	0.3000000	0
NOTE	403	80.381910	0.5000000	0
NOTE	404	80.726750	0.3000000	0
NOTE	405	80.726750	0.7000000	0
NOTE	406	72.681110	0.2000000	0
NOTE	407	73.025940	0.5013998	0
NOTE	408	72.796050	0.8000000	0
NOTE	409	81.761220	0.5000000	0
NOTE	410	81.991460	0.5000000	0
NOTE	411	76.589810	0.7200000	0
NOTE	412	76.589810	0.3200000	0
NOTE	413	76.847190	0.1800224	0
NOTE	414	76.904660	0.1310302	0
NOTE	415	76.962140	0.1114333	0
NOTE	416	77.019610	0.1184322	0
NOTE	417	77.077080	0.1464276	0
NOTE	418	77.134550	0.2122172	0
NOTE	419	77.192020	0.3020598	0
NOTE	420	77.216550	0.4011870	0
NOTE	421	76.848190	0.8215229	0
NOTE	422	76.905660	0.8705151	0
NOTE	423	76.963130	0.8901119	0
NOTE	424	77.020610	0.8831131	0
NOTE	425	77.078080	0.8551176	0
NOTE	426	77.135550	0.7893280	0
NOTE	427	77.193020	0.6994855	0
NOTE	428	77.217540	0.6003582	0
NOTE	429	81.416400	0.5000000	0
NOTE	430	82.108060	0.7106047	0
NOTE	431	82.108060	0.3106048	0
NOTE	432	82.365430	0.1706271	0
NOTE	433	82.422900	0.1216349	0
NOTE	434	82.480380	0.1020381	0
NOTE	435	82.537850	0.1090369	0
NOTE	436	82.595320	0.1370324	0
NOTE	437	82.652790	0.2028219	0
NOTE	438	82.710270	0.2926646	0
NOTE	439	82.734790	0.3917917	0
NOTE	440	82.366430	0.8121276	0
NOTE	441	82.423900	0.8611198	0
NOTE	442	82.481380	0.8807166	0
NOTE	443	82.538850	0.8737178	0
NOTE	444	82.596320	0.8457223	0
NOTE	445	82.653790	0.7799327	0
NOTE	446	82.711270	0.6900902	0
NOTE	447	82.735790	0.5909629	0
NOTE	448	72.106060	0.6000000	0
NOTE	449	72.106060	0.4000000	0
NOTE	450	71.761230	0.5000000	0.1724080
NOTE	451	83.370770	0.5000000	0
NOTE	452	83.483960	0.8000000	0
NOTE	453	83.713840	0.8000000	0
NOTE	454	83.828780	0.2000000	0
NOTE	455	84.058680	0.2000000	0
NOTE	456	84.173610	0.6500000	0
NOTE	457	84.403500	0.3500000	0
NOTE	458	84.518440	0.6500000	0
NOTE	459	84.748330	0.3500000	0
NOTE	460	84.865010	0.5013998	0
NOTE	461	85.094900	0.2013998	0
NOTE	462	85.209850	0.5013998	0
NOTE	463	85.439740	0.8013998	0
NOTE	464	85.554670	0.2986003	0
NOTE	465	85.784550	0.3486002	0
NOTE	466	85.899500	0.6986002	0
NOTE	467	86.129390	0.6486003	0
NOTE	468	86.244330	0.4986002	0
NOTE	469	86.474210	0.8986003	0
NOTE	470	86.589160	0.09860022	0
NOTE	471	87.624640	0.8047704	0
NOTE	472	87.624640	0.4047704	0
NOTE	473	87.854520	0.9133370	0
NOTE	474	87.854520	0.4047704	0
NOTE	475	88.084410	0.8047704	0
NOTE	476	88.084410	0.4047704	0
NOTE	477	87.163860	0.6041993	0
NOTE	478	87.163860	0.3041993	0
NOTE	479	86.933980	0.6041993	0
NOTE	480	86.933980	0.2041993	0
NOTE	481	87.393750	0.2041993	0
NOTE	482	87.393750	0.6041993	0
NOTE	483	88.311550	0.5000000	0
NOTE	484	88.541430	0.6666667	0
NOTE	485	88.656370	0.2500000	0
NOTE	486	88.771320	0.7632512	0
NOTE	487	88.886260	0.3535834	0
NOTE	488	89.004690	0.6000000	0
NOTE	489	89.579400	0.4000000	0
NOTE	490	89.349510	0.5000000	0
NOTE	491	89.347430	0.9000000	0
NOTE	492	89.692260	0.3000000	0.5172400
NOTE	493	89.692260	0.7000000	0.5172400
NOTE	494	90.381920	0.4500000	0
NOTE	495	90.554340	0.5000000	0
NOTE	496	90.726750	0.5500000	0
NOTE	497	91.071570	0.7000000	0
NOTE	498	3.8301910	0.5000000	0
NOTE	499	3.4853640	0.6000000	0
NOTE	500	92.450880	0.2000000	0
NOTE	501	92.795710	0.8000000	0
NOTE	502	93.140540	0.6000000	0
NOTE	503	93.312960	0.4000000	0
NOTE	504	93.485370	0.6000000	0
NOTE	505	93.830190	0.5000000	0
NOTE	506	94.175020	0.2000000	0
NOTE	507	94.519850	0.5000000	0
NOTE	508	94.864680	0.8000000	0
NOTE	509	95.209500	0.5000000	0
NOTE	510	95.899160	0.4000000	0
NOTE	511	96.071570	0.5000000	0
NOTE	512	96.243990	0.6000000	0
NOTE	513	96.588810	0.7000000	0
NOTE	514	97.278470	0.6000000	0
NOTE	515	97.623300	0.4000000	0
NOTE	516	97.968120	0.8000000	0
NOTE	517	98.657780	0.6000000	0
NOTE	518	99.002610	0.5000000	0
NOTE	519	99.347430	0.3000000	0
NOTE	520	100.03710	0.3000000	0
NOTE	521	100.38190	0.5000000	0
NOTE	522	100.72670	0.8000000	0
NOTE	523	100.81290	0.8000000	0
NOTE	524	100.72670	0.2000000	0
NOTE	525	101.42130	0.4544457	0
NOTE	526	101.47880	0.4012542	0
NOTE	527	101.53630	0.3830571	0
NOTE	528	101.59370	0.3718589	0
NOTE	529	101.65120	0.3662598	0
NOTE	530	101.70870	0.3578612	0
NOTE	531	101.76610	0.3620605	0
NOTE	532	101.82360	0.3732587	0
NOTE	533	101.88110	0.3872565	0
NOTE	534	101.93850	0.3984546	0
NOTE	535	101.99600	0.4208511	0
NOTE	536	102.05350	0.4544457	0
NOTE	537	110.38580	0.5548264	0
NOTE	538	110.44330	0.6080179	0
NOTE	539	110.50080	0.6262150	0
NOTE	540	110.55830	0.6374132	0
NOTE	541	110.61570	0.6430123	0
NOTE	542	110.67320	0.6514109	0
NOTE	543	110.73070	0.6472116	0
NOTE	544	110.78810	0.6360134	0
NOTE	545	110.84560	0.6220157	0
NOTE	546	110.90310	0.6108175	0
NOTE	547	110.96060	0.5884210	0
NOTE	548	111.01800	0.5548264	0
NOTE	549	102.10400	0.5650057	0
NOTE	550	102.16140	0.6181971	0
NOTE	551	102.21890	0.6363942	0
NOTE	552	102.27640	0.6475924	0
NOTE	553	102.33390	0.6531915	0
NOTE	554	102.39130	0.6615902	0
NOTE	555	102.44880	0.6573908	0
NOTE	556	102.50630	0.6461927	0
NOTE	557	102.56370	0.6321949	0
NOTE	558	102.62120	0.6209967	0
NOTE	559	102.67870	0.5986003	0
NOTE	560	102.73620	0.5650057	0
NOTE	561	103.48430	0.5556104	0
NOTE	562	103.54180	0.6088018	0
NOTE	563	103.59920	0.6269989	0
NOTE	564	103.65670	0.6381971	0
NOTE	565	103.71420	0.6437962	0
NOTE	566	103.77160	0.6521949	0
NOTE	567	103.82910	0.6479955	0
NOTE	568	103.88660	0.6367974	0
NOTE	569	103.94400	0.6227996	0
NOTE	570	104.00150	0.6116014	0
NOTE	571	104.05900	0.5892050	0
NOTE	572	104.11650	0.5556104	0
NOTE	573	104.86460	0.5546137	0
NOTE	574	104.92210	0.6078052	0
NOTE	575	104.97950	0.6260023	0
NOTE	576	105.03700	0.6372005	0
NOTE	577	105.09450	0.6427996	0
NOTE	578	105.15190	0.6511982	0
NOTE	579	105.20940	0.6469989	0
NOTE	580	105.26690	0.6358007	0
NOTE	581	105.32440	0.6218029	0
NOTE	582	105.38180	0.6106048	0
NOTE	583	105.43930	0.5882083	0
NOTE	584	105.49680	0.5546137	0
NOTE	585	106.24490	0.5620157	0
NOTE	586	106.30240	0.6152072	0
NOTE	587	106.35980	0.6334043	0
NOTE	588	106.41730	0.6446025	0
NOTE	589	106.47480	0.6502016	0
NOTE	590	106.53220	0.6586002	0
NOTE	591	106.58970	0.6544009	0
NOTE	592	106.64720	0.6432027	0
NOTE	593	106.70470	0.6292049	0
NOTE	594	106.76210	0.6180068	0
NOTE	595	106.81960	0.5956103	0
NOTE	596	106.87710	0.5620157	0
NOTE	597	107.62520	0.5526204	0
NOTE	598	107.68270	0.6058119	0
NOTE	599	107.74020	0.6240090	0
NOTE	600	107.79760	0.6352072	0
NOTE	601	107.85510	0.6408063	0
NOTE	602	107.91260	0.6492049	0
NOTE	603	107.97000	0.6450056	0
NOTE	604	108.02750	0.6338074	0
NOTE	605	108.08500	0.6198096	0
NOTE	606	108.14240	0.6086115	0
NOTE	607	108.19990	0.5862150	0
NOTE	608	108.25740	0.5526204	0
NOTE	609	109.00550	0.5572228	0
NOTE	610	109.06300	0.6104143	0
NOTE	611	109.12050	0.6286114	0
NOTE	612	109.17790	0.6398096	0
NOTE	613	109.23540	0.6454087	0
NOTE	614	109.29290	0.6538073	0
NOTE	615	109.35030	0.6496080	0
NOTE	616	109.40780	0.6384099	0
NOTE	617	109.46530	0.6244121	0
NOTE	618	109.52280	0.6132139	0
NOTE	619	109.58020	0.5908175	0
NOTE	620	109.63770	0.5572228	0
NOTE	621	102.79460	0.4520268	0
NOTE	622	102.85210	0.3988354	0
NOTE	623	102.90960	0.3806383	0
NOTE	624	102.96700	0.3694401	0
NOTE	625	103.02450	0.3638410	0
NOTE	626	103.08200	0.3554423	0
NOTE	627	103.13940	0.3596417	0
NOTE	628	103.19690	0.3708398	0
NOTE	629	103.25440	0.3848376	0
NOTE	630	103.31190	0.3960358	0
NOTE	631	103.36930	0.4184322	0
NOTE	632	103.42680	0.4520268	0
NOTE	633	104.17490	0.4566293	0
NOTE	634	104.23240	0.4034378	0
NOTE	635	104.28990	0.3852408	0
NOTE	636	104.34730	0.3740425	0
NOTE	637	104.40480	0.3684435	0
NOTE	638	104.46230	0.3600448	0
NOTE	639	104.51980	0.3642441	0
NOTE	640	104.57720	0.3754423	0
NOTE	641	104.63470	0.3894401	0
NOTE	642	104.69220	0.4006383	0
NOTE	643	104.74960	0.4230347	0
NOTE	644	104.80710	0.4566293	0
NOTE	645	105.55520	0.4500336	0
NOTE	646	105.61270	0.3968421	0
NOTE	647	105.67020	0.3786450	0
NOTE	648	105.72770	0.3674468	0
NOTE	649	105.78510	0.3618477	0
NOTE	650	105.84260	0.3534491	0
NOTE	651	105.90010	0.3576484	0
NOTE	652	105.95750	0.3688466	0
NOTE	653	106.01500	0.3828444	0
NOTE	654	106.07250	0.3940425	0
NOTE	655	106.13000	0.4164390	0
NOTE	656	106.18740	0.4500336	0
NOTE	657	106.93560	0.4504367	0
NOTE	658	106.99300	0.3972452	0
NOTE	659	107.05050	0.3790482	0
NOTE	660	107.10800	0.3678499	0
NOTE	661	107.16540	0.3622509	0
NOTE	662	107.22290	0.3538522	0
NOTE	663	107.28040	0.3580515	0
NOTE	664	107.33790	0.3692497	0
NOTE	665	107.39530	0.3832475	0
NOTE	666	107.45280	0.3944457	0
NOTE	667	107.51030	0.4168421	0
NOTE	668	107.56770	0.4504367	0
NOTE	669	108.31590	0.4536394	0
NOTE	670	108.37330	0.4004479	0
NOTE	671	108.43080	0.3822508	0
NOTE	672	108.48830	0.3710526	0
NOTE	673	108.54570	0.3654535	0
NOTE	674	108.60320	0.3570549	0
NOTE	675	108.66070	0.3612542	0
NOTE	676	108.71820	0.3724524	0
NOTE	677	108.77560	0.3864502	0
NOTE	678	108.83310	0.3976483	0
NOTE	679	108.89060	0.4200448	0
NOTE	680	108.94810	0.4536394	0
NOTE	681	109.69620	0.4582419	0
NOTE	682	109.75360	0.4050504	0
NOTE	683	109.81110	0.3868533	0
NOTE	684	109.86860	0.3756551	0
NOTE	685	109.92610	0.3700560	0
NOTE	686	109.98350	0.3616574	0
NOTE	687	110.04100	0.3658567	0
NOTE	688	110.09850	0.3770549	0
NOTE	689	110.15590	0.3910527	0
NOTE	690	110.21340	0.4022508	0
NOTE	691	110.27090	0.4246473	0
NOTE	692	110.32840	0.4582419	0
NOTE	693	101.41640	0.2000000	0
NOTE	694	101.76120	0.5000000	0
NOTE	695	102.10610	0.8000000	0
NOTE	696	102.79570	0.2000000	0
NOTE	697	103.14050	0.5000000	0
NOTE	698	103.48400	0.7972004	0
NOTE	699	103.94370	0.1972004	0
NOTE	700	104.17500	0.8000000	0
NOTE	701	104.51980	0.5000000	0
NOTE	702	104.86470	0.2000000	0
NOTE	703	105.55430	0.8000000	0
NOTE	704	105.89920	0.5000000	0
NOTE	705	106.24400	0.2000000	0
NOTE	706	106.93360	0.2000000	0
NOTE	707	107.27850	0.5000000	0
NOTE	708	107.62330	0.8000000	0
NOTE	709	108.19660	0.2000000	0
NOTE	710	108.31300	0.8000000	0
NOTE	711	108.65780	0.5000000	0
NOTE	712	109.00260	0.2000000	0
NOTE	713	109.69230	0.8000000	0.5172404
NOTE	714	110.38190	0.2000000	0.5172365
NOTE	715	111.07160	0.5000000	0.3448264
NOTE	716	111.41640	0.9000000	0.1724145
NOTE	717	111.76120	0.7000000	0
NOTE	718	112.01980	0.7500000	0
NOTE	719	112.27850	0.7000000	0
NOTE	720	112.45090	0.8000000	0
NOTE	721	112.79570	0.6000000	0
NOTE	722	112.88190	0.4000000	0
NOTE	723	113.14050	0.3000000	0
NOTE	724	113.14050	0.7000000	0
NOTE	725	113.39920	0.8000000	0
NOTE	726	113.39920	0.2000000	0
NOTE	727	113.65780	0.3000000	0
NOTE	728	113.65780	0.7000000	0
NOTE	729	113.83020	0.2000000	0
NOTE	730	113.83020	0.8000000	0
NOTE	731	114.17500	0.4000000	0
NOTE	732	114.26120	0.6000000	0
NOTE	733	114.51990	0.2000000	0
NOTE	734	114.51990	0.8000000	0.4310289
NOTE	735	115.03710	0.7000000	0
NOTE	736	115.03710	0.2000000	0
NOTE	737	114.77850	0.2000000	0
NOTE	738	114.86470	0.1000000	0
NOTE	739	115.20950	0.4000000	0.1724119
NOTE	740	115.55430	0.6000000	0.1724137
NOTE	741	115.20950	0.6000000	0
NOTE	742	115.46810	0.5000000	0
NOTE	743	115.55430	0.4000000	0
NOTE	744	115.72670	0.4000000	0
NOTE	745	115.89920	0.2000000	0.5172355
NOTE	746	115.89920	0.8000000	0
NOTE	747	116.15780	0.8000000	0
NOTE	748	116.24400	0.9000000	0
NOTE	749	116.41640	0.8000000	0
NOTE	750	116.58880	0.3500000	0
NOTE	751	116.58880	0.6500000	0
NOTE	752	116.93360	0.5000000	0
NOTE	753	117.27850	0.8000000	0.5172353
NOTE	754	117.27850	0.2000000	0
NOTE	755	117.53710	0.1000000	0
NOTE	756	117.79570	0.2000000	0
NOTE	757	117.96810	0.6000000	0
NOTE	758	117.96810	0.4000000	0.3448252
NOTE	759	118.31300	0.6000000	0
NOTE	760	118.39920	0.4000000	0
NOTE	761	118.65780	0.2000000	0.5172350
NOTE	762	118.65780	0.8000000	0
NOTE	763	118.91640	0.9000000	0
NOTE	764	119.17500	0.8000000	0
NOTE	765	119.26120	0.7000000	0
NOTE	766	119.34740	0.6000000	0.3448250
NOTE	767	119.69230	0.4000000	0
NOTE	768	119.77850	0.6000000	0
NOTE	769	120.03710	0.2000000	0.5172348
NOTE	770	120.03710	0.8000000	0
NOTE	771	120.29570	0.8000000	0
NOTE	772	120.38190	0.9000000	0
NOTE	773	120.55430	0.8000000	0
NOTE	774	120.72670	0.6500000	0.5172386
NOTE	775	120.72670	0.3500000	0
NOTE	776	120.98540	0.3500000	0
NOTE	777	121.07160	0.4500000	0
NOTE	778	121.24400	0.3500000	0
NOTE	779	122.10610	0.6000000	0
NOTE	780	122.19230	0.4000000	0
NOTE	781	122.27850	0.6000000	0
NOTE	782	122.36470	0.4000000	0
NOTE	783	122.45090	0.6000000	0
NOTE	784	122.53710	0.4500000	0
NOTE	785	122.62330	0.5500000	0
NOTE	786	122.70950	0.4000000	0
NOTE	787	124.17500	0.2000000	0.5172420
NOTE	788	124.17500	0.8000000	0
NOTE	789	124.43360	0.9000000	0
NOTE	790	124.51980	0.8000000	0
NOTE	791	124.69230	0.8000000	0
NOTE	792	124.86470	0.7000000	0
NOTE	793	124.86470	0.3000000	0
NOTE	794	125.20950	0.6000000	0
NOTE	795	125.20950	0.4000000	0
NOTE	796	125.29570	0.5000000	0
NOTE	797	123.31300	0.2000000	0
NOTE	798	122.79570	0.2000000	0
NOTE	799	122.79570	0.8000000	0.5172420
NOTE	800	123.05430	0.1000000	0
NOTE	801	123.14050	0.2000000	0
NOTE	802	123.83020	0.4000000	0
NOTE	803	123.48540	0.3000000	0
NOTE	804	123.48540	0.7000000	0
NOTE	805	123.83020	0.6000000	0
NOTE	806	123.91640	0.5000000	0
NOTE	807	125.55430	0.2000000	0
NOTE	808	125.55430	0.8000000	0
NOTE	809	125.81300	0.9000000	0
NOTE	810	125.89920	0.1000000	0
NOTE	811	126.07160	0.2000000	0
NOTE	812	126.07160	0.8000000	0
NOTE	813	126.24400	0.3000000	0
NOTE	814	126.24400	0.7000000	0
NOTE	815	126.50260	0.4000000	0
NOTE	816	126.76120	0.3000000	0
NOTE	817	126.58880	0.6000000	0
NOTE	818	126.76120	0.7000000	0
NOTE	819	126.93360	0.8000000	0
NOTE	820	126.93360	0.2000000	0
NOTE	821	127.19230	0.9000000	0
NOTE	822	127.27850	0.1000000	0
NOTE	823	127.45090	0.2000000	0
NOTE	824	127.45090	0.8000000	0
NOTE	825	117.10430	0.6125980	0
NOTE	826	117.13300	0.5125980	0
NOTE	827	117.16180	0.4125980	0
NOTE	828	117.19050	0.3125980	0
NOTE	829	127.62330	0.6500000	0
NOTE	830	127.79570	0.5500000	0
NOTE	831	127.96810	0.4500000	0
NOTE	832	128.14050	0.3500000	0
NOTE	833	128.31290	0.2000000	0.1724287
NOTE	834	128.65780	0.9000000	0.1724229
NOTE	835	128.31290	0.8000000	0
NOTE	836	128.57160	0.2000000	0
NOTE	837	128.65780	0.1000000	0
NOTE	838	128.83020	0.2000000	0
NOTE	839	129.00260	0.6000000	0
NOTE	840	129.17500	0.4000000	0
NOTE	841	129.34740	0.3000000	0
NOTE	842	129.34740	0.7000000	0
NOTE	843	129.69230	0.8000000	0
NOTE	844	129.95090	0.9000000	0
NOTE	845	130.03710	0.8000000	0
NOTE	846	130.20950	0.8000000	0
NOTE	847	129.95090	0.1000000	0.2586272
NOTE	848	129.69230	0.2000000	0
NOTE	849	130.38190	0.4000000	0.1724245
NOTE	850	130.72670	0.6000000	0.1724187
NOTE	851	130.72670	0.4000000	0
NOTE	852	130.89920	0.4000000	0
NOTE	853	130.98540	0.6000000	0
NOTE	854	130.38190	0.6000000	0
NOTE	855	131.07160	0.2000000	0
NOTE	856	131.24400	0.2000000	0
NOTE	857	131.41640	0.8000000	0
NOTE	858	131.58880	0.2000000	0
NOTE	859	131.67500	0.8000000	0
NOTE	860	131.76120	0.4000000	0
NOTE	861	131.84740	0.4000000	0
NOTE	862	131.93360	0.4000000	0
NOTE	863	132.10600	0.6000000	0
NOTE	864	132.27850	0.4000000	0
NOTE	865	132.36470	0.6000000	0
NOTE	866	132.45090	0.2000000	0
NOTE	867	132.53710	0.8000000	0
NOTE	868	132.62330	0.2000000	0
NOTE	869	132.70950	0.8000000	0
NOTE	870	132.79570	0.2000000	0
NOTE	871	132.88190	0.8000000	0
NOTE	872	132.96810	0.2000000	0
NOTE	873	133.05430	0.8000000	0
NOTE	874	133.14050	0.3500000	0
NOTE	875	133.31300	0.4500000	0
NOTE	876	133.48540	0.5500000	0
NOTE	877	133.65780	0.6500000	0
NOTE	878	133.83020	0.8000000	0
NOTE	879	133.83020	0.2000000	0
NOTE	880	134.08880	0.9000000	0
NOTE	881	134.34740	0.2000000	0
NOTE	882	134.34740	0.8000000	0
NOTE	883	134.51980	0.4000000	0
NOTE	884	134.51980	0.6000000	0
NOTE	885	134.86470	0.5000000	0
NOTE	886	140.72670	0.8000000	0
NOTE	887	140.98540	0.9000000	0
NOTE	888	141.24400	0.8000000	0
NOTE	889	140.72670	0.2000000	0
NOTE	890	141.24400	0.2000000	0
NOTE	891	141.41740	0.4000000	0
NOTE	892	141.41740	0.6000000	0
NOTE	893	136.58880	0.2000000	0
NOTE	894	136.58880	0.8000000	0
NOTE	895	136.84740	0.5000000	0
NOTE	896	137.10600	0.2000000	0
NOTE	897	137.10600	0.8000000	0
NOTE	898	78.312760	0.2042217	0
NOTE	899	78.370230	0.2532139	0
NOTE	900	78.427700	0.2532138	0
NOTE	901	78.485180	0.1972229	0
NOTE	902	152.79610	0.8119373	0
NOTE	903	152.85350	0.8609295	0
NOTE	904	152.91100	0.8609294	0
NOTE	905	152.96850	0.8049384	0
NOTE	906	137.27850	0.4000000	0
NOTE	907	137.27850	0.6000000	0
NOTE	908	137.53710	0.3000000	0
NOTE	909	137.53710	0.7000000	0
NOTE	910	137.79570	0.4000000	0
NOTE	911	137.79570	0.6000000	0
NOTE	912	137.96810	0.2000000	0
NOTE	913	137.96810	0.8000000	0
NOTE	914	138.22670	0.2000000	0
NOTE	915	138.22670	0.8000000	0
NOTE	916	138.48540	0.2000000	0
NOTE	917	138.48540	0.8000000	0
NOTE	918	138.65780	0.3000000	0
NOTE	919	138.65780	0.7000000	0
NOTE	920	139.00180	0.4500000	0
NOTE	921	139.13060	0.5500000	0
NOTE	922	139.25940	0.4500000	0
NOTE	923	139.34740	0.3000000	0
NOTE	924	139.34740	0.7000000	0
NOTE	925	139.60600	0.2000000	0
NOTE	926	139.86470	0.3000000	0
NOTE	927	139.86470	0.7000000	0
NOTE	928	140.03710	0.2000000	0
NOTE	929	140.03710	0.8000000	0
NOTE	930	140.38190	0.5000000	0
NOTE	931	135.20950	0.8000000	0
NOTE	932	135.72670	0.8000000	0
NOTE	933	135.72670	0.2000000	0
NOTE	934	135.20950	0.2000000	0
NOTE	935	135.46810	0.1000000	0
NOTE	936	135.89920	0.6000000	0
NOTE	937	135.89920	0.4000000	0
NOTE	938	136.24580	0.7047481	0
NOTE	939	136.30330	0.6557559	0
NOTE	940	136.36080	0.6557560	0
NOTE	941	136.41820	0.7117469	0
NOTE	942	136.24480	0.3012094	0
NOTE	943	136.30230	0.3502016	0
NOTE	944	136.35980	0.3502015	0
NOTE	945	136.41720	0.2942106	0
NOTE	946	142.10600	0.2000000	0
NOTE	947	142.10600	0.8000000	0
NOTE	948	142.36470	0.5000000	0
NOTE	949	142.62330	0.2000000	0
NOTE	950	142.62330	0.8000000	0
NOTE	951	142.79570	0.3000000	0
NOTE	952	142.79570	0.7000000	0
NOTE	953	143.05430	0.1000000	0
NOTE	954	143.05430	0.9000000	0
NOTE	955	143.31290	0.2000000	0
NOTE	956	143.31290	0.8000000	0
NOTE	957	144.51990	0.8890930	0
NOTE	958	144.54860	0.8964166	0
NOTE	959	144.57730	0.8992162	0
NOTE	960	144.60610	0.8908175	0
NOTE	961	144.63480	0.8740202	0
NOTE	962	144.66350	0.8348265	0
NOTE	963	144.69230	0.7970325	0
NOTE	964	144.72100	0.6906494	0
NOTE	965	144.17610	0.2923852	0
NOTE	966	144.20480	0.1930012	0
NOTE	967	144.23360	0.1412094	0
NOTE	968	144.26230	0.1216127	0
NOTE	969	144.29100	0.1048153	0
NOTE	970	144.31980	0.09921615	0
NOTE	971	144.34850	0.09641657	0
NOTE	972	144.37720	0.1048152	0
NOTE	973	144.86470	0.5000000	0
NOTE	974	145.12330	0.5000000	0
NOTE	975	145.38190	0.5000000	0
NOTE	976	145.55430	0.2000000	0
NOTE	977	145.55430	0.8000000	0
NOTE	978	145.89920	0.2000000	0
NOTE	979	145.89920	0.8000000	0
NOTE	980	148.31290	0.3000000	0.2586401
NOTE	981	148.57160	0.7000000	0.1724285
NOTE	982	148.83020	0.3000000	0
NOTE	983	148.31290	0.7000000	0
NOTE	984	146.93360	0.2000000	0
NOTE	985	146.93360	0.8000000	0
NOTE	986	148.14050	0.6000000	0
NOTE	987	147.88190	0.4000000	0.1724248
NOTE	988	147.62330	0.4000000	0
NOTE	989	147.62330	0.6000000	0.2586401
NOTE	990	149.00260	0.2000000	0
NOTE	991	149.17500	0.9000000	0
NOTE	992	149.26120	0.1000000	0
NOTE	993	149.43370	0.9000000	0
NOTE	994	149.51990	0.1000000	0
NOTE	995	149.00260	0.8000000	0
NOTE	996	149.69230	0.3000000	0
NOTE	997	149.69230	0.7000000	0
NOTE	998	149.86470	0.7000000	0
NOTE	999	149.95090	0.3000000	0
NOTE	1000	150.20950	0.7000000	0
NOTE	1001	150.29570	0.3000000	0
NOTE	1002	150.38190	0.5000000	0
NOTE	1003	150.89920	0.5000000	0
NOTE	1004	151.07160	0.2000000	0
NOTE	1005	151.07160	0.8000000	0
NOTE	1006	151.41640	0.2000000	0
NOTE	1007	151.41640	0.8000000	0
NOTE	1008	148.14050	0.4000000	0
NOTE	1009	148.83020	0.7000000	0
NOTE	1010	146.76120	0.6000000	0
NOTE	1011	146.76120	0.4000000	0
NOTE	1012	146.24400	0.4000000	0.2586401
NOTE	1013	146.24400	0.6000000	0
NOTE	1014	146.50260	0.6000000	0.1724327
NOTE	1015	152.45090	0.2000000	0
NOTE	1016	152.45090	0.8000000	0
NOTE	1017	141.76310	0.2988130	0
NOTE	1018	141.82050	0.3478052	0
NOTE	1019	141.87800	0.3478051	0
NOTE	1020	141.93550	0.2918141	0
NOTE	1021	141.76410	0.7079508	0
NOTE	1022	141.82150	0.6589586	0
NOTE	1023	141.87900	0.6589587	0
NOTE	1024	141.93650	0.7149496	0
NOTE	1025	147.28230	0.2016350	0
NOTE	1026	147.33980	0.1526427	0
NOTE	1027	147.39730	0.1526429	0
NOTE	1028	147.45470	0.2086338	0
NOTE	1029	147.28130	0.8101344	0
NOTE	1030	147.33880	0.8591266	0
NOTE	1031	147.39630	0.8591264	0
NOTE	1032	147.45370	0.8031355	0
NOTE	1033	152.27850	0.4000000	0
NOTE	1034	152.27850	0.6000000	0
NOTE	1035	152.01990	0.6000000	0.1724327
NOTE	1036	151.76120	0.6000000	0
NOTE	1037	151.76120	0.4000000	0.2586401
NOTE	1038	155.03710	0.6500000	0
NOTE	1039	155.03710	0.3500000	0
NOTE	1040	154.77850	0.3500000	0.1724327
NOTE	1041	154.51990	0.3500000	0
NOTE	1042	154.51990	0.6500000	0.2586401
NOTE	1043	153.39920	0.4000000	0.1724327
NOTE	1044	153.65780	0.6000000	0
NOTE	1045	153.65780	0.4000000	0
NOTE	1046	153.14050	0.4000000	0
NOTE	1047	153.14050	0.6000000	0.2586401
NOTE	1048	154.34740	0.8000000	0
NOTE	1049	154.08880	0.8000000	0.1724327
NOTE	1050	153.83020	0.8000000	0
NOTE	1051	153.83020	0.2000000	0.2586401
NOTE	1052	154.34740	0.2000000	0
NOTE	1053	155.20950	0.5000000	0.5172479
NOTE	1054	159.34840	0.6074020	0
NOTE	1055	159.52090	0.5423964	0
NOTE	1056	159.69330	0.4773908	0
NOTE	1057	159.86570	0.4123852	0
NOTE	1058	162.79670	0.3074021	0
NOTE	1059	162.96910	0.1598097	0
NOTE	1060	163.14160	0.1074020	0
NOTE	1061	163.31400	0.1836058	0
NOTE	1062	163.40020	0.3074021	0
NOTE	1063	163.48640	0.4004032	0
NOTE	1064	163.65880	0.4682083	0
NOTE	1065	163.83120	0.5360135	0
NOTE	1066	164.00360	0.6038186	0
NOTE	1067	161.41740	0.7080179	0
NOTE	1068	161.50360	0.8158007	0
NOTE	1069	161.58980	0.8843897	0
NOTE	1070	161.67600	0.9165846	0
NOTE	1071	161.76220	0.9109855	0
NOTE	1072	161.84840	0.8689921	0
NOTE	1073	161.93460	0.8011870	0
NOTE	1074	162.02090	0.7004031	0
NOTE	1075	158.65880	0.7080179	0
NOTE	1076	158.74500	0.8158007	0
NOTE	1077	158.83120	0.8843897	0
NOTE	1078	158.91740	0.9165846	0
NOTE	1079	159.00360	0.9109855	0
NOTE	1080	159.08980	0.8689921	0
NOTE	1081	159.17600	0.8011870	0
NOTE	1082	159.26220	0.7004031	0
NOTE	1083	162.10710	0.5920045	0
NOTE	1084	162.27950	0.5269989	0
NOTE	1085	162.45190	0.4619933	0
NOTE	1086	162.62430	0.3969877	0
NOTE	1087	164.17460	0.7091377	0
NOTE	1088	164.28960	0.8360546	0
NOTE	1089	164.40450	0.9020985	0
NOTE	1090	164.51950	0.9037066	0
NOTE	1091	164.63440	0.8458183	0
NOTE	1092	164.74930	0.7155697	0
NOTE	1093	160.72670	0.4000000	0
NOTE	1094	160.89920	0.6000000	0
NOTE	1095	161.07470	0.3496080	0
NOTE	1096	161.13220	0.4328107	0
NOTE	1097	161.18970	0.5160134	0
NOTE	1098	161.24710	0.5992161	0
NOTE	1099	155.89920	0.7048152	0
NOTE	1100	155.98540	0.8125980	0
NOTE	1101	156.07160	0.8811870	0
NOTE	1102	156.15780	0.9133819	0
NOTE	1103	156.24400	0.9077828	0
NOTE	1104	156.33020	0.8657895	0
NOTE	1105	156.41640	0.7979843	0
NOTE	1106	156.50260	0.6972004	0
NOTE	1107	156.58880	0.6000000	0
NOTE	1108	156.76120	0.5349944	0
NOTE	1109	156.93360	0.4699888	0
NOTE	1110	157.10600	0.4049832	0
NOTE	1111	157.27850	0.3000000	0
NOTE	1112	157.45090	0.1524076	0
NOTE	1113	157.62330	0.1000000	0
NOTE	1114	157.79570	0.1762038	0
NOTE	1115	157.88190	0.3000000	0
NOTE	1116	157.96810	0.4000000	0
NOTE	1117	158.14050	0.4678052	0
NOTE	1118	158.31300	0.5356104	0
NOTE	1119	158.48540	0.6034155	0
NOTE	1120	160.03570	0.2986002	0
NOTE	1121	160.15060	0.2076148	0
NOTE	1122	160.26560	0.1306271	0
NOTE	1123	160.38050	0.1292273	0
NOTE	1124	160.49550	0.1796193	0
NOTE	1125	160.61040	0.2930011	0
NOTE	1126	164.86330	0.6031915	0
NOTE	1127	164.97820	0.5621501	0
NOTE	1128	165.09320	0.5211086	0
NOTE	1129	165.20810	0.4800672	0
NOTE	1130	165.32300	0.4390257	0
NOTE	1131	165.43800	0.3979843	0
NOTE	1132	165.55220	0.2965845	0
NOTE	1133	165.60970	0.2000000	0
NOTE	1134	165.66720	0.1000000	0
NOTE	1135	165.72470	0.1517077	0
NOTE	1136	165.78210	0.2034154	0
NOTE	1137	165.83960	0.1517077	0
NOTE	1138	165.89710	0.1000000	0
NOTE	1139	165.95450	0.1517077	0
NOTE	1140	166.01200	0.2016494	0
NOTE	1141	166.06950	0.1000000	0
NOTE	1142	166.12700	0.2000000	0
NOTE	1143	166.18440	0.3000000	0
NOTE	1144	155.89920	0.3000000	0
NOTE	1145	157.62330	0.8000000	0
NOTE	1146	158.31300	0.3000000	0
NOTE	1147	158.65780	0.4000000	0
NOTE	1148	160.03710	0.7000000	0
NOTE	1149	160.38190	0.9000000	0
NOTE	1150	160.72670	0.7000000	0
NOTE	1151	161.41640	0.3000000	0
NOTE	1152	163.14050	0.9000000	0
NOTE	1153	163.83020	0.3000000	0
NOTE	1154	164.17500	0.4000000	0
NOTE	1155	165.55430	0.7000000	0
NOTE	1156	165.89920	0.9000000	0
NOTE	1157	166.24400	0.4000000	0
NOTE	1158	166.41640	0.5000000	0
NOTE	1159	166.58880	0.6000000	0
NOTE	1160	166.76120	0.7000000	0
NOTE	1161	166.24400	0.7000000	0
NOTE	1162	166.33020	0.7000000	0
NOTE	1163	166.93360	0.8000000	0
NOTE	1164	166.93360	0.2000000	0
NOTE	1165	167.62330	0.3000000	0
NOTE	1166	167.62330	0.7000000	0
NOTE	1167	167.96810	0.6000000	0
NOTE	1168	168.31290	0.4000000	0
NOTE	1169	169.00260	0.3000000	0
NOTE	1170	169.00260	0.7000000	0
NOTE	1171	169.17500	0.5000000	0
NOTE	1172	169.69230	0.5000000	0
NOTE	1173	170.38190	0.3000000	0
NOTE	1174	170.38190	0.7000000	0
NOTE	1175	170.55430	0.5000000	0
NOTE	1176	171.07160	0.2000000	0
NOTE	1177	171.33020	0.8000000	0
NOTE	1178	171.58880	0.2000000	0
NOTE	1179	171.76120	0.3500000	0
NOTE	1180	171.76120	0.6500000	0
NOTE	1181	171.93360	0.5000000	0
NOTE	1182	172.27850	0.3000000	0
NOTE	1183	172.36470	0.7000000	0
NOTE	1184	172.45090	0.5000000	0
NOTE	1185	173.14050	0.3000000	0
NOTE	1186	173.14050	0.7000000	0
NOTE	1187	173.48540	0.6000000	0
NOTE	1188	173.83020	0.4000000	0
NOTE	1189	174.51980	0.3000000	0
NOTE	1190	174.51980	0.7000000	0
NOTE	1191	174.69230	0.5000000	0
NOTE	1192	175.20950	0.5000000	0
NOTE	1193	175.89920	0.3000000	0
NOTE	1194	175.89920	0.7000000	0
NOTE	1195	176.07160	0.5000000	0
NOTE	1196	176.58880	0.2000000	0.5172556
NOTE	1197	176.58880	0.8000000	0.5172556
NOTE	1198	24.056940	0.5000000	0
LINK 38 39
LINK 131 132 133
LINK 146 147
LINK 149 150 151 152
LINK 153 154 155 156
LINK 157 158 159 160
LINK 161 162 163 164
LINK 165 166 167 168
LINK 229 230
LINK 370 371 372 373 374 375 376 377
LINK 378 379 380 381 382 383 384 385
LINK 386 387 388 389
LINK 394 395 396 397
LINK 413 414 415 416 417 418 419 420
LINK 421 422 423 424 425 426 427 428
LINK 432 433 434 435 436 437 438 439
LINK 440 441 442 443 444 445 446 447
LINK 488 490 489
LINK 522 523
LINK 525 526 527 528 529 530 531 532 533 534 535 536
LINK 537 538 539 540 541 542 543 544 545 546 547 548
LINK 549 550 551 552 553 554 555 556 557 558 559 560
LINK 561 562 563 564 565 566 567 568 569 570 571 572
LINK 573 574 575 576 577 578 579 580 581 582 583 584
LINK 585 586 587 588 589 590 591 592 593 594 595 596
LINK 597 598 599 600 601 602 603 604 605 606 607 608
LINK 609 610 611 612 613 614 615 616 617 618 619 620
LINK 621 622 623 624 625 626 627 628 629 630 631 632
LINK 633 634 635 636 637 638 639 640 641 642 643 644
LINK 645 646 647 648 649 650 651 652 653 654 655 656
LINK 657 658 659 660 661 662 663 664 665 666 667 668
LINK 669 670 671 672 673 674 675 676 677 678 679 680
LINK 681 682 683 684 685 686 687 688 689 690 691 692
LINK 721 722
LINK 731 732
LINK 737 738
LINK 742 743
LINK 747 748
LINK 759 760
LINK 764 765
LINK 767 768
LINK 771 772
LINK 776 777
LINK 783 784 785 786
LINK 789 790
LINK 795 796
LINK 800 801
LINK 805 806
LINK 825 826 827 828
LINK 836 837
LINK 839 840
LINK 844 845
LINK 898 899 900 901
LINK 902 903 904 905
LINK 938 939 940 941
LINK 942 943 944 945
LINK 957 958 959 960 961 962 963 964
LINK 965 966 967 968 969 970 971 972
LINK 1017 1018 1019 1020
LINK 1021 1022 1023 1024
LINK 1025 1026 1027 1028
LINK 1029 1030 1031 1032
LINK 1054 1055 1056 1057
LINK 1058 1059 1060 1061 1062
LINK 1063 1064 1065 1066
LINK 1067 1068 1069 1070 1071 1072 1073 1074
LINK 1075 1076 1077 1078 1079 1080 1081 1082
LINK 1083 1084 1085 1086
LINK 1087 1088 1089 1090 1091 1092
LINK 1093 1094
LINK 1095 1096 1097 1098
LINK 1099 1100 1101 1102 1103 1104 1105 1106
LINK 1107 1108 1109 1110
LINK 1111 1112 1113 1114 1115
LINK 1116 1117 1118 1119
LINK 1120 1121 1122 1123 1124 1125
LINK 1126 1127 1128 1129 1130 1131
LINK 1132 1133 1134 1135 1136 1137 1138 1139 1140 1141 1142 1143
LINK 1161 1162