VERSION 2
BPM 264
PAGE_SHIFT 0.159999996423721
PAGE_SIZE 0.909090909090909
NOTE	0	48.2490921020508	0.791666686534882	0
NOTE	1	48.7036399841309	0.791666686534882	0
NOTE	2	48.7036399841309	0.208333343267441	0
NOTE	3	48.2490921020508	0.208333343267441	0
NOTE	4	45.5218162536621	0.791666686534882	0
NOTE	5	45.9763641357422	0.791666686534882	0
NOTE	6	45.9763641357422	0.208333343267441	0
NOTE	7	45.5218162536621	0.208333343267441	0
NOTE	8	46.430908203125	0.791666686534882	0
NOTE	9	46.8854560852051	0.791666686534882	0
NOTE	10	46.8854560852051	0.208333343267441	0
NOTE	11	46.430908203125	0.208333343267441	0
NOTE	12	47.3400001525879	0.791666686534882	0
NOTE	13	47.794548034668	0.791666686534882	0
NOTE	14	47.794548034668	0.208333343267441	0
NOTE	15	47.3400001525879	0.208333343267441	0
NOTE	16	3.70363640785217	0.833333373069763	0
NOTE	17	3.70363640785217	0.16666667163372	0
NOTE	18	4.04454565048218	0.833333373069763	0
NOTE	19	4.15818214416504	0.16666667163372	0
NOTE	20	4.61272716522217	0.666666686534882	0
NOTE	21	4.61272716522217	0.333333343267441	0
NOTE	22	4.95363664627075	0.666666686534882	0
NOTE	23	5.06727266311646	0.333333343267441	0
NOTE	24	3.47736358642578	0.16666667163372	0
NOTE	25	2.33999991416931	0.833333373069763	0
NOTE	26	1.88545453548431	0.833333373069763	0
NOTE	27	2.22636365890503	0.16666667163372	0
NOTE	28	1.88545453548431	0.16666667163372	0
NOTE	29	3.25409095937555	0.666666686534882	0
NOTE	30	2.7945454120636	0.666666686534882	0
NOTE	31	2.7945454120636	0.333333343267441	0
NOTE	32	2.56827259063721	0.333333343267441	0
NOTE	33	3.13545441627502	0.333333343267441	0
NOTE	34	4.3854546546936	0.666666686534882	0
NOTE	35	5.29554557800293	0.833333373069763	0
NOTE	36	5.52181816101074	0.833333373069763	0
NOTE	37	5.52181816101074	0.16666667163372	0
NOTE	38	5.862727468664	0.16666667163372	0
NOTE	39	5.97636383230036	0.5000000	0
NOTE	40	6.20463609695435	0.333333343267441	0
NOTE	41	6.43090937354348	0.333333343267441	0
NOTE	42	6.43090915679932	0.666666686534882	0
NOTE	43	6.7718186378479	0.666666686534882	0
NOTE	44	6.88545482808893	0.333333343267441	0
NOTE	45	7.11372709274292	0.833333373069763	0
NOTE	46	7.34000036933205	0.833333373069763	0
NOTE	47	7.34000036933205	0.16666667163372	0
NOTE	48	7.79454582387751	0.5000000	0
NOTE	49	7.68090946024114	0.833333373069763	0
NOTE	50	8.02281856536865	0.666666686534882	0
NOTE	51	8.24909088828347	0.333333343267441	0
NOTE	52	8.24909088828347	0.666666686534882	0
NOTE	53	8.58999997919256	0.333333343267441	0
NOTE	54	8.70363634282892	0.666666686534882	0
NOTE	55	8.93190956115723	0.16666667163372	0
NOTE	56	9.15818188407204	0.16666667163372	0
NOTE	57	9.15818188407204	0.833333373069763	0
NOTE	58	9.49909097498113	0.16666667163372	0
NOTE	59	9.6127273386175	0.16666667163372	0
NOTE	60	9.6127273386175	0.833333373069763	0
NOTE	61	9.8410005569458	0.666666686534882	0
NOTE	62	10.0672731399536	0.333333343267441	0
NOTE	63	10.0672728798606	0.666666686534882	0
NOTE	64	10.2945456071333	0.333333343267441	0
NOTE	65	10.5218181610107	0.333333343267441	0
NOTE	66	10.5218181610107	0.666666686534882	0
NOTE	67	10.6354546980424	0.333333343267441	0
NOTE	68	10.7480907440186	0.5000000	0
NOTE	69	10.9763638756492	0.5000000	0
NOTE	70	10.9763638756492	0.16666667163372	0
NOTE	71	11.3172729665583	0.5000000	0
NOTE	72	11.4309093301946	0.16666667163372	0
NOTE	73	13.4773635864258	0.333333343267441	0
NOTE	74	13.7036371231079	0.666666686534882	0
NOTE	75	11.4309093301946	0.5000000	0
NOTE	76	13.7036371231079	0.333333343267441	0
NOTE	77	13.9309091567993	0.333333343267441	0
NOTE	78	14.158182144165	0.666666686534882	0
NOTE	79	14.158182144165	0.333333343267441	0
NOTE	80	14.2718191146851	0.333333343267441	0
NOTE	81	12.7945458672263	0.5000000	0
NOTE	82	12.7945458672263	0.833333373069763	0
NOTE	83	13.1354549581354	0.5000000	0
NOTE	84	13.2490911483765	0.833333373069763	0
NOTE	85	13.2490913217718	0.5000000	0
NOTE	86	12.3400003259832	0.333333343267441	0
NOTE	87	11.8854548714378	0.333333343267441	0
NOTE	88	11.6591825485229	0.666666686534882	0
NOTE	89	11.8854548714378	0.666666686534882	0
NOTE	90	12.1127271652222	0.666666686534882	0
NOTE	91	12.5662727355957	0.5000000	0
NOTE	92	12.4536366896196	0.666666686534882	0
NOTE	93	12.3400003259832	0.666666686534882	0
NOTE	94	14.3844537734985	0.5000000	0
NOTE	95	14.9536371231079	0.1250000	0
NOTE	96	14.9536371231079	0.8750000	0
NOTE	97	15.2955455780029	0.1250000	0
NOTE	98	15.2955455780029	0.8750000	0
NOTE	99	15.6354552182284	0.5000000	0
NOTE	100	15.7490901947021	0.5000000	0.2272741
NOTE	101	16.430908203125	0.333333343267441	0
NOTE	102	16.430908203125	0.666666686534882	0
NOTE	103	16.658182144165	0.291666686534882	0
NOTE	104	16.8854543512518	0.2500000	0
NOTE	105	17.1117267608643	0.208333343267441	0
NOTE	106	16.8854541778564	0.7500000	0
NOTE	107	17.3400008461692	0.1250000	0.4545451
NOTE	108	17.3400008461692	0.8750000	0
NOTE	109	17.7945463007147	0.8750000	0
NOTE	110	21.8854541778564	0.666666686534882	0
NOTE	111	21.8854541778564	0.333333343267441	0
NOTE	112	22.1127281188965	0.333333343267441	0
NOTE	113	22.3400001525879	0.666666686534882	0
NOTE	114	22.3400001525879	0.333333343267441	0
NOTE	115	22.7945442199707	0.833333373069763	0
NOTE	116	22.7945442199707	0.16666667163372	0
NOTE	117	23.0218181610107	0.833333373069763	0
NOTE	118	23.2490901947021	0.833333373069763	0
NOTE	119	23.2490901947021	0.16666667163372	0
NOTE	120	20.0672728798606	0.666666686534882	0
NOTE	121	20.0672721862793	0.333333343267441	0
NOTE	122	20.2945456071333	0.708333373069763	0
NOTE	123	20.5218183344061	0.7500000	0
NOTE	124	20.7480907440186	0.791666686534882	0
NOTE	125	20.5218183344061	0.2500000	0
NOTE	126	20.9763648293235	0.8750000	0.4545451
NOTE	127	20.9763648293235	0.1250000	0
NOTE	128	21.430910283869	0.1250000	0
NOTE	129	18.7036361694336	0.333333343267441	0
NOTE	130	18.4763641357422	0.333333343267441	0
NOTE	131	18.2490901947021	0.333333343267441	0
NOTE	132	18.2490901947021	0.666666686534882	0
NOTE	133	18.9299087524414	0.7500000	0
NOTE	134	18.7036361694336	0.666666686534882	0
NOTE	135	22.5662727355957	0.2500000	0
NOTE	136	19.8389987945557	0.7500000	0
NOTE	137	19.6127282922918	0.833333373069763	0
NOTE	138	19.6127282922918	0.16666667163372	0
NOTE	139	19.158182144165	0.833333373069763	0
NOTE	140	19.3854555650191	0.16666667163372	0
NOTE	141	19.158182144165	0.16666667163372	0
NOTE	142	23.47536277771	0.2500000	0
NOTE	143	23.7036368630149	0.333333343267441	0
NOTE	144	23.7036368630149	0.666666686534882	0
NOTE	145	23.9309095902876	0.291666686534882	0
NOTE	146	24.1581823175604	0.2500000	0
NOTE	147	24.158182144165	0.6250000	0
NOTE	148	24.3844547271729	0.208333343267441	0
NOTE	149	24.6127288124778	0.0833333358168602	0.4545451
NOTE	150	24.6127262115479	0.458333343267441	0
NOTE	151	25.0672721862793	0.458333343267441	0
NOTE	152	25.5218188545921	0.2500000	0
NOTE	153	25.9763643091375	0.2500000	0
NOTE	154	25.5218181610107	0.666666686534882	0
NOTE	155	25.7490921020508	0.666666686534882	0
NOTE	156	25.9763641357422	0.666666686534882	0
NOTE	157	26.20263671875	0.333333343267441	0
NOTE	158	26.430908203125	0.5000000	0
NOTE	159	26.658182144165	0.833333373069763	0
NOTE	160	26.8854541778564	0.5000000	0
NOTE	161	26.430908203125	0.833333373069763	0
NOTE	162	26.8854541778564	0.833333373069763	0
NOTE	163	27.1117267608643	0.583333373069763	0
NOTE	164	27.3400001525879	0.666666686534882	0
NOTE	165	27.3400001525879	0.333333343267441	0
NOTE	166	27.5672735734419	0.708333373069763	0
NOTE	167	27.7945463007147	0.7500000	0
NOTE	168	27.7945463007147	0.3750000	0
NOTE	169	28.0208187103271	0.791666686534882	0
NOTE	170	28.2490908882835	0.8750000	0.4545451
NOTE	171	28.2490908882835	0.541666686534882	0
NOTE	172	28.7036363428289	0.541666686534882	0
NOTE	173	29.1581828377464	0.708333373069763	0
NOTE	174	29.158182144165	0.291666686534882	0
NOTE	175	29.6127281188965	0.291666686534882	0
NOTE	176	29.3854555650191	0.291666686534882	0
NOTE	177	29.6127281188965	0.708333373069763	0
NOTE	178	29.8389987945557	0.6250000	0
NOTE	179	30.0672728798606	0.541666686534882	0
NOTE	180	30.0672728798606	0.1250000	0
NOTE	181	30.2945456071333	0.1250000	0
NOTE	182	30.5218183344061	0.1250000	0
NOTE	183	30.5218183344061	0.541666686534882	0
NOTE	184	30.7480907440186	0.458333343267441	0
NOTE	185	35.5218162536621	0.7500000	0
NOTE	186	30.9763622283936	0.666666686534882	0
NOTE	187	35.9763641357422	0.7500000	0
NOTE	188	36.8854560852051	0.208333343267441	0
NOTE	189	36.430908203125	0.208333343267441	0
NOTE	190	32.3400001525879	0.666666686534882	0
NOTE	191	31.8854522705078	0.666666686534882	0
NOTE	192	34.1581840515137	0.708333373069763	0
NOTE	193	33.7036361694336	0.708333373069763	0
NOTE	194	31.430910283869	0.333333343267441	0
NOTE	195	30.9763622283936	0.333333343267441	0
NOTE	196	33.2490921020508	0.291666686534882	0
NOTE	197	32.7945442199707	0.291666686534882	0
NOTE	198	35.0672760009766	0.2500000	0
NOTE	199	34.6127281188965	0.2500000	0
NOTE	200	37.3400008461692	0.791666686534882	0
NOTE	201	37.794548034668	0.791666686534882	0
NOTE	202	39.1581802368164	0.5000000	0.4545451
NOTE	203	39.1581802368164	0.708333373069763	0
NOTE	204	39.3854522705078	0.708333373069763	0
NOTE	205	39.6127281188965	0.708333373069763	0
NOTE	206	38.7036399841309	0.291666686534882	0
NOTE	207	38.9299125671387	0.416666686534882	0
NOTE	208	38.2490927956321	0.5000000	0.4545451
NOTE	209	38.4763641357422	0.291666686534882	0
NOTE	210	38.2490921020508	0.291666686534882	0
NOTE	211	39.8390007019043	0.583333373069763	0
NOTE	212	40.0672728798606	0.5000000	0.4545451
NOTE	213	40.9763641357422	0.5000000	0.4545451
NOTE	214	41.8854567787864	0.5000000	0.4545451
NOTE	215	42.794544913552	0.5000000	0.4545451
NOTE	216	40.9763641357422	0.666666686534882	0
NOTE	217	41.2036361694336	0.833333373069763	0
NOTE	218	41.4309120178223	0.666666686534882	0
NOTE	219	40.7480926513672	0.5000000	0
NOTE	220	40.5218200683594	0.333333343267441	0
NOTE	221	40.2945442199707	0.16666667163372	0
NOTE	222	40.0672721862793	0.333333343267441	0
NOTE	223	41.430910283869	0.333333343267441	0
NOTE	224	41.8854567787864	0.16666667163372	0
NOTE	225	42.1127295060591	0.16666667163372	0
NOTE	226	42.3400022333319	0.16666667163372	0
NOTE	227	41.9990931424228	0.833333373069763	0
NOTE	228	42.2263658696955	0.833333373069763	0
NOTE	229	42.4536361694336	0.7500000	0
NOTE	230	42.5662727355957	0.2500000	0
NOTE	231	42.680908203125	0.666666686534882	0
NOTE	232	42.9081802368164	0.666666686534882	0
NOTE	233	43.1354522705078	0.666666686534882	0
NOTE	234	42.794544913552	0.333333343267441	0
NOTE	235	43.0218176408248	0.333333343267441	0
NOTE	236	43.2490903680975	0.333333343267441	0
NOTE	237	43.3627281188965	0.7500000	0
NOTE	238	43.4753646850586	0.2500000	0
NOTE	239	43.5900001525879	0.833333373069763	0
NOTE	240	43.7036361694336	0.833333373069763	0
NOTE	241	43.7036361694336	0.16666667163372	0
NOTE	242	45.8627298528498	0.333333343267441	0
NOTE	243	46.20263671875	0.708333373069763	0
NOTE	244	46.658181623979	0.5000000	0
NOTE	245	47.6809099370783	0.708333373069763	0
NOTE	246	48.022819519043	0.3750000	0
NOTE	247	48.1354564319957	0.3750000	0
NOTE	248	48.3627281188965	0.583333373069763	0
NOTE	249	48.4763641357422	0.583333373069763	0
NOTE	250	48.5900018865412	0.583333373069763	0
NOTE	251	51.8854522705078	0.0833333358168602	0
NOTE	252	52.3400001525879	0.0833333358168602	0
NOTE	253	52.3400001525879	0.916666686534882	0
NOTE	254	51.8854522705078	0.916666686534882	0
NOTE	255	49.6127301996404	0.916666686534882	0
NOTE	256	49.158184745095	0.916666686534882	0
NOTE	257	49.6127301996404	0.0833333358168602	0
NOTE	258	49.158184745095	0.0833333358168602	0
NOTE	259	50.5218200683594	0.916666686534882	0
NOTE	260	50.0672721862793	0.916666686534882	0
NOTE	261	50.5218200683594	0.0833333358168602	0
NOTE	262	50.0672721862793	0.0833333358168602	0
NOTE	263	51.4309120178223	0.916666686534882	0
NOTE	264	50.9763641357422	0.916666686534882	0
NOTE	265	51.4309120178223	0.0833333358168602	0
NOTE	266	50.9763641357422	0.0833333358168602	0
NOTE	267	57.3400001525879	0.3750000	0
NOTE	268	57.794548034668	0.3750000	0
NOTE	269	57.794548034668	0.6250000	0
NOTE	270	57.3400001525879	0.6250000	0
NOTE	271	53.2490921020508	0.7500000	0
NOTE	272	52.7945442199707	0.7500000	0
NOTE	273	53.2490921020508	0.2500000	0
NOTE	274	52.7945442199707	0.2500000	0
NOTE	275	54.1581840515137	0.7500000	0
NOTE	276	53.7036361694336	0.7500000	0
NOTE	277	54.1581840515137	0.2500000	0
NOTE	278	53.7036361694336	0.2500000	0
NOTE	279	55.0672760009766	0.7500000	0
NOTE	280	54.6127281188965	0.7500000	0
NOTE	281	55.0672760009766	0.2500000	0
NOTE	282	54.6127281188965	0.2500000	0
NOTE	283	55.9763641357422	0.7500000	0
NOTE	284	55.5218162536621	0.7500000	0
NOTE	285	55.9763641357422	0.2500000	0
NOTE	286	55.5218162536621	0.2500000	0
NOTE	287	56.8854560852051	0.6250000	0
NOTE	288	56.430908203125	0.6250000	0
NOTE	289	56.8854560852051	0.3750000	0
NOTE	290	56.430908203125	0.3750000	0
NOTE	291	49.4990938360041	0.833333373069763	0
NOTE	292	49.8390007019043	0.16666667163372	0
NOTE	293	50.2945456071333	0.5000000	0
NOTE	294	51.3172721862793	0.16666667163372	0
NOTE	295	47.908182664351	0.208333343267441	0
NOTE	296	51.5445466475053	0.916666686534882	0
NOTE	297	51.6591796875	0.791666686534882	0
NOTE	298	51.77182041515	0.791666686534882	0
NOTE	299	52.2263658696955	0.2500000	0
NOTE	300	52.1127295060591	0.2500000	0
NOTE	301	51.9990931424228	0.2500000	0
NOTE	302	53.1354522705078	0.208333343267441	0
NOTE	303	53.4753646850586	0.833333373069763	0
NOTE	304	53.9309095902876	0.5000000	0
NOTE	305	54.9536361694336	0.333333343267441	0
NOTE	306	55.1809120178223	0.2500000	0
NOTE	307	55.2955436706543	0.1250000	0
NOTE	308	55.4081802368164	0.1250000	0
NOTE	309	55.6354522705078	0.8750000	0
NOTE	310	55.7490882873535	0.8750000	0
NOTE	311	55.8627243041992	0.8750000	0
NOTE	312	56.7718162536621	0.708333373069763	0
NOTE	313	57.1117286682129	0.291666686534882	0
NOTE	314	57.5672735734419	0.5000000	0
NOTE	315	57.908182664351	0.6250000	0
NOTE	316	58.022819519043	0.791666686534882	0
NOTE	317	58.1354560852051	0.791666686534882	0
NOTE	318	58.2490921020508	0.6250000	0
NOTE	319	58.2490921020508	0.3750000	0
NOTE	320	58.4763641357422	0.3750000	0
NOTE	321	58.7036399841309	0.6250000	0
NOTE	322	58.7036399841309	0.3750000	0
NOTE	323	58.9299125671387	0.5000000	0
NOTE	324	59.158184745095	0.6250000	0
NOTE	325	59.1581802368164	0.3750000	0
NOTE	326	59.3854522705078	0.6250000	0
NOTE	327	59.6127281188965	0.6250000	0
NOTE	328	73.7036285400391	0.8750000	0.4545451
NOTE	329	73.7036285400391	0.5000000	0
NOTE	330	60.0672721862793	0.5000000	0
NOTE	331	60.0672721862793	0.2500000	0.4545451
NOTE	332	60.0672721862793	0.7500000	0
NOTE	333	60.9763641357422	0.5000000	0
NOTE	334	60.9763641357422	0.2500000	0.4545451
NOTE	335	60.9763641357422	0.7500000	0
NOTE	336	61.8854522705078	0.5000000	0
NOTE	337	61.8854522705078	0.2500000	0.4545451
NOTE	338	61.8854522705078	0.7500000	0
NOTE	339	62.7945442199707	0.5000000	0
NOTE	340	62.7945442199707	0.2500000	0.4545451
NOTE	341	62.7945442199707	0.7500000	0
NOTE	342	63.7036361694336	0.5000000	0
NOTE	343	63.7036361694336	0.7500000	0.4545451
NOTE	344	63.7036361694336	0.2500000	0
NOTE	345	64.6127243041992	0.7500000	0.4545451
NOTE	346	65.5218124389648	0.5000000	0
NOTE	347	65.5218124389648	0.7500000	0.4545451
NOTE	348	65.5218124389648	0.2500000	0
NOTE	349	59.6127301996404	0.3750000	0
NOTE	350	60.5218183344061	0.5000000	0
NOTE	351	60.5218183344061	0.7500000	0
NOTE	352	61.430910283869	0.5000000	0
NOTE	353	61.430910283869	0.7500000	0
NOTE	354	63.2490941827947	0.5000000	0
NOTE	355	63.2490941827947	0.7500000	0
NOTE	356	64.1581802368164	0.5000000	0
NOTE	357	64.1581802368164	0.2500000	0
NOTE	358	64.6127326271751	0.2500000	0
NOTE	359	64.6127326271751	0.5000000	0
NOTE	360	65.0672780817205	0.2500000	0
NOTE	361	65.0672780817205	0.5000000	0
NOTE	362	65.9763662164862	0.5000000	0
NOTE	363	65.9763662164862	0.2500000	0
NOTE	364	74.1581726074219	0.5000000	0
NOTE	365	66.430908203125	0.7500000	0.4545451
NOTE	366	66.430908203125	0.5000000	0
NOTE	367	66.430908203125	0.2500000	0
NOTE	368	66.8854543512518	0.5000000	0
NOTE	369	66.8854543512518	0.2500000	0
NOTE	370	67.7945404052734	0.5000000	0
NOTE	371	67.7945404052734	0.8750000	0
NOTE	372	67.3399963378906	0.5000000	0
NOTE	373	67.3399963378906	0.8750000	0
NOTE	374	67.3399963378906	0.1250000	0.4545451
NOTE	375	68.7036285400391	0.5000000	0
NOTE	376	68.7036285400391	0.8750000	0
NOTE	377	68.2490844726563	0.5000000	0
NOTE	378	68.2490844726563	0.8750000	0
NOTE	379	68.2490844726563	0.1250000	0.4545451
NOTE	380	69.6127243041992	0.5000000	0
NOTE	381	69.6127243041992	0.8750000	0
NOTE	382	69.1581802368164	0.5000000	0
NOTE	383	69.1581802368164	0.8750000	0
NOTE	384	69.1581802368164	0.1250000	0.4545451
NOTE	385	70.5218124389648	0.5000000	0
NOTE	386	70.5218124389648	0.8750000	0
NOTE	387	70.067268371582	0.5000000	0
NOTE	388	70.067268371582	0.8750000	0
NOTE	389	70.067268371582	0.1250000	0.4545451
NOTE	390	71.4309005737305	0.5000000	0
NOTE	391	71.4309005737305	0.1250000	0
NOTE	392	70.9763565063477	0.5000000	0
NOTE	393	70.9763565063477	0.1250000	0
NOTE	394	70.9763565063477	0.8750000	0.4545451
NOTE	395	72.3399963378906	0.5000000	0
NOTE	396	72.3399963378906	0.1250000	0
NOTE	397	71.8854522705078	0.5000000	0
NOTE	398	71.8854522705078	0.1250000	0
NOTE	399	71.8854522705078	0.8750000	0.4545451
NOTE	400	73.2490844726563	0.5000000	0
NOTE	401	72.7945404052734	0.5000000	0
NOTE	402	72.7945404052734	0.8750000	0.4545451
NOTE	403	72.7945487282493	0.1250000	0.4545451
NOTE	404	73.7036368630149	0.1250000	0.4545451
NOTE	405	74.6127326271751	0.5000000	0
NOTE	406	74.6127326271751	0.8750000	0
NOTE	407	74.6127326271751	0.1250000	0
NOTE	408	60.4081802368164	0.791666686534882	0
NOTE	409	60.7480926513672	0.416666686534882	0
NOTE	410	61.2036361694336	0.6250000	0
NOTE	411	69.4990921020508	0.458333343267441	0
NOTE	412	69.7263641357422	0.958333373069763	0
NOTE	413	69.838996887207	0.958333373069763	0
NOTE	414	62.5682716369629	0.583333373069763	0
NOTE	415	62.680908203125	0.583333373069763	0
NOTE	416	63.1354522705078	0.833333373069763	0
NOTE	417	62.9081802368164	0.833333373069763	0
NOTE	418	63.0218162536621	0.833333373069763	0
NOTE	419	64.0445404052734	0.16666667163372	0
NOTE	420	64.3844528198242	0.583333373069763	0
NOTE	421	64.8399963378906	0.3750000	0
NOTE	422	65.8627298528498	0.291666686534882	0
NOTE	423	66.0899963378906	0.458333343267441	0
NOTE	424	66.20263671875	0.458333343267441	0
NOTE	425	66.3172760009766	0.16666667163372	0
NOTE	426	66.2046356201172	0.16666667163372	0
NOTE	427	67.680908203125	0.416666686534882	0
NOTE	428	68.0208129882813	0.791666686534882	0
NOTE	429	68.4763565063477	0.708333373069763	0
NOTE	430	62.3400022333319	0.7500000	0
NOTE	431	62.3400022333319	0.5000000	0
NOTE	432	62.2263658696955	0.458333343267441	0
NOTE	433	62.5662727355957	0.833333373069763	0
NOTE	434	62.4536385969682	0.833333373069763	0
NOTE	435	69.8409957885742	0.583333373069763	0
NOTE	436	69.9536361694336	0.583333373069763	0
NOTE	437	70.1809130581943	0.958333373069763	0
NOTE	438	70.2945494218306	0.958333373069763	0
NOTE	439	70.408185785467	0.958333373069763	0
NOTE	440	63.4773635864258	0.16666667163372	0
NOTE	441	63.5900001525879	0.16666667163372	0
NOTE	442	70.7500915527344	0.583333373069763	0
NOTE	443	70.8627243041992	0.583333373069763	0
NOTE	444	71.3172739202326	0.583333373069763	0
NOTE	445	71.6571807861328	0.208333343267441	0
NOTE	446	72.1127256913619	0.291666686534882	0
NOTE	447	73.1354522705078	0.5000000	0
NOTE	448	73.3627305464311	0.6250000	0
NOTE	449	73.4753646850586	0.3750000	0
NOTE	450	73.5900004993785	0.7500000	0
NOTE	451	73.8172732266513	0.333333343267441	0
NOTE	452	73.9309095902876	0.5000000	0
NOTE	453	74.044545953924	0.666666686534882	0
NOTE	454	81.8854605934837	0.16666667163372	0
NOTE	455	82.2263696843928	0.208333343267441	0
NOTE	456	82.5682754516602	0.333333343267441	0.6808143
NOTE	457	56.2046356201172	0.458333343267441	0
NOTE	458	56.3172721862793	0.458333343267441	0
NOTE	459	83.7036285400391	0.708333373069763	0
NOTE	460	84.1581726074219	0.708333373069763	0
NOTE	461	84.6127326271751	0.291666686534882	0
NOTE	462	85.0672780817205	0.291666686534882	0
NOTE	463	85.5218207619407	0.791666686534882	0
NOTE	464	85.919548034668	0.708333373069763	0
NOTE	465	86.2046356201172	0.583333373069763	0.6818179
NOTE	466	87.3400046608665	0.208333343267441	0
NOTE	467	87.7945501154119	0.208333343267441	0
NOTE	468	88.2490927956321	0.7500000	0
NOTE	469	88.7036382501776	0.7500000	0
NOTE	470	89.1581809303977	0.5000000	0
NOTE	471	89.4990900213068	0.416666686534882	0
NOTE	472	89.8409957885742	0.791666686534882	0.6818179
NOTE	473	90.9763565063477	0.416666686534882	0
NOTE	474	91.3172739202326	0.333333343267441	0
NOTE	475	91.6591796875	0.208333343267441	0.6808193
NOTE	476	92.5682754516602	0.5000000	0
NOTE	477	92.7945404052734	0.5000000	0
NOTE	478	93.1354522705078	0.583333373069763	0
NOTE	479	93.4773635864258	0.291666686534882	0.6818179
NOTE	480	94.6127243041992	0.6250000	0
NOTE	481	94.9536361694336	0.666666686534882	0
NOTE	482	95.2955474853516	0.791666686534882	0.6818179
NOTE	483	96.4309088967063	0.5000000	0
NOTE	484	96.658181623979	0.5000000	0
NOTE	485	96.8854543512518	0.5000000	0
NOTE	486	97.3400046608665	0.5000000	0
NOTE	487	97.1137237548828	0.5000000	0
NOTE	488	97.7945501154119	0.5000000	0
NOTE	489	97.5672773881392	0.5000000	0
NOTE	490	98.2490844726563	0.5000000	0
NOTE	491	98.022819519043	0.5000000	0
NOTE	492	98.7036285400391	0.5000000	0
NOTE	493	98.4763565063477	0.5000000	0
NOTE	494	99.1581802368164	0.5000000	0
NOTE	495	98.9319076538086	0.5000000	0
NOTE	496	99.6127243041992	0.5000000	0
NOTE	497	99.3854522705078	0.5000000	0
NOTE	498	100.067268371582	0.5000000	0
NOTE	499	100.521812438965	0.5000000	0
NOTE	500	100.294540405273	0.5000000	0
NOTE	501	100.976356506348	0.5000000	0
NOTE	502	100.750091552734	0.5000000	0
NOTE	503	101.43090057373	0.5000000	0
NOTE	504	101.203628540039	0.5000000	0
NOTE	505	101.885452270508	0.5000000	0
NOTE	506	101.6591796875	0.5000000	0
NOTE	507	102.339996337891	0.5000000	0
NOTE	508	102.112724304199	0.5000000	0
NOTE	509	102.794540405273	0.5000000	0
NOTE	510	102.56827545166	0.5000000	0
NOTE	511	103.249084472656	0.666666686534882	0
NOTE	512	103.021812438965	0.5000000	0
NOTE	513	103.703628540039	0.5000000	0
NOTE	514	103.477363586426	0.5000000	0
NOTE	515	104.158172607422	0.5000000	0
NOTE	516	103.93090057373	0.5000000	0
NOTE	517	104.612724304199	0.5000000	0
NOTE	518	104.386451721191	0.5000000	0
NOTE	519	105.067268371582	0.5000000	0
NOTE	520	104.839996337891	0.5000000	0
NOTE	521	105.521812438965	0.5000000	0
NOTE	522	105.295547485352	0.5000000	0
NOTE	523	105.976356506348	0.5000000	0
NOTE	524	105.749084472656	0.5000000	0
NOTE	525	106.430908203125	0.5000000	0
NOTE	526	106.204635620117	0.5000000	0
NOTE	527	106.885452270508	0.5000000	0
NOTE	528	106.658180236816	0.5000000	0
NOTE	529	107.339996337891	0.5000000	0
NOTE	530	107.113723754883	0.5000000	0
NOTE	531	107.794540405273	0.5000000	0
NOTE	532	107.567268371582	0.5000000	0
NOTE	533	97.7945501154119	0.1250000	0
NOTE	534	97.7945404052734	0.8750000	0
NOTE	535	98.2490927956321	0.291666686534882	0
NOTE	536	98.2490844726563	0.708333373069763	0
NOTE	537	99.6127243041992	0.291666686534882	0
NOTE	538	99.6127340143377	0.708333373069763	0
NOTE	539	100.067276694558	0.8750000	0
NOTE	540	100.067276694558	0.1250000	0
NOTE	541	101.43090057373	0.16666667163372	0
NOTE	542	98.022819519043	0.791666686534882	0
NOTE	543	98.022819519043	0.208333343267441	0
NOTE	544	99.8409957885742	0.208333343267441	0
NOTE	545	99.8409957885742	0.791666686534882	0
NOTE	546	101.43090057373	0.833333373069763	0
NOTE	547	101.885460593484	0.333333343267441	0
NOTE	548	101.885460593484	0.666666686534882	0
NOTE	549	103.249084472656	0.333333343267441	0
NOTE	550	103.703628540039	0.833333373069763	0
NOTE	551	103.703628540039	0.16666667163372	0
NOTE	552	104.612732627175	0.333333343267441	0
NOTE	553	104.612732627175	0.16666667163372	0
NOTE	554	104.612732627175	0.666666686534882	0
NOTE	555	104.612724304199	0.833333373069763	0
NOTE	556	105.521820761941	0.333333343267441	0
NOTE	557	105.521820761941	0.666666686534882	0
NOTE	558	105.521820761941	0.833333373069763	0
NOTE	559	106.430908896706	0.333333343267441	0
NOTE	560	106.430908896706	0.666666686534882	0
NOTE	561	107.340004660866	0.333333343267441	0
NOTE	562	108.022819519043	0.5000000	0
NOTE	563	108.249084472656	0.5000000	0
NOTE	564	108.476356506348	0.5000000	0
NOTE	565	108.703628540039	0.5000000	0
NOTE	566	108.931907653809	0.5000000	0
NOTE	567	109.158188559792	0.5000000	0
NOTE	568	109.385461287065	0.5000000	0
NOTE	569	109.840995788574	0.5000000	0
NOTE	570	110.067268371582	0.5000000	0
NOTE	571	110.294540405273	0.5000000	0
NOTE	572	110.521812438965	0.5000000	0
NOTE	573	110.748085021973	0.5000000	0
NOTE	574	123.703628540039	0.1250000	0
NOTE	575	123.703628540039	0.8750000	0
NOTE	576	124.158172607422	0.1250000	0
NOTE	577	124.158172607422	0.8750000	0
NOTE	578	111.430910283869	0.3750000	0
NOTE	579	110.976356506348	0.3750000	0
NOTE	580	110.976364829324	0.1250000	0.4545451
NOTE	581	111.430910283869	0.6250000	0
NOTE	582	110.976364829324	0.8750000	0.4545451
NOTE	583	110.976356506348	0.6250000	0
NOTE	584	112.339996337891	0.3750000	0
NOTE	585	111.885452270508	0.3750000	0
NOTE	586	111.885452270508	0.1250000	0.4545451
NOTE	587	112.339996337891	0.6250000	0
NOTE	588	111.885452270508	0.8750000	0.4545451
NOTE	589	111.885452270508	0.6250000	0
NOTE	590	113.249084472656	0.3750000	0
NOTE	591	112.794540405273	0.3750000	0
NOTE	592	112.794540405273	0.1250000	0.4535431
NOTE	593	113.249084472656	0.6250000	0
NOTE	594	112.794540405273	0.8750000	0.4545451
NOTE	595	112.794540405273	0.6250000	0
NOTE	596	114.158172607422	0.3750000	0
NOTE	597	113.703628540039	0.3750000	0
NOTE	598	113.703628540039	0.1250000	0.4535431
NOTE	599	114.158172607422	0.6250000	0
NOTE	600	113.703628540039	0.8750000	0.4545451
NOTE	601	113.703628540039	0.6250000	0
NOTE	602	115.067268371582	0.3750000	0
NOTE	603	114.612724304199	0.3750000	0
NOTE	604	114.612724304199	0.1250000	0.4535431
NOTE	605	115.067268371582	0.6250000	0
NOTE	606	114.612724304199	0.8750000	0.4545451
NOTE	607	114.612724304199	0.6250000	0
NOTE	608	115.976356506348	0.3750000	0
NOTE	609	115.521812438965	0.3750000	0
NOTE	610	115.521812438965	0.1250000	0.4535431
NOTE	611	115.976356506348	0.6250000	0
NOTE	612	115.521812438965	0.8750000	0.4545451
NOTE	613	115.521812438965	0.6250000	0
NOTE	614	116.885452270508	0.3750000	0
NOTE	615	116.430908203125	0.3750000	0
NOTE	616	116.430908203125	0.1250000	0.4535431
NOTE	617	116.885452270508	0.6250000	0
NOTE	618	116.430908203125	0.8750000	0.4545451
NOTE	619	116.430908203125	0.6250000	0
NOTE	620	117.794540405273	0.3750000	0
NOTE	621	117.339996337891	0.3750000	0
NOTE	622	117.339996337891	0.1250000	0.4535431
NOTE	623	117.794540405273	0.6250000	0
NOTE	624	117.339996337891	0.8750000	0.4545451
NOTE	625	117.339996337891	0.6250000	0
NOTE	626	118.249084472656	0.6250000	0.4545451
NOTE	627	118.249084472656	0.8750000	0
NOTE	628	118.703628540039	0.8750000	0
NOTE	629	118.703628540039	0.1250000	0
NOTE	630	118.249084472656	0.3750000	0.4535431
NOTE	631	118.249084472656	0.1250000	0
NOTE	632	119.158180236816	0.6250000	0.4545451
NOTE	633	119.158180236816	0.8750000	0
NOTE	634	119.612724304199	0.8750000	0
NOTE	635	119.612724304199	0.1250000	0
NOTE	636	119.158180236816	0.3750000	0.4535431
NOTE	637	119.158180236816	0.1250000	0
NOTE	638	140.067276000977	0.3750000	0.4545451
NOTE	639	140.067276000977	0.8750000	0.4535431
NOTE	640	120.976356506348	0.6250000	0.4545451
NOTE	641	120.976356506348	0.8750000	0
NOTE	642	121.43090057373	0.8750000	0
NOTE	643	121.43090057373	0.1250000	0
NOTE	644	120.976356506348	0.3750000	0.4535431
NOTE	645	120.976356506348	0.1250000	0
NOTE	646	121.885452270508	0.6250000	0.4545451
NOTE	647	121.885452270508	0.8750000	0
NOTE	648	122.339996337891	0.8750000	0
NOTE	649	122.339996337891	0.1250000	0
NOTE	650	121.885452270508	0.3750000	0.4535431
NOTE	651	121.885452270508	0.1250000	0
NOTE	652	122.794540405273	0.6250000	0.4545451
NOTE	653	122.794540405273	0.8750000	0
NOTE	654	123.249084472656	0.8750000	0
NOTE	655	123.249084472656	0.1250000	0
NOTE	656	122.794540405273	0.3750000	0.4535431
NOTE	657	122.794540405273	0.1250000	0
NOTE	658	123.703636863015	0.6250000	0
NOTE	659	123.703636863015	0.3750000	0
NOTE	660	124.15818231756	0.3750000	0
NOTE	661	124.15818231756	0.6250000	0
NOTE	662	124.612732627175	0.2500000	0
NOTE	663	124.612732627175	0.5000000	0
NOTE	664	124.612732627175	0.7500000	0
NOTE	665	125.067268371582	1.0000000	0
NOTE	666	125.067268371582	0.7500000	0
NOTE	667	125.067278081721	0.5000000	0
NOTE	668	125.067268371582	0.0000000	0
NOTE	669	125.067268371582	0.2500000	0
NOTE	670	120.067268371582	0.3750000	0.4535431
NOTE	671	120.067268371582	0.6250000	0.4545451
NOTE	672	120.521812438965	0.8750000	0
NOTE	673	120.067268371582	0.8750000	0
NOTE	674	120.067268371582	0.1250000	0
NOTE	675	120.521812438965	0.1250000	0
NOTE	676	125.521812438965	0.3750000	0
NOTE	677	125.521812438965	0.1250000	0.4535431
NOTE	678	125.976356506348	0.3750000	0
NOTE	679	125.521812438965	0.6250000	0.4545451
NOTE	680	125.976356506348	0.8750000	0
NOTE	681	125.521812438965	0.8750000	0
NOTE	682	126.430908203125	0.3750000	0
NOTE	683	126.430908203125	0.1250000	0.4535431
NOTE	684	126.885452270508	0.3750000	0
NOTE	685	126.430908203125	0.6250000	0.4545451
NOTE	686	126.885452270508	0.8750000	0
NOTE	687	126.430908203125	0.8750000	0
NOTE	688	127.339996337891	0.6250000	0
NOTE	689	127.339996337891	0.8750000	0.4535431
NOTE	690	127.794540405273	0.6250000	0
NOTE	691	127.339996337891	0.3750000	0.4545451
NOTE	692	127.794540405273	0.1250000	0
NOTE	693	127.339996337891	0.1250000	0
NOTE	694	128.249099731445	0.6250000	0
NOTE	695	128.249099731445	0.8750000	0.4535431
NOTE	696	128.703643798828	0.6250000	0
NOTE	697	128.249099731445	0.3750000	0.4545451
NOTE	698	128.703643798828	0.1250000	0
NOTE	699	128.249099731445	0.1250000	0
NOTE	700	129.158187866211	0.3750000	0
NOTE	701	129.158187866211	0.1250000	0.4535431
NOTE	702	129.612731933594	0.3750000	0
NOTE	703	129.158187866211	0.6250000	0.4545451
NOTE	704	129.612731933594	0.8750000	0
NOTE	705	129.158187866211	0.8750000	0
NOTE	706	130.067276000977	0.3750000	0
NOTE	707	130.067276000977	0.1250000	0.4535431
NOTE	708	130.521820068359	0.3750000	0
NOTE	709	130.067276000977	0.6250000	0.4545451
NOTE	710	130.521820068359	0.8750000	0
NOTE	711	130.067276000977	0.8750000	0
NOTE	712	130.976364135742	0.6250000	0
NOTE	713	130.976364135742	0.8750000	0.4535431
NOTE	714	131.430908203125	0.6250000	0
NOTE	715	130.976364135742	0.3750000	0.4545451
NOTE	716	131.430908203125	0.1250000	0
NOTE	717	130.976364135742	0.1250000	0
NOTE	718	131.885452270508	0.6250000	0
NOTE	719	131.885452270508	0.8750000	0.4535431
NOTE	720	132.339996337891	0.6250000	0
NOTE	721	131.885452270508	0.3750000	0.4545451
NOTE	722	132.339996337891	0.1250000	0
NOTE	723	131.885452270508	0.1250000	0
NOTE	724	132.794555664063	0.6250000	0
NOTE	725	132.794555664063	0.8750000	0.4535431
NOTE	726	133.249099731445	0.6250000	0
NOTE	727	132.794555664063	0.1250000	0.4545451
NOTE	728	133.249099731445	0.3750000	0
NOTE	729	132.794555664063	0.3750000	0
NOTE	730	133.703643798828	0.8750000	0
NOTE	731	133.703643798828	0.6250000	0.4535431
NOTE	732	134.158187866211	0.8750000	0
NOTE	733	133.703643798828	0.1250000	0.4545451
NOTE	734	134.158187866211	0.3750000	0
NOTE	735	133.703643798828	0.3750000	0
NOTE	736	134.612731933594	0.8750000	0
NOTE	737	134.612731933594	0.3750000	0.4535431
NOTE	738	135.067276000977	0.8750000	0
NOTE	739	134.612731933594	0.1250000	0.4545451
NOTE	740	135.067276000977	0.6250000	0
NOTE	741	134.612731933594	0.6250000	0
NOTE	742	135.521820068359	0.8750000	0
NOTE	743	135.521820068359	0.6250000	0.4535431
NOTE	744	135.976364135742	0.8750000	0
NOTE	745	135.521820068359	0.1250000	0.4545451
NOTE	746	135.976364135742	0.3750000	0
NOTE	747	135.521820068359	0.3750000	0
NOTE	748	136.430908203125	0.6250000	0
NOTE	749	136.430908203125	0.8750000	0.4535431
NOTE	750	136.885452270508	0.6250000	0
NOTE	751	136.430908203125	0.1250000	0.4545451
NOTE	752	136.885452270508	0.3750000	0
NOTE	753	136.430908203125	0.3750000	0
NOTE	754	137.339996337891	0.6250000	0
NOTE	755	137.339996337891	0.8750000	0.4535431
NOTE	756	137.794540405273	0.6250000	0
NOTE	757	137.339996337891	0.3750000	0.4545451
NOTE	758	137.794540405273	0.1250000	0
NOTE	759	137.339996337891	0.1250000	0
NOTE	760	138.249099731445	0.3750000	0
NOTE	761	138.249099731445	0.8750000	0.4535431
NOTE	762	138.703643798828	0.3750000	0
NOTE	763	138.249099731445	0.6250000	0.4545451
NOTE	764	138.703643798828	0.1250000	0
NOTE	765	138.249099731445	0.1250000	0
NOTE	766	139.158187866211	0.6250000	0
NOTE	767	139.158187866211	0.8750000	0.4535431
NOTE	768	139.612731933594	0.6250000	0
NOTE	769	139.158187866211	0.3750000	0.4545451
NOTE	770	139.612731933594	0.1250000	0
NOTE	771	139.158187866211	0.1250000	0
NOTE	772	140.067284323952	0.1250000	0.4545274
NOTE	773	140.067276000977	0.6250000	0.4545451
NOTE	774	111.317273920233	0.6250000	0
NOTE	775	111.657180786133	0.3750000	0
NOTE	776	112.112733320756	0.5000000	0
NOTE	777	113.135457819158	0.3750000	0
NOTE	778	113.533172607422	0.541666686534882	0
NOTE	779	113.646812438965	0.458333343267441	0
NOTE	780	113.362724304199	0.6250000	0
NOTE	781	113.817273226651	0.458333343267441	0
NOTE	782	113.93090057373	0.541666686534882	0
NOTE	783	114.044545953924	0.458333343267441	0
NOTE	784	114.953641718084	0.3750000	0
NOTE	785	115.29354095459	0.6250000	0
NOTE	786	115.749093489213	0.5000000	0
NOTE	787	116.771817987615	0.6250000	0
NOTE	788	116.999090714888	0.3750000	0
NOTE	789	117.113723754883	0.458333343267441	0
NOTE	790	117.226364135742	0.541666686534882	0
NOTE	791	117.453641024503	0.541666686534882	0
NOTE	792	117.567268371582	0.458333343267441	0
NOTE	793	117.680913751776	0.541666686534882	0
NOTE	794	118.590001886541	0.791666686534882	0
NOTE	795	118.929908752441	0.208333343267441	0
NOTE	796	119.385461287065	0.2500000	0
NOTE	797	120.408185785467	0.208333343267441	0
NOTE	798	120.635452270508	0.791666686534882	0
NOTE	799	120.750091552734	0.708333373069763	0
NOTE	800	120.862724304199	0.6250000	0
NOTE	801	121.089996337891	0.8750000	0
NOTE	802	121.203628540039	0.916666686534882	0
NOTE	803	121.317268371582	0.8750000	0
NOTE	804	121.089996337891	0.1250000	0
NOTE	805	121.203628540039	0.0833333358168602	0
NOTE	806	121.317273920233	0.1250000	0
NOTE	807	121.6591796875	0.791666686534882	0
NOTE	808	121.771820068359	0.791666686534882	0
NOTE	809	121.6591796875	0.208333343267441	0
NOTE	810	121.771820068359	0.208333343267441	0
NOTE	811	122.226369684393	0.208333343267441	0
NOTE	812	122.566268920898	0.791666686534882	0
NOTE	813	123.021812438965	0.7500000	0
NOTE	814	125.749093489213	0.5000000	0
NOTE	815	126.20263671875	0.7500000	0
NOTE	816	126.658189253374	0.7500000	0
NOTE	817	127.111724853516	0.5000000	0
NOTE	818	127.567277388139	0.5000000	0
NOTE	819	128.020812988281	0.2500000	0
NOTE	820	128.476365522905	0.2500000	0
NOTE	821	128.929901123047	0.5000000	0
NOTE	822	129.38545365767	0.5000000	0
NOTE	823	129.838989257813	0.7500000	0
NOTE	824	130.294541792436	0.7500000	0
NOTE	825	130.748077392578	0.5000000	0
NOTE	826	131.203645185991	0.2500000	0
NOTE	827	131.657165527344	0.5000000	0
NOTE	828	132.112716674805	0.5000000	0
NOTE	829	132.566268920898	0.7500000	0
NOTE	830	133.021821455522	0.7500000	0
NOTE	831	133.475357055664	0.5000000	0
NOTE	832	133.930909590288	0.2500000	0
NOTE	833	134.839997725053	0.7500000	0
NOTE	834	135.293533325195	0.5000000	0
NOTE	835	134.38444519043	0.5000000	0
NOTE	836	135.749101118608	0.2500000	0
NOTE	837	136.202621459961	0.5000000	0
NOTE	838	136.658189253374	0.7500000	0
NOTE	839	137.111724853516	0.5000000	0
NOTE	840	137.567277388139	0.2500000	0
NOTE	841	138.020812988281	0.5000000	0
NOTE	842	138.476365522905	0.7500000	0
NOTE	843	139.38545365767	0.2500000	0
LINK 778 779
LINK 781 782 783
LINK 789 790
LINK 791 792 793
LINK 799 800
LINK 801 802 803
LINK 804 805 806
LINK 807 808
LINK 809 810
