VERSION 2
BPM 240
PAGE_SHIFT 0
PAGE_SIZE 1
NOTE	0	1.74936938285828	0.400000005960464	0
NOTE	1	1.9580180644989	0.5000000	0
NOTE	2	2.08270263671875	0.2500000	0
NOTE	3	2.08270263671875	0.7500000	0
NOTE	4	2.74936938285828	0.400000005960464	0
NOTE	5	2.9580180644989	0.5000000	0
NOTE	6	3.08270263671875	0.2500000	0
NOTE	7	3.08270263671875	0.7500000	0
NOTE	8	3.74936938285828	0.600000023841858	0
NOTE	9	3.9580180644989	0.5000000	0
NOTE	10	4.08270264416933	0.2500000	0
NOTE	11	4.08270264416933	0.7500000	0
NOTE	12	4.41603597998619	0.2500000	0
NOTE	13	4.7493691444397	0.600000023841858	0
NOTE	14	4.95801782608032	0.5000000	0
NOTE	15	5.08270264416933	0.2500000	0
NOTE	16	5.08270264416933	0.7500000	0
NOTE	17	5.7493691444397	0.5000000	0
NOTE	18	6.08270264416933	0.200000002980232	0
NOTE	19	6.08270264416933	0.600000023841858	0
NOTE	20	6.74936932325363	0.5000000	0
NOTE	21	7.08270264416933	0.400000005960464	0
NOTE	22	7.08270264416933	0.800000011920929	0
NOTE	23	7.41603597998619	0.7500000	0
NOTE	24	7.74936932325363	0.650000035762787	0
NOTE	25	8.08270264416933	0.7500000	0
NOTE	26	8.08270264416933	0.2500000	0
NOTE	27	9.08270264416933	0.349999994039536	0
NOTE	28	9.08270264416933	0.650000035762787	0.6666667
NOTE	29	9.74936932325363	0.5000000	0
NOTE	30	9.99899959564209	0.400000005960464	0
NOTE	31	10.0827026441693	0.2500000	0
NOTE	32	10.0827026441693	0.7500000	0
NOTE	33	10.7493693232536	0.450000017881393	0
NOTE	34	10.9580183029175	0.550000011920929	0
NOTE	35	11.0827026441693	0.7500000	0
NOTE	36	11.0827026441693	0.2500000	0
NOTE	37	11.7493693232536	0.100000001490116	0
NOTE	38	11.9580183029175	0.200000002980232	0
NOTE	39	12.0827026441693	0.349999994039536	0
NOTE	40	12.0827026441693	0.650000035762787	0
NOTE	41	12.4160359799862	0.7500000	0
NOTE	42	12.7493696212769	0.900000035762787	0
NOTE	43	12.9580183029175	0.800000011920929	0
NOTE	44	13.0827026441693	0.650000035762787	0
NOTE	45	13.0827026367188	0.349999994039536	0
NOTE	46	13.4160356521606	0.5000000	0
NOTE	47	13.7493693232536	0.349999994039536	0
NOTE	48	13.6246843338013	0.699999988079071	0
NOTE	49	13.9580183029175	0.450000017881393	0
NOTE	50	14.0827026441693	0.2500000	0
NOTE	51	14.0827026441693	0.7500000	0
NOTE	52	14.7493693232536	0.100000001490116	0
NOTE	53	14.9580180048943	0.200000002980232	0
NOTE	54	15.0827026441693	0.349999994039536	0
NOTE	55	15.0827026441693	0.650000035762787	0
NOTE	56	15.4160359799862	0.349999994039536	0.5000004
NOTE	57	15.4160359799862	0.850000023841858	0
NOTE	58	15.7493693232536	0.699999988079071	0
NOTE	59	16.0827026441693	0.5000000	0
NOTE	60	16.0827026441693	0.100000001490116	0
NOTE	61	16.416036605835	0.650000035762787	0
NOTE	62	16.4160359799862	0.2500000	0
NOTE	63	16.7493686676025	0.800000011920929	0
NOTE	64	16.7493693232536	0.400000005960464	0
NOTE	65	17.0827026441693	0.100000001490116	0
NOTE	66	17.0827026441693	0.5000000	0
NOTE	67	17.416036605835	0.7500000	0
NOTE	68	17.4160359799862	0.349999994039536	0
NOTE	69	17.7493693232536	0.100000001490116	0
NOTE	70	17.7493693232536	0.5000000	0
NOTE	71	18.0827026441693	0.300000011920929	0
NOTE	72	18.0827026441693	0.7500000	0
NOTE	73	18.416036605835	0.450000017881393	0
NOTE	74	18.4160359799862	0.949999988079071	0
NOTE	75	18.7493693232536	0.300000011920929	0
NOTE	76	18.7493686676025	0.800000011920929	0
NOTE	77	19.0827026441693	0.550000011920929	0
NOTE	78	19.0827026441693	0.100000001490116	0
NOTE	79	19.4160359799862	0.100000001490116	0
NOTE	80	19.4160359799862	0.550000011920929	0
NOTE	81	19.7493693232536	0.100000001490116	0
NOTE	82	19.7493693232536	0.550000011920929	0
NOTE	83	20.0827026441693	0.7500000	0
NOTE	84	20.0827026441693	0.300000011920929	0
NOTE	85	20.416036605835	0.300000011920929	0
NOTE	86	20.416036605835	0.850000023841858	0
NOTE	87	20.7493693232536	0.300000011920929	0
NOTE	88	20.7493693232536	0.7500000	0
NOTE	89	21.0827026367188	0.600000023841858	0
NOTE	90	21.0827026441693	0.150000005960464	0
NOTE	91	21.4160359799862	0.0500000007450581	0
NOTE	92	21.7493693232536	0.150000005960464	0
NOTE	93	21.7493693232536	0.600000023841858	0
NOTE	94	21.4160359799862	0.600000023841858	0
NOTE	95	22.0827026441693	0.300000011920929	0
NOTE	96	22.0827026441693	0.7500000	0
NOTE	97	22.4160359799862	0.900000035762787	0
NOTE	98	22.4160359799862	0.450000017881393	0
NOTE	99	22.7493693232536	0.300000011920929	0
NOTE	100	22.7493693232536	0.7500000	0
NOTE	101	23.0827026367188	0.650000035762787	0
NOTE	102	23.0827026441693	0.200000002980232	0
NOTE	103	23.4160359799862	0.0500000007450581	0
NOTE	104	23.4160359799862	0.5000000	0
NOTE	105	23.7493693232536	0.2500000	0
NOTE	106	23.7493686676025	0.699999988079071	0
NOTE	107	24.0827026441693	0.400000005960464	0
NOTE	108	24.0827026441693	0.800000011920929	0
NOTE	109	24.4160359799862	0.600000023841858	0
NOTE	110	24.7493693232536	0.400000005960464	0
NOTE	111	24.7493686676025	0.650000035762787	0
NOTE	112	24.916036605835	0.7500000	0
NOTE	113	25.0827026367188	0.349999994039536	0
NOTE	114	25.4160359799862	0.200000002980232	0
NOTE	115	25.7493693232536	0.349999994039536	0
NOTE	116	25.0413513220847	0.850000023841858	0
NOTE	117	25.1246852874756	0.900000035762787	0
NOTE	118	25.2080173492432	0.850000023841858	0
NOTE	119	25.2913513183594	0.800000011920929	0
NOTE	120	25.3746846616268	0.850000023841858	0
NOTE	121	25.4580173492432	0.800000011920929	0
NOTE	122	25.5413513183594	0.7500000	0
NOTE	123	25.6246852874756	0.800000011920929	0
NOTE	124	25.7080173492432	0.7500000	0
NOTE	125	26.0827026367188	0.2500000	0
NOTE	126	26.0827026367188	0.7500000	0
NOTE	127	26.416036605835	0.550000011920929	0
NOTE	128	26.7493686676025	0.349999994039536	0
NOTE	129	27.0827026367188	0.600000023841858	0
NOTE	130	27.416036605835	0.7500000	0
NOTE	131	27.7493686676025	0.600000023841858	0
NOTE	132	27.0413513183594	0.150000005960464	0
NOTE	133	27.1246846541762	0.100000001490116	0
NOTE	134	27.2080173492432	0.150000005960464	0
NOTE	135	27.2913513183594	0.200000002980232	0
NOTE	136	27.3746852874756	0.150000005960464	0
NOTE	137	27.4580173492432	0.200000002980232	0
NOTE	138	27.5413513183594	0.2500000	0
NOTE	139	27.6246852874756	0.200000002980232	0
NOTE	140	27.7080173492432	0.2500000	0
NOTE	141	28.0827026441693	0.2500000	0
NOTE	142	28.0827026441693	0.7500000	0
NOTE	143	28.416036605835	0.550000011920929	0
NOTE	144	28.5827026367188	0.850000023841858	0
NOTE	145	28.7493686676025	0.400000005960464	0
NOTE	146	28.916036605835	0.699999988079071	0
NOTE	147	29.0827026441693	0.550000011920929	0
NOTE	148	29.4160359799862	0.650000035762787	0
NOTE	149	29.7493693232536	0.550000011920929	0
NOTE	150	29.0413513220847	0.150000005960464	0
NOTE	151	29.1246852874756	0.200000002980232	0
NOTE	152	29.2080179899931	0.150000005960464	0
NOTE	153	29.2913513183594	0.100000001490116	0
NOTE	154	29.3746846616268	0.150000005960464	0
NOTE	155	29.4580173492432	0.200000002980232	0
NOTE	156	29.5413513183594	0.150000005960464	0
NOTE	157	29.6246852874756	0.100000001490116	0
NOTE	158	29.7080180048943	0.150000005960464	0
NOTE	159	30.0827026441693	0.2500000	0
NOTE	160	30.0827026441693	0.7500000	0
NOTE	161	30.416036605835	0.400000005960464	0
NOTE	162	30.7493686676025	0.7500000	0
NOTE	163	31.0827026441693	0.550000011920929	0
NOTE	164	31.7493693232536	0.550000011920929	0
NOTE	165	31.4160359799862	0.400000005960464	0
NOTE	166	31.0413513220847	0.850000023841858	0
NOTE	167	31.1246852874756	0.900000035762787	0
NOTE	168	31.2080173492432	0.949999988079071	0
NOTE	169	31.2913513183594	0.900000035762787	0
NOTE	170	31.3746852874756	0.850000023841858	0
NOTE	171	31.4580173492432	0.900000035762787	0
NOTE	172	31.5413513183594	0.949999988079071	0
NOTE	173	31.6246852874756	0.900000035762787	0
NOTE	174	31.7080180048943	0.850000023841858	0
NOTE	175	32.0827026441693	0.699999988079071	0
NOTE	176	32.0827026441693	0.300000011920929	0
NOTE	177	32.4160359799862	0.600000023841858	0
NOTE	178	32.7493693232536	0.699999988079071	0
NOTE	179	33.0827026441693	0.800000011920929	0
NOTE	180	33.0827026441693	0.200000002980232	0
NOTE	181	33.4160359799862	0.100000001490116	0
NOTE	182	33.7493693232536	0.200000002980232	0
NOTE	183	34.0827026441693	0.2500000	0
NOTE	184	34.0827026441693	0.7500000	0
NOTE	185	34.4160359799862	0.600000023841858	0
NOTE	186	34.7493693232536	0.2500000	0
NOTE	187	35.0827026441693	0.200000002980232	0
NOTE	188	35.0827026441693	0.850000023841858	0
NOTE	189	35.4160359799862	0.900000035762787	0
NOTE	190	35.7493693232536	0.800000011920929	0
NOTE	191	35.5827026367188	0.450000017881393	0
NOTE	192	35.9160346984863	0.349999994039536	0
NOTE	193	36.0827026441693	0.650000035762787	0
NOTE	194	36.0827026441693	0.200000002980232	0
NOTE	195	36.4160359799862	0.100000001490116	0
NOTE	196	36.7493693232536	0.200000002980232	0
NOTE	197	36.9160360097885	0.600000023841858	0
NOTE	198	37.0827026441693	0.800000011920929	0
NOTE	199	37.0827026367188	0.349999994039536	0
NOTE	200	37.4160359799862	0.900000035762787	0
NOTE	201	37.7493693232536	0.800000011920929	0
NOTE	202	38.0827026367188	0.699999988079071	0
NOTE	203	38.0827026367188	0.300000011920929	0
NOTE	204	38.124683380127	0.2500000	0
NOTE	205	38.2080192565918	0.200000002980232	0
NOTE	206	38.2913513183594	0.2500000	0
NOTE	207	38.3746846616268	0.300000011920929	0
NOTE	208	38.4580192565918	0.349999994039536	0
NOTE	209	38.4160359799862	0.550000011920929	0
NOTE	210	38.7493693232536	0.699999988079071	0
NOTE	211	38.7493693232536	0.300000011920929	0
NOTE	212	39.0827026441693	0.200000002980232	0
NOTE	213	39.4160359799862	0.100000001490116	0
NOTE	214	39.7493693232536	0.200000002980232	0
NOTE	215	39.0413513220847	0.600000023841858	0
NOTE	216	39.124683380127	0.5000000	0
NOTE	217	39.2080192565918	0.450000017881393	0
NOTE	218	39.2913513183594	0.450000017881393	0
NOTE	219	39.374683380127	0.5000000	0
NOTE	220	39.4580192565918	0.600000023841858	0
NOTE	221	39.5413513183594	0.699999988079071	0
NOTE	222	39.624683380127	0.7500000	0
NOTE	223	39.7080192565918	0.7500000	0
NOTE	224	39.7913513183594	0.699999988079071	0
NOTE	225	39.874683380127	0.650000035762787	0
NOTE	226	39.9580192565918	0.550000011920929	0
NOTE	227	40.0827026441693	0.400000005960464	0.3333333
NOTE	228	40.0827026441693	0.850000023841858	0
NOTE	229	40.4160359799862	0.850000023841858	0
NOTE	230	40.7493693232536	0.400000005960464	0
NOTE	231	41.0827026441693	0.200000002980232	0.1666667
NOTE	232	41.0827026441693	0.800000011920929	0
NOTE	233	41.4160359799862	0.800000011920929	0
NOTE	234	41.4160359799862	0.5000000	0
NOTE	235	41.7493705749512	0.400000005960464	0
NOTE	236	41.7493705749512	0.699999988079071	0
NOTE	237	42.0827026367188	0.850000023841858	0.3333333
NOTE	238	42.4160346984863	0.150000005960464	0.3333346
NOTE	239	42.0827026441693	0.150000005960464	0
NOTE	240	42.7493693232536	0.850000023841858	0
NOTE	241	43.0827026441693	0.300000011920929	0.3333333
NOTE	242	43.4160359799862	0.7500000	0.5000013
NOTE	243	43.0827026367188	0.7500000	0
NOTE	244	43.7493693232536	0.450000017881393	0
NOTE	245	44.0827026441693	0.600000023841858	0
NOTE	246	44.0827026441693	0.200000002980232	0
NOTE	247	44.4160359799862	0.150000005960464	0
NOTE	248	44.7493693232536	0.200000002980232	0
NOTE	249	45.0827026367188	0.800000011920929	0.6666667
NOTE	250	45.0827026441693	0.400000005960464	0
NOTE	251	45.4160359799862	0.5000000	0
NOTE	252	45.7493693232536	0.400000005960464	0
NOTE	253	46.0827026441693	0.200000002980232	0.6666667
NOTE	254	46.0827026441693	0.699999988079071	0
NOTE	255	46.4160346984863	0.650000035762787	0
NOTE	256	46.7493705749512	0.600000023841858	0
NOTE	257	47.0827026441693	0.400000005960464	0.3333333
NOTE	258	47.0827026441693	0.850000023841858	0
NOTE	259	47.4160359799862	0.800000011920929	0
NOTE	260	47.7493705749512	0.7500000	0
NOTE	261	47.7493705749512	0.400000005960464	0
NOTE	262	47.8435134887695	0.300000011920929	0
NOTE	263	48.0827026367188	0.150000005960464	0.8333334
NOTE	264	48.0827026367188	0.900000035762787	0
NOTE	265	48.4160346984863	0.550000011920929	0
NOTE	266	48.7493705749512	0.900000035762787	0
NOTE	267	49.0827026367188	0.800000011920929	0.8333334
NOTE	268	49.0827026441693	0.300000011920929	0
NOTE	269	49.4160359799862	0.5000000	0
NOTE	270	49.7493693232536	0.300000011920929	0
NOTE	271	50.0827026441693	0.150000005960464	0.3333333
NOTE	272	50.4160359799862	0.600000023841858	0.3333346
NOTE	273	50.7493693232536	0.150000005960464	0.2506307
NOTE	274	51.0827026441693	0.400000005960464	0.3333333
NOTE	275	51.4160359799862	0.850000023841858	0.5000013
NOTE	276	51.7493705749512	0.400000005960464	0
NOTE	277	51.9160360097885	0.300000011920929	0
NOTE	278	52.0827026441693	0.150000005960464	0.8333334
NOTE	279	52.0827026441693	0.600000023841858	0
NOTE	280	52.4160346984863	0.699999988079071	0
NOTE	281	52.7493693232536	0.600000023841858	0
NOTE	282	53.0827026441693	0.300000011920929	0.8333334
NOTE	283	53.0827026441693	0.7500000	0
NOTE	284	53.4160359799862	0.850000023841858	0
NOTE	285	53.7493705749512	0.850000023841858	0
NOTE	286	53.9160346984863	0.7500000	0
NOTE	287	54.0827026441693	0.650000035762787	0.8333334
NOTE	288	54.0827026441693	0.150000005960464	0
NOTE	289	54.4160359799862	0.450000017881393	0
NOTE	290	54.7493693232536	0.150000005960464	0
NOTE	291	55.0413513220847	0.300000011920929	0
NOTE	292	55.124683380127	0.400000005960464	0
NOTE	293	55.2080192565918	0.349999994039536	0
NOTE	294	55.2913513183594	0.450000017881393	0
NOTE	295	55.374683380127	0.400000005960464	0
NOTE	296	55.4580192565918	0.5000000	0
NOTE	297	55.0827026441693	0.850000023841858	0
NOTE	298	55.4160359799862	0.850000023841858	0.3333346
NOTE	299	55.7493693232536	0.699999988079071	0.2506307
NOTE	300	56.0827026441693	0.5000000	0
NOTE	301	56.4160346984863	0.349999994039536	0.3333346
NOTE	302	56.0827026441693	0.300000011920929	0
NOTE	303	56.2493705749512	0.150000005960464	0
NOTE	304	56.4160346984863	0.0500000007450581	0
NOTE	305	56.5827026367188	0.0500000007450581	0
NOTE	306	56.7493705749512	0.150000005960464	0
NOTE	307	56.9160360097885	0.300000011920929	0
NOTE	308	57.0827026441693	0.5000000	0
NOTE	309	57.4160359799862	0.650000035762787	0.3333346
NOTE	310	57.0827026441693	0.699999988079071	0
NOTE	311	57.2493705749512	0.850000023841858	0
NOTE	312	57.4160346984863	0.949999988079071	0
NOTE	313	57.5827026367188	0.949999988079071	0
NOTE	314	57.7493705749512	0.850000023841858	0
NOTE	315	57.9160346984863	0.699999988079071	0
NOTE	316	58.0827026441693	0.5000000	0
NOTE	317	58.2493705749512	0.450000017881393	0
NOTE	318	58.4160346984863	0.400000005960464	0.3000000
NOTE	319	58.0827026441693	0.300000011920929	0
NOTE	320	58.2493693083525	0.150000005960464	0
NOTE	321	58.4160359799862	0.0500000007450581	0
NOTE	322	58.5827026367188	0.0500000007450581	0
NOTE	323	58.7493693232536	0.150000005960464	0
NOTE	324	58.9160360097885	0.300000011920929	0
NOTE	325	59.0827026441693	0.699999988079071	0
NOTE	326	59.2493693083525	0.850000023841858	0
NOTE	327	59.4160359799862	0.949999988079071	0
NOTE	328	59.5827026367188	0.949999988079071	0
NOTE	329	59.7493693232536	0.850000023841858	0
NOTE	330	59.9160360097885	0.699999988079071	0
NOTE	331	59.0827026441693	0.5000000	0.3333333
NOTE	332	59.7493705749512	0.600000023841858	0
NOTE	333	60.0827026441693	0.5000000	0.3333333
NOTE	334	60.0827026367188	0.300000011920929	0
NOTE	335	60.2493705749512	0.150000005960464	0
NOTE	336	60.4160346984863	0.0500000007450581	0
NOTE	337	60.5827026367188	0.0500000007450581	0
NOTE	338	60.7493705749512	0.150000005960464	0
NOTE	339	60.9160346984863	0.300000011920929	0
NOTE	340	61.0827026441693	0.5000000	0
NOTE	341	61.4160346984863	0.600000023841858	0
NOTE	342	61.7493705749512	0.349999994039536	0
NOTE	343	62.0827026367188	0.5000000	0.3333333
NOTE	344	61.0827026441693	0.699999988079071	0
NOTE	345	61.2493693083525	0.850000023841858	0
NOTE	346	61.4160359799862	0.949999988079071	0
NOTE	347	61.5827026367188	0.949999988079071	0
NOTE	348	61.7493693232536	0.850000023841858	0
NOTE	349	61.9160360097885	0.699999988079071	0
NOTE	350	62.0827026441693	0.300000011920929	0
NOTE	351	62.2493693083525	0.150000005960464	0
NOTE	352	62.4160359799862	0.0500000007450581	0
NOTE	353	62.5827026367188	0.0500000007450581	0
NOTE	354	62.7493693232536	0.150000005960464	0
NOTE	355	62.9160360097885	0.300000011920929	0
NOTE	356	62.7493705749512	0.400000005960464	0
NOTE	357	63.0827026441693	0.5000000	0.3333333
NOTE	358	63.0827026441693	0.699999988079071	0
NOTE	359	63.2493693083525	0.850000023841858	0
NOTE	360	63.4160359799862	0.949999988079071	0
NOTE	361	63.5827026367188	0.949999988079071	0
NOTE	362	63.7493693232536	0.850000023841858	0
NOTE	363	63.9160360097885	0.699999988079071	0
NOTE	364	63.7493705749512	0.400000005960464	0
NOTE	365	63.9160346984863	0.300000011920929	0
NOTE	366	64.0827026441693	0.550000011920929	0
NOTE	367	64.0827026367188	0.100000001490116	0
NOTE	368	64.4160359799862	0.100000001490116	0
NOTE	369	64.5827026367188	0.5000000	0
NOTE	370	64.7493693232536	0.100000001490116	0
NOTE	371	64.7493693232536	0.600000023841858	0
NOTE	372	64.9160360097885	0.200000002980232	0
NOTE	373	65.0827026441693	0.450000017881393	0
NOTE	374	65.0827026367188	0.900000035762787	0
NOTE	375	65.4160359799862	0.900000035762787	0
NOTE	376	65.7493693232536	0.900000035762787	0
NOTE	377	65.4580154418945	0.600000023841858	0
NOTE	378	65.5413513183594	0.650000035762787	0
NOTE	379	65.6246871948242	0.699999988079071	0
NOTE	380	65.7080154418945	0.650000035762787	0
NOTE	381	65.7913513183594	0.600000023841858	0
NOTE	382	65.8746871948242	0.550000011920929	0
NOTE	383	65.9580154418945	0.5000000	0
NOTE	384	66.0827026441693	0.7500000	0
NOTE	385	66.0827026441693	0.150000005960464	0
NOTE	386	66.4160359799862	0.150000005960464	0
NOTE	387	66.7493693232536	0.150000005960464	0
NOTE	388	66.4580180048943	0.450000017881393	0
NOTE	389	66.5413513183594	0.400000005960464	0
NOTE	390	66.6246871948242	0.349999994039536	0
NOTE	391	66.7080154418945	0.400000005960464	0
NOTE	392	66.7913513183594	0.450000017881393	0
NOTE	393	66.8746871948242	0.5000000	0
NOTE	394	66.9580154418945	0.550000011920929	0
NOTE	395	67.0413513220847	0.650000035762787	0
NOTE	396	67.1246871948242	0.7500000	0
NOTE	397	67.2080154418945	0.850000023841858	0
NOTE	398	67.2913513183594	0.900000035762787	0
NOTE	399	67.3746871948242	0.900000035762787	0
NOTE	400	67.4580154418945	0.850000023841858	0
NOTE	401	67.5413513183594	0.800000011920929	0
NOTE	402	67.6246871948242	0.7500000	0
NOTE	403	67.7080154418945	0.699999988079071	0
NOTE	404	67.7913513183594	0.650000035762787	0
NOTE	405	67.8746871948242	0.600000023841858	0
NOTE	406	67.9580154418945	0.550000011920929	0
NOTE	407	67.0827026441693	0.300000011920929	0
NOTE	408	67.4160385131836	0.600000023841858	0
NOTE	409	67.7493667602539	0.100000001490116	0
NOTE	410	68.0413513220847	0.450000017881393	0
NOTE	411	68.1246871948242	0.349999994039536	0
NOTE	412	68.2080154418945	0.349999994039536	0
NOTE	413	68.2913513183594	0.400000005960464	0
NOTE	414	68.3746871948242	0.5000000	0
NOTE	415	68.4580154418945	0.650000035762787	0
NOTE	416	68.7913513183594	0.349999994039536	0
NOTE	417	68.8746871948242	0.450000017881393	0
NOTE	418	68.9580154418945	0.550000011920929	0
NOTE	419	69.0413513220847	0.650000035762787	0
NOTE	420	69.1246871948242	0.850000023841858	0
NOTE	421	69.2080154418945	0.699999988079071	0
NOTE	422	69.2913513183594	0.900000035762787	0
NOTE	423	69.3746871948242	0.699999988079071	0
NOTE	424	69.4580154418945	0.900000035762787	0
NOTE	425	69.5413513183594	0.699999988079071	0
NOTE	426	69.6246871948242	0.850000023841858	0
NOTE	427	69.7080180048943	0.650000035762787	0
NOTE	428	69.8746871948242	0.200000002980232	0
NOTE	429	69.9580154418945	0.300000011920929	0
NOTE	430	69.7913513183594	0.100000001490116	0
NOTE	431	70.0413513220847	0.400000005960464	0
NOTE	432	70.1246871948242	0.5000000	0
NOTE	433	70.2080154418945	0.5000000	0
NOTE	434	70.2913513183594	0.450000017881393	0
NOTE	435	70.3746871948242	0.349999994039536	0
NOTE	436	70.4580154418945	0.200000002980232	0
NOTE	437	71.0413513183594	0.349999994039536	0
NOTE	438	71.1246871948242	0.150000005960464	0
NOTE	439	71.2080154418945	0.300000011920929	0
NOTE	440	71.2913513183594	0.100000001490116	0
NOTE	441	71.3746871948242	0.300000011920929	0
NOTE	442	71.4580154418945	0.100000001490116	0
NOTE	443	71.5413513183594	0.300000011920929	0
NOTE	444	71.6246871948242	0.150000005960464	0
NOTE	445	71.7080154418945	0.349999994039536	0
NOTE	446	70.7913513183594	0.650000035762787	0
NOTE	447	70.8746871948242	0.550000011920929	0
NOTE	448	70.9580154418945	0.450000017881393	0
NOTE	449	71.5827026367188	0.850000023841858	0
NOTE	450	71.7493693232536	0.7500000	0
NOTE	451	71.9160360097885	0.650000035762787	0
NOTE	452	72.0827026441693	0.550000011920929	0
NOTE	453	72.3746846616268	0.550000011920929	0
NOTE	454	72.4580154418945	0.699999988079071	0
NOTE	455	72.5413513183594	0.800000011920929	0
NOTE	456	72.6246871948242	0.850000023841858	0
NOTE	457	72.7080154418945	0.850000023841858	0
NOTE	458	72.7913513183594	0.800000011920929	0
NOTE	459	72.8746871948242	0.699999988079071	0
NOTE	460	72.9580154418945	0.550000011920929	0
NOTE	461	73.0413513220847	0.450000017881393	0
NOTE	462	73.1246871948242	0.300000011920929	0
NOTE	463	73.2080154418945	0.200000002980232	0
NOTE	464	73.2913513183594	0.150000005960464	0
NOTE	465	73.3746871948242	0.150000005960464	0
NOTE	466	73.4580154418945	0.200000002980232	0
NOTE	467	73.5413513183594	0.300000011920929	0
NOTE	468	73.6246846914291	0.450000017881393	0
NOTE	469	73.7080154418945	0.349999994039536	0
NOTE	470	73.7913513183594	0.300000011920929	0
NOTE	471	73.8746871948242	0.349999994039536	0
NOTE	472	73.9580154418945	0.450000017881393	0
NOTE	473	74.0275675468147	0.600000023841858	0
NOTE	474	74.083122253418	0.699999988079071	0
NOTE	475	74.1386795043945	0.800000011920929	0
NOTE	476	74.1942367553711	0.850000023841858	0
NOTE	477	74.2497863769531	0.850000023841858	0
NOTE	478	74.3053436279297	0.800000011920929	0
NOTE	479	74.3609008789063	0.699999988079071	0
NOTE	480	74.4164581298828	0.600000023841858	0
NOTE	481	74.4720153808594	0.5000000	0
NOTE	482	74.5275650024414	0.450000017881393	0
NOTE	483	74.583122253418	0.450000017881393	0
NOTE	484	74.6386795043945	0.5000000	0
NOTE	485	74.6942367553711	0.600000023841858	0
NOTE	486	74.7497863769531	0.650000035762787	0
NOTE	487	74.8053436279297	0.650000035762787	0
NOTE	488	74.8609008789063	0.600000023841858	0
NOTE	489	74.9164581298828	0.5000000	0
NOTE	490	74.9720153808594	0.349999994039536	0
NOTE	491	75.0275675468147	0.2500000	0
NOTE	492	75.083122253418	0.150000005960464	0
NOTE	493	75.1386795043945	0.100000001490116	0
NOTE	494	75.1942367553711	0.100000001490116	0
NOTE	495	75.2497863769531	0.150000005960464	0
NOTE	496	75.3053436279297	0.2500000	0
NOTE	497	75.3609008789063	0.349999994039536	0
NOTE	498	75.4164581298828	0.450000017881393	0
NOTE	499	75.4720153808594	0.5000000	0
NOTE	500	75.5275650024414	0.5000000	0
NOTE	501	75.583122253418	0.450000017881393	0
NOTE	502	75.6386795043945	0.349999994039536	0
NOTE	503	75.6942367553711	0.2500000	0
NOTE	504	75.7497863769531	0.200000002980232	0
NOTE	505	75.8053436279297	0.200000002980232	0
NOTE	506	75.8609008789063	0.2500000	0
NOTE	507	75.9164581298828	0.349999994039536	0
NOTE	508	75.9720153808594	0.450000017881393	0
NOTE	509	76.0827026367188	0.699999988079071	0
NOTE	510	76.7493693232536	0.7500000	0
NOTE	511	76.9580154418945	0.550000011920929	0
NOTE	512	77.0827026441693	0.400000005960464	0
NOTE	513	77.7493693232536	0.2500000	0
NOTE	514	77.9580180048943	0.450000017881393	0
NOTE	515	78.0827026441693	0.600000023841858	0
NOTE	516	78.4160359799862	0.800000011920929	0
NOTE	517	78.7493693232536	0.699999988079071	0
NOTE	518	78.9580154418945	0.5000000	0
NOTE	519	79.0827026441693	0.349999994039536	0
NOTE	520	79.7493693232536	0.300000011920929	0
NOTE	521	80.0827026441693	0.5000000	0
NOTE	522	80.7493693232536	0.5000000	0
NOTE	523	81.0827026441693	0.650000035762787	0
NOTE	524	81.4160359799862	0.800000011920929	0
NOTE	525	81.7493693232536	0.650000035762787	0
NOTE	526	82.0275675468147	0.400000005960464	0
NOTE	527	82.083122253418	0.300000011920929	0
NOTE	528	82.1386795043945	0.200000002980232	0
NOTE	529	83.0827026441693	0.5000000	0
NOTE	530	83.4160359799862	0.600000023841858	0
NOTE	531	83.7493693232536	0.650000035762787	0
NOTE	532	83.9580154418945	0.550000011920929	0
NOTE	533	84.0827026441693	0.349999994039536	0.8333334
NOTE	534	85.0827026441693	0.850000023841858	0.8333334
NOTE	535	85.9580180048943	0.650000035762787	0
NOTE	536	86.0827026441693	0.550000011920929	0.8333334
NOTE	537	86.0827026441693	0.300000011920929	0
NOTE	538	86.4160359799862	0.200000002980232	0
NOTE	539	86.7493693232536	0.200000002980232	0
NOTE	540	87.0827026367188	0.400000005960464	0
NOTE	541	87.0827026441693	0.7500000	0
NOTE	542	87.4160385131836	0.850000023841858	0
NOTE	543	87.7493667602539	0.7500000	0
NOTE	544	87.7493693232536	0.400000005960464	0
NOTE	545	88.0827026367188	0.2500000	0
NOTE	546	88.4160385131836	0.150000005960464	0
NOTE	547	88.7493667602539	0.2500000	0
NOTE	548	88.0827026441693	0.550000011920929	0.8333334
NOTE	549	89.0827026441693	0.400000005960464	0
NOTE	550	89.0827026441693	0.850000023841858	0.8333334
NOTE	551	90.0827026441693	0.5000000	0.8333334
NOTE	552	93.0827026441693	0.850000023841858	0.3753154
NOTE	553	93.0827026441693	0.200000002980232	0
NOTE	554	93.7493693232536	0.150000005960464	0
NOTE	555	93.4580180048943	0.2500000	0
NOTE	556	93.5413513183594	0.349999994039536	0
NOTE	557	93.6246871948242	0.450000017881393	0
NOTE	558	93.7080154418945	0.5000000	0
NOTE	559	93.7913513183594	0.5000000	0
NOTE	560	93.8746871948242	0.550000011920929	0
NOTE	561	93.9580154418945	0.650000035762787	0
NOTE	562	94.0827026367188	0.850000023841858	0.3333333
NOTE	563	94.0827026441693	0.300000011920929	0
NOTE	564	94.7493693232536	0.300000011920929	0
NOTE	565	94.9580180048943	0.400000005960464	0
NOTE	566	95.0827026441693	0.150000005960464	0.3333333
NOTE	567	95.0827026441693	0.850000023841858	0
NOTE	568	95.4160359799862	0.650000035762787	0
NOTE	569	95.7493667602539	0.850000023841858	0
NOTE	570	96.0827026441693	0.2500000	0.3333333
NOTE	571	96.0827026441693	0.699999988079071	0
NOTE	572	96.4160359799862	0.5000000	0
NOTE	573	96.7493693232536	0.699999988079071	0.2506307
NOTE	574	97.0827026367188	0.150000005960464	0.3333333
NOTE	575	97.4160359799862	0.900000035762787	0.3333308
NOTE	576	97.7493667602539	0.150000005960464	0.2506307
NOTE	577	98.0827026441693	0.7500000	0.8333334
NOTE	578	98.0827026441693	0.300000011920929	0
NOTE	579	98.7493693232536	0.450000017881393	0
NOTE	580	99.0827026367188	0.600000023841858	0
NOTE	581	99.0827026441693	0.150000005960464	0.3333333
NOTE	582	99.4160385131836	0.600000023841858	0.3333308
NOTE	583	99.7493693232536	0.150000005960464	0.2506307
NOTE	584	100.082702644169	0.400000005960464	0.8333334
NOTE	585	100.582702636719	0.7500000	0
NOTE	586	100.749366760254	0.850000023841858	0
NOTE	587	100.916038513184	0.7500000	0
NOTE	588	101.082702644169	0.200000002980232	0
NOTE	589	101.082702644169	0.600000023841858	0.8333334
NOTE	590	102.082702644169	0.800000011920929	0
NOTE	591	102.082702644169	0.150000005960464	0.6666667
NOTE	592	102.749369323254	0.800000011920929	0
NOTE	593	103.082702636719	0.5000000	0.8333334
NOTE	594	104.082702636719	0.900000035762787	0
NOTE	595	104.582702636719	0.100000001490116	0
NOTE	596	104.082702636719	0.699999988079071	0
NOTE	597	104.249366760254	0.600000023841858	0
NOTE	598	104.582702636719	0.300000011920929	0
NOTE	599	104.749366760254	0.400000005960464	0
NOTE	600	105.082702644169	0.900000035762787	0
NOTE	601	105.249366760254	0.800000011920929	0
NOTE	602	105.082702644169	0.650000035762787	0
NOTE	603	105.582702636719	0.349999994039536	0
NOTE	604	105.582702636719	0.100000001490116	0
NOTE	605	105.749366760254	0.200000002980232	0
NOTE	606	106.082702644169	0.5000000	0.8333334
NOTE	607	106.749366760254	0.699999988079071	0
NOTE	608	107.082702644169	0.850000023841858	0
NOTE	609	107.082702636719	0.200000002980232	0
NOTE	610	107.416035979986	0.900000035762787	0
NOTE	611	107.749369323254	0.850000023841858	0
NOTE	612	108.082702644169	0.300000011920929	0.8333334
NOTE	613	108.082702644169	0.699999988079071	0
NOTE	614	108.749369323254	0.5000000	0
NOTE	615	108.958015441895	0.600000023841858	0
NOTE	616	109.082702644169	0.7500000	0.5000000
NOTE	617	109.082702644169	0.150000005960464	0
NOTE	618	109.749369323254	0.600000023841858	0
NOTE	619	109.958015441895	0.5000000	0
NOTE	620	110.082702644169	0.349999994039536	0
NOTE	621	110.416035979986	0.200000002980232	0
NOTE	622	110.749369323254	0.349999994039536	0
NOTE	623	111.082702644169	0.2500000	0
NOTE	624	111.082702644169	0.7500000	0
NOTE	625	111.44962310791	0.800000011920929	0
NOTE	626	111.549621582031	0.900000035762787	0
NOTE	627	111.649620056152	0.800000011920929	0
NOTE	628	111.749618530273	0.699999988079071	0
NOTE	629	112.082702644169	0.7500000	0
NOTE	630	112.082702644169	0.2500000	0
NOTE	631	112.449621587992	0.2500000	0
NOTE	632	112.549621582031	0.650000035762787	0
NOTE	633	112.649621605873	0.200000002980232	0
NOTE	634	112.74962157011	0.600000023841858	0
NOTE	635	113.082702644169	0.349999994039536	0
NOTE	636	113.082702644169	0.800000011920929	0
NOTE	637	113.416035979986	0.900000035762787	0
NOTE	638	113.749369323254	0.800000011920929	0
NOTE	639	114.082702644169	0.600000023841858	0
NOTE	640	114.082702644169	0.200000002980232	0
NOTE	641	114.449621587992	0.150000005960464	0
NOTE	642	114.549621582031	0.5000000	0
NOTE	643	114.649621605873	0.200000002980232	0
NOTE	644	114.74962157011	0.550000011920929	0
NOTE	645	114.849621593952	0.2500000	0
NOTE	646	114.94962310791	0.600000023841858	0
NOTE	647	115.082702644169	0.400000005960464	0
NOTE	648	115.082702644169	0.800000011920929	0
NOTE	649	115.416035979986	0.900000035762787	0
NOTE	650	115.749369323254	0.800000011920929	0
NOTE	651	116.082702644169	0.699999988079071	0
NOTE	652	116.082702644169	0.300000011920929	0
NOTE	653	116.416035979986	0.5000000	0
NOTE	654	116.749369323254	0.349999994039536	0
NOTE	655	116.958018004894	0.600000023841858	0
NOTE	656	117.082702644169	0.7500000	0
NOTE	657	117.082702644169	0.2500000	0
NOTE	658	117.749369323254	0.800000011920929	0
NOTE	659	117.916036009789	0.699999988079071	0
NOTE	660	118.082702644169	0.600000023841858	0.3333333
NOTE	661	118.082702644169	0.150000005960464	0
NOTE	662	118.582702636719	0.150000005960464	0.3333334
NOTE	663	118.582702636719	0.400000005960464	0
NOTE	664	118.749369323254	0.5000000	0
NOTE	665	118.916036009789	0.600000023841858	0
NOTE	666	119.082702644169	0.850000023841858	0.3333333
NOTE	667	119.082702644169	0.400000005960464	0
NOTE	668	119.416035979986	0.650000035762787	0
NOTE	669	119.541351318359	0.850000023841858	0
NOTE	670	119.624687194824	0.850000023841858	0
NOTE	671	119.708015441895	0.800000011920929	0
NOTE	672	119.791351318359	0.7500000	0
NOTE	673	119.874687194824	0.650000035762787	0
NOTE	674	119.958015441895	0.5000000	0
NOTE	675	120.041351318359	0.400000005960464	0
NOTE	676	120.124687194824	0.2500000	0
NOTE	677	120.208015441895	0.150000005960464	0
NOTE	678	120.291351318359	0.100000001490116	0
NOTE	679	120.374687194824	0.100000001490116	0
NOTE	680	120.458015441895	0.150000005960464	0
NOTE	681	120.749369323254	0.5000000	0
NOTE	682	121.082702644169	0.2500000	0
NOTE	683	121.082702644169	0.7500000	0
NOTE	684	121.874687194824	0.550000011920929	0
NOTE	685	121.958015441895	0.450000017881393	0
NOTE	686	122.082702644169	0.300000011920929	0
NOTE	687	122.749369323254	0.800000011920929	0
NOTE	688	123.082702644169	0.650000035762787	0
NOTE	689	123.082702644169	0.349999994039536	0
NOTE	690	124.082702644169	0.5000000	0
NOTE	691	124.749618530273	0.200000002980232	0
NOTE	692	124.96851348877	0.349999994039536	0
NOTE	693	125.149621576071	0.650000035762787	0
NOTE	694	125.849624633789	0.7500000	0
NOTE	695	126.124687194824	0.450000017881393	0
NOTE	696	126.249618530273	0.150000005960464	0
NOTE	697	126.249618530273	0.550000011920929	0
NOTE	698	126.649620056152	0.600000023841858	0
NOTE	699	126.96851348877	0.600000023841858	0
NOTE	700	127.208015441895	0.850000023841858	0
NOTE	701	127.349624633789	0.800000011920929	0
NOTE	702	127.349624633789	0.400000005960464	0
NOTE	703	128.049621585757	0.300000011920929	0
NOTE	704	128.449621587992	0.150000005960464	0
NOTE	705	128.449621587992	0.850000023841858	0
NOTE	706	128.791351318359	0.7500000	0
NOTE	707	129.149621576071	0.349999994039536	0
NOTE	708	129.524810791016	0.300000011920929	0
NOTE	709	129.524810791016	0.7500000	0
NOTE	710	129.849624633789	0.699999988079071	0
NOTE	711	130.249618530273	0.200000002980232	0
NOTE	712	130.593505859375	0.5000000	0
NOTE	713	131.718505859375	0.5000000	0
NOTE	714	132.406005859375	0.150000005960464	0
NOTE	715	132.593505859375	0.100000001490116	0
NOTE	716	132.718505859375	0.150000005960464	0
NOTE	717	132.718505859375	0.850000023841858	0.2814865
NOTE	718	133.531005859375	0.300000011920929	0
NOTE	719	133.718505859375	0.349999994039536	0
NOTE	720	133.84351348877	0.300000011920929	0
NOTE	721	133.84351348877	0.699999988079071	0.1564865
NOTE	722	135.324813842773	0.850000023841858	0.3125076
NOTE	723	134.9248046875	0.5000000	0
NOTE	724	135.6748046875	0.150000005960464	0.3000061
NOTE	725	136.024810791016	0.5000000	0.3000000
NOTE	726	136.374816894531	0.699999988079071	0.3000000
NOTE	727	136.724810779095	0.349999994039536	0.2751892
NOTE	728	137.074813842773	0.900000035762787	0.8999969
NOTE	729	138.224807739258	0.100000001490116	0.7000000
NOTE	730	139.274810791016	0.5000000	0
NOTE	731	140.024810792878	0.550000011920929	0
NOTE	732	140.374816894531	0.800000011920929	0
NOTE	733	141.449615478516	0.5000000	0
NOTE	734	143.649627685547	0.100000001490116	0
NOTE	735	143.749618530273	0.150000005960464	0
NOTE	736	143.849624633789	0.2500000	0
NOTE	737	143.949615478516	0.400000005960464	0
NOTE	738	144.049621585757	0.550000011920929	0
NOTE	739	144.149627685547	0.699999988079071	0
NOTE	740	144.249618530273	0.800000011920929	0
NOTE	741	144.349624633789	0.900000035762787	0
NOTE	742	144.449615478516	0.949999988079071	0
NOTE	743	144.549621582031	0.949999988079071	0
NOTE	744	144.649627685547	0.900000035762787	0
NOTE	745	144.749618530273	0.800000011920929	0
NOTE	746	144.849624633789	0.699999988079071	0
NOTE	747	144.949615478516	0.550000011920929	0
NOTE	748	145.049621582031	0.450000017881393	0
NOTE	749	145.149627685547	0.300000011920929	0
NOTE	750	145.249618530273	0.200000002980232	0
NOTE	751	145.349624633789	0.100000001490116	0
NOTE	752	145.449615478516	0.0500000007450581	0
NOTE	753	145.549621582031	0.0500000007450581	0
NOTE	754	145.649627685547	0.100000001490116	0
NOTE	755	145.749618530273	0.200000002980232	0
NOTE	756	145.849624633789	0.300000011920929	0
NOTE	757	145.949615478516	0.450000017881393	0
NOTE	758	146.049621585757	0.550000011920929	0
NOTE	759	146.149621576071	0.699999988079071	0
NOTE	760	146.249621585011	0.800000011920929	0
NOTE	761	146.349621593952	0.900000035762787	0
NOTE	762	146.449621587992	0.949999988079071	0
NOTE	763	146.549621582031	0.949999988079071	0
NOTE	764	146.649621605873	0.900000035762787	0
NOTE	765	146.74962157011	0.800000011920929	0
NOTE	766	146.849621593952	0.699999988079071	0
NOTE	767	146.949621617794	0.550000011920929	0
NOTE	768	147.049621585757	0.450000017881393	0
NOTE	769	147.149627685547	0.349999994039536	0
NOTE	770	147.249618530273	0.300000011920929	0
NOTE	771	147.349624633789	0.300000011920929	0
NOTE	772	147.449615478516	0.349999994039536	0
NOTE	773	147.549621582031	0.450000017881393	0
NOTE	774	147.749618530273	0.5000000	0
NOTE	775	147.949615478516	0.5000000	0
LINK 111 112
LINK 116 117 118 119 120 121 122 123 124
LINK 132 133 134 135 136 137 138 139 140
LINK 150 151 152 153 154 155 156 157 158
LINK 166 167 168 169 170 171 172 173 174
LINK 203 204 205 206 207 208
LINK 215 216 217 218 219 220 221 222 223 224 225 226
LINK 261 262
LINK 285 286
LINK 291 292 293 294 295 296
LINK 302 303 304 305 306 307
LINK 310 311 312 313 314 315
LINK 319 320 321 322 323 324
LINK 325 326 327 328 329 330
LINK 334 335 336 337 338 339
LINK 344 345 346 347 348 349
LINK 350 351 352 353 354 355
LINK 358 359 360 361 362 363
LINK 377 378 379 380 381 382 383
LINK 388 389 390 391 392 393 394
LINK 395 396 397 398 399 400 401 402 403 404 405 406
LINK 410 411 412 413 414 415
LINK 416 417 418
LINK 419 420 421 422 423 424 425 426 427
LINK 430 428 429
LINK 431 432 433 434 435 436
LINK 437 438 439 440 441 442 443 444 445
LINK 446 447 448
LINK 453 454 455 456 457 458 459 460
LINK 461 462 463 464 465 466 467 468 469 470 471 472
LINK 473 474 475 476 477 478 479 480 481 482 483 484 485 486 487 488 489 490
LINK 491 492 493 494 495 496 497 498 499 500 501 502 503 504 505 506 507 508
LINK 526 527 528
LINK 531 532
LINK 541 542 543
LINK 545 546 547
LINK 555 556 557 558 559 560 561
LINK 585 586 587
LINK 596 597
LINK 598 599
LINK 600 601
LINK 604 605
LINK 614 615
LINK 618 619
LINK 625 626 627 628
LINK 669 670 671 672 673 674
LINK 675 676 677 678 679 680
LINK 684 685
LINK 734 735 736 737
LINK 738 739 740 741 742 743 744 745 746 747
LINK 748 749 750 751 752 753 754 755 756 757
LINK 758 759 760 761 762 763 764 765 766 767
LINK 768 769 770 771 772 773
LINK 774 775
