VERSION 2
BPM 340
PAGE_SHIFT 0.275000005960464
PAGE_SIZE 0.705882352941177
NOTE	0	1.18054842948914	0.7500000	0
NOTE	1	1.180548471563	0.2500000	0.3529412
NOTE	2	1.53348964803359	0.550000011920929	0
NOTE	3	1.70996022224426	0.7500000	0
NOTE	4	1.70996023626889	0.2500000	0
NOTE	5	2.06290125846863	0.400000005960464	0
NOTE	6	2.23937177658081	0.7500000	0
NOTE	7	2.41584253311157	0.400000005960464	0
NOTE	8	2.76878368153292	0.150000005960464	0
NOTE	9	2.9452543258667	0.850000023841858	0.2647058
NOTE	10	2.9452543258667	0.150000005960464	0
NOTE	11	3.29819536209106	0.300000011920929	0.2647060
NOTE	12	3.56290125846863	0.699999988079071	0.2647060
NOTE	13	4.00407795345082	0.150000005960464	0
NOTE	14	4.00407795345082	0.850000023841858	0.3529411
NOTE	15	4.35701912992141	0.450000017881393	0
NOTE	16	4.5334897181567	0.300000011920929	0
NOTE	17	4.70995998382568	0.850000023841858	0
NOTE	18	4.88643074035645	0.7500000	0
NOTE	19	5.06290102005005	0.650000035762787	0
NOTE	20	5.0629016792073	0.150000005960464	0
NOTE	21	5.23937226744259	0.150000005960464	0.1326866
NOTE	22	6.12172512447133	0.349999994039536	0
NOTE	23	6.20995998382568	0.650000035762787	0
NOTE	24	6.29819571270662	0.349999994039536	0
NOTE	25	6.47466564178467	0.650000035762787	0
NOTE	26	6.82760719692006	0.2500000	0
NOTE	27	6.82760719692006	0.7500000	0.3529414
NOTE	28	7.18054837339065	0.450000017881393	0
NOTE	29	7.35701896162594	0.2500000	0
NOTE	30	7.35701896162594	0.7500000	0
NOTE	31	23.8570194244385	0.850000023841858	0
NOTE	32	23.7687835693359	0.650000035762787	0
NOTE	33	23.945255279541	0.650000035762787	0
NOTE	34	24.0334892272949	0.7500000	0
NOTE	35	24.1217250823975	0.850000023841858	0
NOTE	36	24.1217250823975	0.650000035762787	0
NOTE	37	24.2099609375	0.550000011920929	0
NOTE	38	24.2981967926025	0.450000017881393	0
NOTE	39	24.3864307403564	0.699999988079071	0
NOTE	40	24.474666595459	0.349999994039536	0
NOTE	41	24.5629024084877	0.150000005960464	0
NOTE	42	24.6511377026053	0.349999994039536	0
NOTE	43	24.739372253418	0.2500000	0
NOTE	44	24.8276081085205	0.150000005960464	0
NOTE	45	24.8276082908406	0.349999994039536	0
NOTE	46	24.915843963623	0.450000017881393	0
NOTE	47	25.0040798187256	0.550000011920929	0
NOTE	48	25.0923141731935	0.349999994039536	0
NOTE	49	25.798195291968	0.699999988079071	0
NOTE	50	25.533489409615	0.650000035762787	0
NOTE	51	25.6217247037327	0.550000011920929	0
NOTE	52	25.7099599978503	0.450000017881393	0
NOTE	53	25.2687835272621	0.850000023841858	0
NOTE	54	25.1805482331444	0.650000035762787	0
NOTE	55	25.3570188213797	0.650000035762787	0
NOTE	56	25.4452541154974	0.7500000	0
NOTE	57	25.533489409615	0.850000023841858	0
NOTE	58	26.504078318091	0.349999994039536	0
NOTE	59	26.2393724357381	0.349999994039536	0
NOTE	60	26.3276077298557	0.450000017881393	0
NOTE	61	26.4158430239734	0.550000011920929	0
NOTE	62	25.9746665533851	0.150000005960464	0
NOTE	63	25.8864312592675	0.349999994039536	0
NOTE	64	26.0629018475028	0.349999994039536	0
NOTE	65	26.1511371416204	0.2500000	0
NOTE	66	26.2393724357381	0.150000005960464	0
NOTE	67	27.209961344214	0.699999988079071	0
NOTE	68	26.9452554618611	0.650000035762787	0
NOTE	69	27.0334907559788	0.550000011920929	0
NOTE	70	27.1217260500964	0.450000017881393	0
NOTE	71	26.6805495795082	0.850000023841858	0
NOTE	72	26.5923142853905	0.650000035762787	0
NOTE	73	26.7687848736258	0.650000035762787	0
NOTE	74	26.8570201677435	0.7500000	0
NOTE	75	26.9452554618611	0.850000023841858	0
NOTE	76	27.9158424629885	0.349999994039536	0
NOTE	77	27.6511365806355	0.349999994039536	0
NOTE	78	27.7393718747532	0.450000017881393	0
NOTE	79	27.8276071688708	0.550000011920929	0
NOTE	80	27.3864306982826	0.150000005960464	0
NOTE	81	27.2981954041649	0.349999994039536	0
NOTE	82	27.4746659924002	0.349999994039536	0
NOTE	83	27.5629012865179	0.2500000	0
NOTE	84	27.6511365806355	0.150000005960464	0
NOTE	85	28.6217254891115	0.699999988079071	0
NOTE	86	28.3570196067586	0.650000035762787	0
NOTE	87	28.4452549008762	0.550000011920929	0
NOTE	88	28.5334901949939	0.450000017881393	0
NOTE	89	28.0923137244056	0.850000023841858	0
NOTE	90	28.004078430288	0.650000035762787	0
NOTE	91	28.1805490185233	0.650000035762787	0
NOTE	92	28.2687843126409	0.7500000	0
NOTE	93	28.3570196067586	0.850000023841858	0
NOTE	94	29.3276085152346	0.349999994039536	0
NOTE	95	29.0629026328816	0.349999994039536	0
NOTE	96	29.1511379269993	0.450000017881393	0
NOTE	97	29.2393732211169	0.550000011920929	0
NOTE	98	28.7981967505287	0.150000005960464	0
NOTE	99	28.709961456411	0.349999994039536	0
NOTE	100	28.8864320446463	0.349999994039536	0
NOTE	101	28.974667338764	0.2500000	0
NOTE	102	29.0629026328816	0.150000005960464	0
NOTE	103	29.4158420562744	0.800000011920929	0
NOTE	104	29.504077911377	0.699999988079071	0
NOTE	105	29.5923131634207	0.850000023841858	0
NOTE	106	29.7687835693359	0.850000023841858	0
NOTE	107	29.8570194244385	0.7500000	0
NOTE	108	29.945255279541	0.650000035762787	0
NOTE	109	29.6805484575384	0.650000035762787	0
NOTE	110	30.033489634009	0.550000011920929	0
NOTE	111	30.3864307403564	0.349999994039536	0
NOTE	112	30.474666595459	0.150000005960464	0
NOTE	113	30.5629024505615	0.2500000	0
NOTE	114	30.6511383056641	0.349999994039536	0
NOTE	115	30.2981967926025	0.150000005960464	0
NOTE	116	30.1217250823975	0.200000002980232	0
NOTE	117	30.2099609375	0.300000011920929	0
NOTE	118	30.739372253418	0.450000017881393	0
NOTE	119	31.0923145097845	0.650000035762787	0
NOTE	120	31.1805498039021	0.850000023841858	0
NOTE	121	31.2687850980198	0.7500000	0
NOTE	122	31.3570203921374	0.650000035762787	0
NOTE	123	31.0040792156668	0.850000023841858	0
NOTE	124	30.8276086274315	0.800000011920929	0
NOTE	125	30.9158439215492	0.699999988079071	0
NOTE	126	31.4452556862551	0.550000011920929	0
NOTE	127	32.1511368050295	0.450000017881393	0
NOTE	128	31.8864309226765	0.150000005960464	0
NOTE	129	31.9746662167942	0.2500000	0
NOTE	130	32.0629015109118	0.349999994039536	0
NOTE	131	31.7981956285589	0.349999994039536	0
NOTE	132	31.5334897462059	0.200000002980232	0
NOTE	133	31.6217250403236	0.300000011920929	0
NOTE	134	31.7099603344412	0.150000005960464	0
NOTE	135	32.5040767473333	0.650000035762787	0
NOTE	136	32.592312041451	0.850000023841858	0
NOTE	137	32.6805473355686	0.7500000	0
NOTE	138	32.7687826296862	0.650000035762787	0
NOTE	139	32.4158414532157	0.850000023841858	0
NOTE	140	32.2393708649804	0.800000011920929	0
NOTE	141	32.327606159098	0.699999988079071	0
NOTE	142	32.8570179238039	0.550000011920929	0
NOTE	143	33.5629009499269	0.450000017881393	0
NOTE	144	33.298195067574	0.150000005960464	0
NOTE	145	33.3864303616916	0.2500000	0
NOTE	146	33.4746656558093	0.349999994039536	0
NOTE	147	33.2099597734563	0.349999994039536	0
NOTE	148	32.9452538911034	0.200000002980232	0
NOTE	149	33.0334891852211	0.300000011920929	0
NOTE	150	33.1217244793387	0.150000005960464	0
NOTE	151	33.9158427995794	0.650000035762787	0
NOTE	152	34.004078093697	0.850000023841858	0
NOTE	153	34.0923133878147	0.7500000	0
NOTE	154	34.1805486819323	0.650000035762787	0
NOTE	155	33.8276075054617	0.850000023841858	0
NOTE	156	33.6511369172265	0.800000011920929	0
NOTE	157	33.7393722113441	0.699999988079071	0
NOTE	158	34.26878397605	0.550000011920929	0
NOTE	159	34.3570199433495	0.100000001490116	0
NOTE	160	34.4452552374672	0.349999994039536	0
NOTE	161	34.5334854125977	0.150000005960464	0
NOTE	162	34.6217231750488	0.400000005960464	0
NOTE	163	34.7099611198201	0.200000002980232	0
NOTE	164	34.7981910705566	0.450000017881393	0
NOTE	165	34.8864317080554	0.2500000	0
NOTE	166	34.9746627807617	0.5000000	0
NOTE	167	35.0629029694725	0.850000023841858	0
NOTE	168	35.3276088518255	0.850000023841858	0
NOTE	169	35.5923118591309	0.5000000	0
NOTE	170	35.5040740966797	0.5000000	0
NOTE	171	35.8570212897132	0.200000002980232	0
NOTE	172	35.9452565838309	0.200000002980232	0
NOTE	173	36.1217271720662	0.7500000	0
NOTE	174	36.2981977603015	0.600000023841858	0
NOTE	175	36.474666595459	0.150000005960464	0
NOTE	176	36.739372253418	0.150000005960464	0
NOTE	177	36.9158416776096	0.5000000	0
NOTE	178	37.0040769717273	0.5000000	0
NOTE	179	37.2687835272621	0.850000023841858	0
NOTE	180	37.3570188213797	0.850000023841858	0
NOTE	181	37.5334892272949	0.300000011920929	0
NOTE	182	37.7099609375	0.400000005960464	0
NOTE	183	37.8864312592675	0.600000023841858	0
NOTE	184	37.9746665533851	0.850000023841858	0
NOTE	185	38.0629018475028	0.650000035762787	0
NOTE	186	38.1511371416204	0.900000035762787	0
NOTE	187	38.2393724357381	0.550000011920929	0
NOTE	188	38.3276077298557	0.300000011920929	0
NOTE	189	38.4158430239734	0.5000000	0
NOTE	190	38.504078318091	0.2500000	0
NOTE	191	38.5923118591309	0.7500000	0
NOTE	192	38.7687797546387	0.7500000	0
NOTE	193	38.9452514648438	0.150000005960464	0
NOTE	194	39.0334854125977	0.2500000	0
NOTE	195	39.1217231750488	0.349999994039536	0
NOTE	196	39.2099571228027	0.450000017881393	0
NOTE	197	39.3127899169922	0.699999988079071	0
NOTE	198	39.4304351806641	0.800000011920929	0
NOTE	199	39.5480804443359	0.699999988079071	0
NOTE	200	39.6657330709345	0.300000011920929	0
NOTE	201	39.783374786377	0.200000002980232	0
NOTE	202	39.9010272166308	0.300000011920929	0
NOTE	203	40.0186749048093	0.7500000	0
NOTE	204	40.1363219618797	0.650000035762787	0
NOTE	205	40.2539690242094	0.550000011920929	0
NOTE	206	40.3716160970576	0.450000017881393	0
NOTE	207	40.4892631699057	0.349999994039536	0
NOTE	208	40.6069102427539	0.2500000	0
NOTE	209	22.3570194244385	0.450000017881393	0
NOTE	210	22.445255279541	0.349999994039536	0
NOTE	211	22.3570199433495	0.7500000	0
NOTE	212	22.445255279541	0.650000035762787	0
NOTE	213	22.8864326477051	0.450000017881393	0
NOTE	214	22.974666595459	0.550000011920929	0
NOTE	215	22.8864326477051	0.7500000	0
NOTE	216	22.974666595459	0.850000023841858	0
NOTE	217	23.4158420562744	0.150000005960464	0
NOTE	218	23.5040775327122	0.2500000	0
NOTE	219	23.4158420562744	0.400000005960464	0
NOTE	220	23.5040775327122	0.5000000	0
NOTE	221	40.7099609375	0.699999988079071	0
NOTE	222	40.7981948852539	0.150000005960464	0
NOTE	223	40.8864288330078	0.7500000	0
NOTE	224	41.0629005432129	0.800000011920929	0
NOTE	225	41.3276066078859	0.200000002980232	0
NOTE	226	41.5040778693031	0.699999988079071	0
NOTE	227	41.8570175170898	0.349999994039536	0
NOTE	228	41.945255279541	0.450000017881393	0
NOTE	229	42.0334892272949	0.550000011920929	0
NOTE	230	41.768783751656	0.2500000	0
NOTE	231	42.1217231750488	0.200000002980232	0
NOTE	232	42.4746627807617	0.5000000	0
NOTE	233	42.1217256013085	0.7500000	0
NOTE	234	42.2099571228027	0.850000023841858	0
NOTE	235	42.2981910705566	0.850000023841858	0
NOTE	236	42.3864288330078	0.7500000	0
NOTE	237	42.4746627807617	0.200000002980232	0
NOTE	238	42.5628967285156	0.100000001490116	0
NOTE	239	42.6511344909668	0.100000001490116	0
NOTE	240	42.7393684387207	0.200000002980232	0
NOTE	241	42.8276062011719	0.800000011920929	0
NOTE	242	42.9158401489258	0.900000035762787	0
NOTE	243	43.0040740966797	0.900000035762787	0
NOTE	244	43.0923118591309	0.800000011920929	0
NOTE	245	42.8276062011719	0.5000000	0
NOTE	246	43.1805498039021	0.400000005960464	0
NOTE	247	43.2687850980198	0.600000023841858	0
NOTE	248	43.3570203921374	0.400000005960464	0
NOTE	249	43.4452556862551	0.600000023841858	0
NOTE	250	43.5480862207272	0.2500000	0
NOTE	251	43.5480862207272	0.7500000	0
NOTE	252	43.6657332777977	0.850000023841858	0
NOTE	253	43.6657332777977	0.150000005960464	0
NOTE	254	43.7833803401274	0.900000035762787	0
NOTE	255	43.7833803401274	0.100000001490116	0
NOTE	256	43.9010274129755	0.100000001490116	0
NOTE	257	43.9010274129755	0.900000035762787	0
NOTE	258	44.0186744858237	0.850000023841858	0
NOTE	259	44.1363215586718	0.7500000	0
NOTE	260	44.018669128418	0.150000005960464	0
NOTE	261	44.1363182067871	0.2500000	0
NOTE	262	44.2539692468503	0.400000005960464	0
NOTE	263	44.2539692468503	0.600000023841858	0
NOTE	264	44.3716125488281	0.349999994039536	0
NOTE	265	44.4892633662504	0.400000005960464	0
NOTE	266	44.4892633662504	0.600000023841858	0
NOTE	267	44.6069068908691	0.349999994039536	0
NOTE	268	44.7245575119467	0.400000005960464	0
NOTE	269	44.7245575119467	0.600000023841858	0
NOTE	270	44.3716163039207	0.650000035762787	0
NOTE	271	44.6069068908691	0.650000035762787	0
NOTE	272	44.8422012329102	0.349999994039536	0
NOTE	273	44.8422012329102	0.650000035762787	0
NOTE	274	44.9452538911034	0.200000002980232	0
NOTE	275	45.0334891852211	0.800000011920929	0
NOTE	276	45.1217244793387	0.200000002980232	0
NOTE	277	45.2099597734563	0.800000011920929	0
NOTE	278	45.298195067574	0.200000002980232	0
NOTE	279	45.3864303616916	0.800000011920929	0
NOTE	280	45.4746656558093	0.200000002980232	0
NOTE	281	45.5629009499269	0.800000011920929	0
NOTE	282	45.6511369172265	0.349999994039536	0
NOTE	283	45.7393722113441	0.650000035762787	0
NOTE	284	45.8276075054617	0.349999994039536	0
NOTE	285	45.9158427995794	0.650000035762787	0
NOTE	286	46.004077911377	0.5000000	0.2647054
NOTE	287	46.3570199433495	0.200000002980232	0
NOTE	288	46.3570199433495	0.800000011920929	0
NOTE	289	46.5334854125977	0.100000001490116	0
NOTE	290	46.5334854125977	0.900000035762787	0
NOTE	291	46.7981910705566	0.100000001490116	0
NOTE	292	46.7981910705566	0.900000035762787	0
NOTE	293	47.0629029694725	0.2500000	0
NOTE	294	47.0629029694725	0.7500000	0
NOTE	295	47.2393735577078	0.349999994039536	0
NOTE	296	47.2393735577078	0.650000035762787	0
NOTE	297	47.5040740966797	0.100000001490116	0
NOTE	298	47.5040740966797	0.900000035762787	0
NOTE	299	47.7687859955956	0.100000001490116	0
NOTE	300	47.7687859955956	0.900000035762787	0
NOTE	301	47.9452514648438	0.400000005960464	0
NOTE	302	47.9452514648438	0.600000023841858	0
NOTE	303	48.2099571228027	0.100000001490116	0
NOTE	304	48.2099571228027	0.900000035762787	0
NOTE	305	48.4746690217186	0.300000011920929	0
NOTE	306	48.4746690217186	0.699999988079071	0
NOTE	307	48.739372253418	0.400000005960464	0
NOTE	308	48.739372253418	0.600000023841858	0
NOTE	309	49.004077911377	0.300000011920929	0
NOTE	310	49.004077911377	0.699999988079071	0
NOTE	311	49.1805482331444	0.150000005960464	0
NOTE	312	49.1805482331444	0.850000023841858	0
NOTE	313	49.3570175170898	0.150000005960464	0
NOTE	314	49.3570175170898	0.850000023841858	0
NOTE	315	49.6217231750488	0.300000011920929	0
NOTE	316	49.6217231750488	0.699999988079071	0
NOTE	317	49.1805482331444	0.5000000	0
NOTE	318	49.3570188213797	0.5000000	0
NOTE	319	49.8864288330078	0.150000005960464	0
NOTE	320	49.8864288330078	0.850000023841858	0
NOTE	321	49.8864288330078	0.5000000	0
NOTE	322	50.0628967285156	0.150000005960464	0
NOTE	323	50.0628967285156	0.5000000	0
NOTE	324	50.0628967285156	0.850000023841858	0
NOTE	325	50.3276023864746	0.699999988079071	0
NOTE	326	50.3276023864746	0.300000011920929	0
NOTE	327	50.504078318091	0.2500000	0
NOTE	328	50.5040740966797	0.7500000	0
NOTE	329	50.6805458068848	0.100000001490116	0
NOTE	330	50.6805458068848	0.900000035762787	0
NOTE	331	50.6805458068848	0.5000000	0
NOTE	332	50.9452514648438	0.400000005960464	0
NOTE	333	50.9452514648438	0.600000023841858	0
NOTE	334	51.1217260500964	0.400000005960464	0
NOTE	335	51.1217260500964	0.600000023841858	0
NOTE	336	51.2981948852539	0.7500000	0
NOTE	337	51.3864288330078	0.850000023841858	0
NOTE	338	51.4746627807617	0.850000023841858	0
NOTE	339	51.5629005432129	0.7500000	0
NOTE	340	51.6365394592285	0.100000001490116	0
NOTE	341	51.6953620910645	0.2500000	0
NOTE	342	51.7541885375977	0.400000005960464	0
NOTE	343	51.8130111694336	0.550000011920929	0
NOTE	344	51.8718338012695	0.699999988079071	0
NOTE	345	51.9306564331055	0.850000023841858	0
NOTE	346	52.004077911377	0.100000001490116	0
NOTE	347	52.004077911377	0.349999994039536	0
NOTE	348	52.1805509258719	0.900000035762787	0
NOTE	349	52.1805509258719	0.650000035762787	0
NOTE	350	52.4452568082248	0.100000001490116	0
NOTE	351	52.4452568082248	0.349999994039536	0
NOTE	352	52.5334921023425	0.200000002980232	0
NOTE	353	52.5334921023425	0.450000017881393	0
NOTE	354	52.7099633637597	0.650000035762787	0
NOTE	355	52.7099633637597	0.900000035762787	0
NOTE	356	52.886433951995	0.650000035762787	0
NOTE	357	52.886433951995	0.900000035762787	0
NOTE	358	52.9746692461126	0.550000011920929	0
NOTE	359	52.9746692461126	0.800000011920929	0
NOTE	360	53.1511398343479	0.349999994039536	0
NOTE	361	53.1511398343479	0.650000035762787	0
NOTE	362	53.415843963623	0.200000002980232	0
NOTE	363	53.415843963623	0.800000011920929	0
NOTE	364	53.5923131634207	0.200000002980232	0
NOTE	365	53.5923131634207	0.800000011920929	0
NOTE	366	53.945255279541	0.800000011920929	0
NOTE	367	53.8570175170898	0.200000002980232	0
NOTE	368	53.945255279541	0.200000002980232	0
NOTE	369	54.1217256013085	0.650000035762787	0
NOTE	370	54.1217256013085	0.349999994039536	0
NOTE	371	54.2099608954261	0.650000035762787	0
NOTE	372	54.3864288330078	0.349999994039536	0
NOTE	373	54.4892578125	0.349999994039536	0
NOTE	374	54.4892578125	0.650000035762787	0
NOTE	375	54.724552154541	0.349999994039536	0
NOTE	376	54.6069030761719	0.5000000	0
NOTE	377	54.8422031946042	0.150000005960464	0
NOTE	378	54.8422031946042	0.850000023841858	0
NOTE	379	55.0040740966797	0.150000005960464	0
NOTE	380	55.0040792156668	0.850000023841858	0
NOTE	381	55.2687850980198	0.150000005960464	0
NOTE	382	55.2687850980198	0.850000023841858	0
NOTE	383	55.5334916535546	0.300000011920929	0
NOTE	384	55.5334916535546	0.699999988079071	0
NOTE	385	55.7099622417899	0.300000011920929	0
NOTE	386	55.7099622417899	0.699999988079071	0
NOTE	387	55.7981948852539	0.349999994039536	0
NOTE	388	55.7981948852539	0.650000035762787	0
NOTE	389	55.9746681241428	0.349999994039536	0
NOTE	390	55.9746681241428	0.650000035762787	0
NOTE	391	56.1511387123781	0.300000011920929	0
NOTE	392	56.1511387123781	0.699999988079071	0
NOTE	393	56.3276062011719	0.150000005960464	0
NOTE	394	56.4158401489258	0.100000001490116	0
NOTE	395	56.3276062011719	0.850000023841858	0
NOTE	396	56.4158401489258	0.900000035762787	0
NOTE	397	56.5923118591309	0.100000001490116	0
NOTE	398	56.6805511502659	0.150000005960464	0
NOTE	399	56.5923118591309	0.900000035762787	0
NOTE	400	56.6805511502659	0.850000023841858	0
NOTE	401	56.8570217385012	0.300000011920929	0
NOTE	402	56.8570217385012	0.699999988079071	0
NOTE	403	56.9598484582761	0.400000005960464	0
NOTE	404	56.9598503112793	0.600000023841858	0
NOTE	405	57.0774955153465	0.400000005960464	0
NOTE	406	57.0774955749512	0.600000023841858	0
NOTE	407	57.195140838623	0.400000005960464	0
NOTE	408	57.195140838623	0.600000023841858	0
NOTE	409	57.3127896505244	0.400000005960464	0
NOTE	410	57.3127896505244	0.600000023841858	0
NOTE	411	57.4746656558093	0.400000005960464	0
NOTE	412	57.4746656558093	0.600000023841858	0
NOTE	413	7.70996033444124	0.150000005960464	0
NOTE	414	7.88643074035645	0.850000023841858	0
NOTE	415	8.06290149688721	0.150000005960464	0
NOTE	416	8.59231299512527	0.349999994039536	0.2647068
NOTE	417	8.59231299512527	0.650000035762787	0
NOTE	418	8.94525484477772	0.850000023841858	0.2647055
NOTE	419	8.94525484477772	0.150000005960464	0
NOTE	420	9.47466659545898	0.850000023841858	0
NOTE	421	9.29819602124831	0.150000005960464	0.2647061
NOTE	422	9.2099609375	0.0500000007450581	0
NOTE	423	9.65113691722645	0.699999988079071	0.2647058
NOTE	424	9.65113691722645	0.300000011920929	0
NOTE	425	10.004077911377	0.450000017881393	0
NOTE	426	10.1805486819323	0.300000011920929	0.1326866
NOTE	427	10.1805486679077	0.600000023841858	0
NOTE	428	10.3570194244385	0.7500000	0
NOTE	429	10.5334892272949	0.800000011920929	0
NOTE	430	10.7099599838257	0.850000023841858	0
NOTE	431	10.8864307403564	0.7500000	0
NOTE	432	10.7099599838257	0.100000001490116	0
NOTE	433	11.0629020157982	0.2500000	0
NOTE	434	11.2393726040335	0.349999994039536	0
NOTE	435	11.4158431922688	0.450000017881393	0
NOTE	436	11.5923137805041	0.349999994039536	0
NOTE	437	11.0629020157982	0.600000023841858	0.2647054
NOTE	438	11.5923137805041	0.600000023841858	0.1326862
NOTE	439	11.768784088247	0.150000005960464	0
NOTE	440	11.9452543258667	0.850000023841858	0
NOTE	441	12.1217250823975	0.150000005960464	0
NOTE	442	12.1217250823975	0.850000023841858	0
NOTE	443	12.4746661606957	0.200000002980232	0
NOTE	444	12.4746661606957	0.800000011920929	0
NOTE	445	12.4746661606957	0.5000000	0
NOTE	446	12.8276071548462	0.300000011920929	0
NOTE	447	13.004077911377	0.699999988079071	0
NOTE	448	13.357019775054	0.150000005960464	0
NOTE	449	13.7099609515246	0.850000023841858	0
NOTE	450	13.357019775054	0.850000023841858	0
NOTE	451	13.5334903632893	0.5000000	0
NOTE	452	14.239372253418	0.699999988079071	0.2647063
NOTE	453	14.2393724357381	0.300000011920929	0
NOTE	454	14.5923133317162	0.150000005960464	0
NOTE	455	14.8570194244385	0.0500000007450581	0
NOTE	456	15.1217250823975	0.850000023841858	0
NOTE	457	14.5923133317162	0.850000023841858	0.2647060
NOTE	458	14.9452545081868	0.150000005960464	0.2647066
NOTE	459	15.2981954041649	0.650000035762787	0
NOTE	460	15.2981954041649	0.349999994039536	0.5294122
NOTE	461	15.6511365806355	0.650000035762787	0
NOTE	462	15.8276071688708	0.7500000	0
NOTE	463	16.004078430288	0.150000005960464	0
NOTE	464	16.1805490185233	0.200000002980232	0
NOTE	465	16.3570196067586	0.150000005960464	0
NOTE	466	16.5334901949939	0.200000002980232	0
NOTE	467	16.5334901949939	0.7500000	0.1326863
NOTE	468	17.0629026328816	0.5000000	0.2647056
NOTE	469	17.4158425751854	0.699999988079071	0
NOTE	470	17.5923131634207	0.850000023841858	0
NOTE	471	17.768783751656	0.7500000	0
NOTE	472	17.9452543398913	0.650000035762787	0
NOTE	473	17.4158425751854	0.2500000	0.2117647
NOTE	474	17.768783751656	0.2500000	0.2117647
NOTE	475	18.1217250823975	0.100000001490116	0.1764712
NOTE	476	18.2981961895438	0.5000000	0.1764701
NOTE	477	18.474666595459	0.100000001490116	0.1764709
NOTE	478	18.6511373660144	0.5000000	0.1326862
NOTE	479	19.0040792156668	0.300000011920929	0
NOTE	480	19.1805498039021	0.699999988079071	0
NOTE	481	19.5334897462059	0.900000035762787	0.1764718
NOTE	482	19.7099603344412	0.5000000	0.1764707
NOTE	483	19.8864309226765	0.900000035762787	0.1764715
NOTE	484	20.0629015109118	0.5000000	0.1326867
NOTE	485	20.4158433605643	0.200000002980232	0
NOTE	486	20.5923139487996	0.349999994039536	0
NOTE	487	20.7687845370349	0.5000000	0
NOTE	488	20.9452538911034	0.300000011920929	0
NOTE	489	20.9452538911034	0.7500000	0
NOTE	490	21.298195067574	0.850000023841858	0
NOTE	491	21.298195067574	0.550000011920929	0
NOTE	492	21.6511369172265	0.300000011920929	0
NOTE	493	21.9158420562744	0.2500000	0
NOTE	494	22.180549621582	0.200000002980232	0
NOTE	495	57.6511369172265	0.200000002980232	0.3529395
NOTE	496	57.6511369172265	0.800000011920929	0.3529395
NOTE	497	58.004078093697	0.5000000	0
NOTE	498	58.7099571228027	0.300000011920929	0
NOTE	499	59.0629029694725	0.600000023841858	0
NOTE	500	59.1511344909668	0.699999988079071	0
NOTE	501	59.7687859955956	0.5000000	0
NOTE	502	60.474666595459	0.400000005960464	0
NOTE	503	60.5629005432129	0.300000011920929	0
NOTE	504	61.5334892272949	0.800000011920929	0
NOTE	505	61.7099599978503	0.200000002980232	0
NOTE	506	62.9452554618611	0.349999994039536	0
NOTE	507	63.1217231750488	0.650000035762787	0
NOTE	508	63.2981973115136	0.5000000	0
NOTE	509	63.8276062011719	0.200000002980232	0
NOTE	510	64.7099609375	0.650000035762787	0
NOTE	511	64.7981948852539	0.7500000	0
NOTE	512	65.062900725533	0.800000011920929	0
NOTE	513	65.1511383056641	0.699999988079071	0
NOTE	514	65.4158463898827	0.5000000	0
NOTE	515	66.1217256013085	0.5000000	0
NOTE	516	67.180549621582	0.150000005960464	0
NOTE	517	67.3570175170898	0.200000002980232	0
NOTE	518	67.3570242068347	0.7500000	0
NOTE	519	67.4452595009523	0.7500000	0
NOTE	520	67.5334916535546	0.5000000	0.6176438
NOTE	521	68.239372253418	0.400000005960464	0
NOTE	522	68.327606159098	0.300000011920929	0
NOTE	523	68.4158401489258	0.200000002980232	0
NOTE	524	68.5040740966797	0.150000005960464	0
NOTE	525	68.5923156738281	0.150000005960464	0
NOTE	526	68.680549621582	0.200000002980232	0
NOTE	527	68.7687835693359	0.300000011920929	0
NOTE	528	68.8570175170898	0.400000005960464	0
NOTE	529	68.9452577058007	0.550000011920929	0
NOTE	530	68.9452577058007	0.900000035762787	0
NOTE	531	69.121728294036	0.800000011920929	0
NOTE	532	69.2981988822713	0.900000035762787	0
NOTE	533	69.0334854125977	0.600000023841858	0
NOTE	534	69.1217193603516	0.5000000	0
NOTE	535	69.4746627807617	0.600000023841858	0
NOTE	536	69.5628967285156	0.5000000	0
NOTE	537	70.004078093697	0.400000005960464	0
NOTE	538	69.8276062011719	0.200000002980232	0
NOTE	539	69.9158427995794	0.100000001490116	0
NOTE	540	70.0040817260742	0.200000002980232	0
NOTE	541	70.0923156738281	0.100000001490116	0
NOTE	542	70.180549621582	0.2500000	0
NOTE	543	70.2687835693359	0.400000005960464	0
NOTE	544	70.3570175170898	0.550000011920929	0
NOTE	545	70.7099609375	0.550000011920929	0
NOTE	546	70.3570237580468	0.850000023841858	0
NOTE	547	70.4452514648438	0.800000011920929	0
NOTE	548	70.5334854125977	0.900000035762787	0
NOTE	549	70.5334943462821	0.650000035762787	0
NOTE	550	70.8864355227526	0.850000023841858	0
NOTE	551	70.9746627807617	0.7500000	0
NOTE	552	71.0629043579102	0.349999994039536	0.2117647
NOTE	553	69.6511369172265	0.349999994039536	0.2117647
NOTE	554	71.2393735577078	0.150000005960464	0
NOTE	555	71.3276062011719	0.2500000	0
NOTE	556	71.4158477783203	0.349999994039536	0
NOTE	557	71.5040817260742	0.2500000	0
NOTE	558	71.5923156738281	0.349999994039536	0
NOTE	559	71.680549621582	0.450000017881393	0
NOTE	560	71.4158477783203	0.5000000	0
NOTE	561	71.7687821808983	0.600000023841858	0
NOTE	562	71.7687835693359	0.900000035762787	0
NOTE	563	71.9452527691336	0.600000023841858	0
NOTE	564	72.0334854125977	0.699999988079071	0
NOTE	565	72.2099586514866	0.699999988079071	0
NOTE	566	72.2981948852539	0.600000023841858	0
NOTE	567	72.1217233573689	0.900000035762787	0
NOTE	568	72.4746690217186	0.100000001490116	0
NOTE	569	72.4746690217186	0.450000017881393	0
NOTE	570	72.5628967285156	0.349999994039536	0
NOTE	571	72.7393749040716	0.349999994039536	0
NOTE	572	72.8276062011719	0.450000017881393	0
NOTE	573	72.8276101981892	0.100000001490116	0
NOTE	574	73.0040740966797	0.349999994039536	0
NOTE	575	73.0923080444336	0.450000017881393	0
NOTE	576	73.180549621582	0.800000011920929	0
NOTE	577	73.2687835693359	0.900000035762787	0
NOTE	578	73.3570175170898	0.600000023841858	0
NOTE	579	73.4452514648438	0.7500000	0
NOTE	580	73.533489409615	0.850000023841858	0
NOTE	581	73.6217247037327	0.850000023841858	0
NOTE	582	73.7099609375	0.800000011920929	0
NOTE	583	73.798195291968	0.699999988079071	0
NOTE	584	73.5334930419922	0.600000023841858	0
NOTE	585	73.8864350739647	0.5000000	0
NOTE	586	73.9746627807617	0.400000005960464	0
NOTE	587	74.0628967285156	0.300000011920929	0
NOTE	588	74.1511306762695	0.200000002980232	0
NOTE	589	74.2393762504353	0.349999994039536	0
NOTE	590	74.3276062011719	0.400000005960464	0
NOTE	591	74.4158401489258	0.450000017881393	0
NOTE	592	74.5040740966797	0.5000000	0
NOTE	593	73.8864288330078	0.100000001490116	0
NOTE	594	74.239372253418	0.100000001490116	0
NOTE	595	74.5923156738281	0.7500000	0
NOTE	596	74.680549621582	0.850000023841858	0
NOTE	597	74.7687835693359	0.900000035762787	0
NOTE	598	74.8570175170898	0.900000035762787	0
NOTE	599	74.9452590942383	0.850000023841858	0
NOTE	600	74.5923142853905	0.300000011920929	0
NOTE	601	74.9452554618611	0.550000011920929	0
NOTE	602	75.1217269897461	0.400000005960464	0
NOTE	603	75.2982011262108	0.2500000	0
NOTE	604	75.3864288330078	0.150000005960464	0
NOTE	605	75.4746627807617	0.150000005960464	0
NOTE	606	75.5628967285156	0.2500000	0
NOTE	607	75.2981948852539	0.699999988079071	0
NOTE	608	75.6511383056641	0.400000005960464	0
NOTE	609	75.739372253418	0.5000000	0
NOTE	610	75.8276062011719	0.400000005960464	0
NOTE	611	75.9158401489258	0.5000000	0
NOTE	612	75.6511383056641	0.699999988079071	0
NOTE	613	76.0040803376366	0.300000011920929	0
NOTE	614	76.0923080444336	0.200000002980232	0
NOTE	615	76.1805419921875	0.150000005960464	0
NOTE	616	76.2687759399414	0.150000005960464	0
NOTE	617	76.3570175170898	0.200000002980232	0
NOTE	618	76.0040803376366	0.699999988079071	0
NOTE	619	76.3570175170898	0.450000017881393	0
NOTE	620	76.5334854125977	0.600000023841858	0
NOTE	621	76.7099609375	0.7500000	0
NOTE	622	76.7981948852539	0.850000023841858	0
NOTE	623	76.8864288330078	0.850000023841858	0
NOTE	624	76.9746627807617	0.7500000	0
NOTE	625	77.0629043579102	0.600000023841858	0
NOTE	626	77.239372253418	0.699999988079071	0
NOTE	627	77.239372253418	0.300000011920929	0
NOTE	628	77.7687875663533	0.150000005960464	0
NOTE	629	77.9452581545886	0.850000023841858	0
NOTE	630	78.1217256013085	0.349999994039536	0
NOTE	631	78.2099609375	0.450000017881393	0
NOTE	632	78.2981961895438	0.349999994039536	0
NOTE	633	78.3864314836614	0.650000035762787	0
NOTE	634	78.4746704101563	0.550000011920929	0
NOTE	635	78.5629020718967	0.650000035762787	0
NOTE	636	78.6511373660144	0.349999994039536	0
NOTE	637	78.8276124421288	0.150000005960464	0
NOTE	638	78.8276124421288	0.850000023841858	0
NOTE	639	79.0923080444336	0.100000001490116	0
NOTE	640	79.0923080444336	0.900000035762787	0
NOTE	641	79.3570242068347	0.150000005960464	0
NOTE	642	79.3570242068347	0.850000023841858	0
NOTE	643	79.6217269897461	0.300000011920929	0
NOTE	644	79.6217269897461	0.699999988079071	0
NOTE	645	79.8864364624023	0.5000000	0
NOTE	646	80.0629043579102	0.5000000	0
NOTE	647	80.4158401489258	0.850000023841858	0
NOTE	648	80.592312041451	0.150000005960464	0
NOTE	649	80.7687826296862	0.2500000	0
NOTE	650	80.7687826296862	0.7500000	0
NOTE	651	80.239372253418	0.2500000	0.2117647
NOTE	652	81.121728294036	0.400000005960464	0
NOTE	653	81.2099533081055	0.300000011920929	0
NOTE	654	81.2981948852539	0.400000005960464	0
NOTE	655	81.121728294036	0.600000023841858	0
NOTE	656	81.2099533081055	0.699999988079071	0
NOTE	657	81.2981988822713	0.600000023841858	0
NOTE	658	81.3864288330078	0.5000000	0
NOTE	659	81.4746627807617	0.600000023841858	0
NOTE	660	81.5628967285156	0.699999988079071	0
NOTE	661	81.3864288330078	0.5000000	0
NOTE	662	81.4746627807617	0.400000005960464	0
NOTE	663	81.5628967285156	0.300000011920929	0
NOTE	664	80.239372253418	0.7500000	0
NOTE	665	80.592312041451	0.850000023841858	0
NOTE	666	81.6511383056641	0.850000023841858	0.2117647
NOTE	667	80.9452577058007	0.5000000	0.2117647
NOTE	668	81.6511369172265	0.150000005960464	0
NOTE	669	81.8276075054617	0.100000001490116	0
NOTE	670	82.004078093697	0.100000001490116	0
NOTE	671	82.1805486819323	0.150000005960464	0
NOTE	672	82.0040817260742	0.900000035762787	0
NOTE	673	82.1805486819323	0.850000023841858	0
NOTE	674	82.3570237580468	0.5000000	0.2117647
NOTE	675	82.5334854125977	0.2500000	0
NOTE	676	82.6217193603516	0.349999994039536	0
NOTE	677	82.7099609375	0.450000017881393	0
NOTE	678	82.5334854125977	0.7500000	0
NOTE	679	82.6217193603516	0.650000035762787	0
NOTE	680	82.7099609375	0.550000011920929	0
NOTE	681	82.7981948852539	0.550000011920929	0
NOTE	682	82.8864288330078	0.650000035762787	0
NOTE	683	82.9746627807617	0.7500000	0
NOTE	684	82.7981948852539	0.450000017881393	0
NOTE	685	82.8864288330078	0.349999994039536	0
NOTE	686	82.9746627807617	0.2500000	0
NOTE	687	83.0629029694725	0.850000023841858	0.2117647
NOTE	688	83.0629043579102	0.100000001490116	0
NOTE	689	83.3276062011719	0.2500000	0
NOTE	690	83.239372253418	0.100000001490116	0
NOTE	691	83.4158477783203	0.850000023841858	0
NOTE	692	83.5923156738281	0.100000001490116	0
NOTE	693	83.8570175170898	0.650000035762787	0
NOTE	694	83.7687821808983	0.5000000	0
NOTE	695	84.1217269897461	0.349999994039536	0
NOTE	696	84.1217233573689	0.650000035762787	0
NOTE	697	84.2981939456042	0.400000005960464	0
NOTE	698	84.3864288330078	0.349999994039536	0
NOTE	699	84.2981948852539	0.600000023841858	0
NOTE	700	84.3864288330078	0.650000035762787	0
NOTE	701	84.4746627807617	0.150000005960464	0
NOTE	702	84.5628967285156	0.100000001490116	0
NOTE	703	84.5628967285156	0.850000023841858	0
NOTE	704	84.6511396099539	0.900000035762787	0
NOTE	705	84.7393646240234	0.100000001490116	0
NOTE	706	84.8276062011719	0.150000005960464	0
NOTE	707	84.8276101981892	0.850000023841858	0
NOTE	708	84.9158401489258	0.800000011920929	0
NOTE	709	85.0040740966797	0.200000002980232	0
NOTE	710	85.0923080444336	0.150000005960464	0
NOTE	711	85.180549621582	0.7500000	0
NOTE	712	85.2687835693359	0.699999988079071	0
NOTE	713	85.2687835693359	0.5000000	0
NOTE	714	85.3570175170898	0.550000011920929	0
NOTE	715	85.4452514648438	0.2500000	0
NOTE	716	85.5334930419922	0.300000011920929	0
NOTE	717	85.5334930419922	0.5000000	0
NOTE	718	85.6217269897461	0.450000017881393	0
NOTE	719	85.7099609375	0.699999988079071	0
NOTE	720	85.7981948852539	0.650000035762787	0
NOTE	721	85.8718338012695	0.150000005960464	0
NOTE	722	85.9894790649414	0.100000001490116	0
NOTE	723	86.1071243286133	0.100000001490116	0
NOTE	724	86.2247772216797	0.150000005960464	0
NOTE	725	85.8718338012695	0.900000035762787	0.3529442
NOTE	726	86.4158401489258	0.900000035762787	0
NOTE	727	86.4158401489258	0.600000023841858	0
NOTE	728	86.5040740966797	0.5000000	0
NOTE	729	86.5777197155882	0.400000005960464	0
NOTE	730	86.6365432739258	0.300000011920929	0
NOTE	731	86.6953659057617	0.200000002980232	0
NOTE	732	86.7541885375977	0.100000001490116	0
NOTE	733	86.8130111694336	0.200000002980232	0
NOTE	734	86.8718338012695	0.300000011920929	0
NOTE	735	87.0483093261719	0.600000023841858	0
NOTE	736	87.1071319580078	0.699999988079071	0
NOTE	737	87.1659545898438	0.600000023841858	0
NOTE	738	87.2247772216797	0.5000000	0
NOTE	739	87.8276062011719	0.400000005960464	0
NOTE	740	87.9158401489258	0.5000000	0
NOTE	741	87.8276062011719	0.100000001490116	0
NOTE	742	87.2836065564085	0.100000001490116	0.3529442
NOTE	743	87.6365477197311	0.850000031292439	0
NOTE	744	87.5189006889568	0.900000035762787	0
NOTE	745	87.4012536161086	0.900000035762787	0
NOTE	746	87.2836065564085	0.850000031292439	0
NOTE	747	88.4600677490234	0.400000005960464	0
NOTE	748	88.5188903808594	0.300000011920929	0
NOTE	749	88.5777130126953	0.400000005960464	0
NOTE	750	88.6365356445313	0.5000000	0
NOTE	751	88.3570175170898	0.550000011920929	0
NOTE	752	88.1805419921875	0.550000011920929	0
NOTE	753	87.9894790649414	0.600000023841858	0
NOTE	754	88.0483016967773	0.699999988079071	0
NOTE	755	88.1071243286133	0.800000011920929	0
NOTE	756	88.1659469604492	0.900000035762787	0
NOTE	757	88.2247695922852	0.800000011920929	0
NOTE	758	88.2835922241211	0.699999988079071	0
NOTE	759	88.7099595490624	0.150000005960464	0
NOTE	760	88.8864301372977	0.150000005960464	0
NOTE	761	89.062900725533	0.150000005960464	0
NOTE	762	89.2393713137683	0.150000005960464	0
NOTE	763	88.7099609375	0.699999988079071	0
NOTE	764	88.7981948852539	0.800000011920929	0
NOTE	765	88.8864288330078	0.900000035762787	0
NOTE	766	88.9746627807617	0.900000035762787	0
NOTE	767	89.0629043579102	0.900000035762787	0
NOTE	768	89.2393713137683	0.400000005960464	0
NOTE	769	89.3276062011719	0.5000000	0
NOTE	770	89.4158401489258	0.600000023841858	0
NOTE	771	89.5040740966797	0.699999988079071	0
NOTE	772	89.5923080444336	0.800000011920929	0
NOTE	773	89.592316978118	0.550000011920929	0
NOTE	774	89.7687875663533	0.550000011920929	0
NOTE	775	89.9452581545886	0.550000011920929	0
NOTE	776	89.7687835693359	0.349999994039536	0
NOTE	777	89.8570175170898	0.2500000	0
NOTE	778	89.9452514648438	0.349999994039536	0
NOTE	779	90.0334854125977	0.2500000	0
NOTE	780	90.1217269897461	0.100000001490116	0
NOTE	781	90.2099609375	0.900000035762787	0
NOTE	782	90.2981948852539	0.100000001490116	0
NOTE	783	90.3864288330078	0.900000035762787	0
NOTE	784	90.4746704101563	0.100000001490116	0
NOTE	785	90.5629043579102	0.900000035762787	0
NOTE	786	90.6511383056641	0.100000001490116	0
NOTE	787	90.739372253418	0.900000035762787	0
NOTE	788	90.8276124421288	0.349999994039536	0
NOTE	789	90.9158477362464	0.650000035762787	0
NOTE	790	91.0040830303641	0.349999994039536	0
NOTE	791	91.0923183244817	0.650000035762787	0
NOTE	792	91.180549621582	0.5000000	0.2646978
NOTE	793	91.5334930419922	0.150000005960464	0.3529385
NOTE	794	91.8864328300252	0.850000023841858	0
NOTE	795	92.0629034182605	0.150000005960464	0
NOTE	796	92.4158414532156	0.5000000	0
NOTE	797	92.7687826296862	0.5000000	0
NOTE	798	93.121728294036	0.300000011920929	0
NOTE	799	93.2981948852539	0.300000011920929	0.2647073
NOTE	800	93.6511369172265	0.800000011920929	0.2647050
NOTE	801	93.9158427995794	0.5000000	0.2647091
NOTE	802	94.180549621582	0.800000011920929	0.1326857
NOTE	803	94.3570237580468	0.150000005960464	0.5294064
NOTE	804	95.0629029694725	0.600000023841858	0
NOTE	805	95.2393735577078	0.7500000	0
NOTE	806	95.4158441459431	0.7500000	0
NOTE	807	95.5923147341784	0.600000023841858	0.1326853
NOTE	808	96.8276062011719	0.5000000	0.2647078
NOTE	809	97.1805482331444	0.150000005960464	0.3529409
NOTE	810	97.1805482331444	0.850000023841858	0
NOTE	811	97.5334930419922	0.850000023841858	0
NOTE	812	97.7099599978503	0.850000023841858	0
NOTE	813	97.7099599978503	0.150000005960464	0
NOTE	814	98.0629056622	0.5000000	0
NOTE	815	98.4158468386706	0.5000000	0
NOTE	816	98.2393762504353	0.699999988079071	0
NOTE	817	98.7687835693359	0.150000005960464	0
NOTE	818	98.9452554618611	0.850000023841858	0.2647020
NOTE	819	99.2982011262108	0.300000011920929	0
NOTE	820	99.2982011262108	0.699999988079071	0.2646998
NOTE	821	99.6511423026814	0.5000000	0.2646976
NOTE	822	99.8276128909167	0.349999994039536	0
NOTE	823	100.004080337637	0.150000005960464	0
NOTE	824	100.004080337637	0.850000023841858	0.3529382
NOTE	825	100.357021514107	0.150000005960464	0
NOTE	826	100.533492102342	0.850000023841858	0
NOTE	827	100.886428833008	0.699999988079071	0
NOTE	828	100.886428833008	0.300000011920929	0
NOTE	829	101.062900725533	0.300000011920929	0
NOTE	830	101.062900725533	0.699999988079071	0
NOTE	831	100.533492102342	0.150000005960464	0.1326844
NOTE	832	101.415840148926	0.150000005960464	0
NOTE	833	101.50407409668	0.850000023841858	0
NOTE	834	101.592308044434	0.150000005960464	0
NOTE	835	101.680541992188	0.850000023841858	0
NOTE	836	101.768783569336	0.150000005960464	0
NOTE	837	101.85701751709	0.850000023841858	0
NOTE	838	101.945251464844	0.150000005960464	0
NOTE	839	102.033485412598	0.850000023841858	0
NOTE	840	102.121725601308	0.5000000	0
NOTE	841	102.827612442129	0.850000023841858	0.3529356
NOTE	842	102.827612442129	0.150000005960464	0
NOTE	843	103.004083030364	0.2500000	0
NOTE	844	103.180549621582	0.150000005960464	0
NOTE	845	103.35701751709	0.150000005960464	0
NOTE	846	103.357024206835	0.850000023841858	0
NOTE	847	103.533493041992	0.5000000	0
NOTE	848	103.7099609375	0.650000035762787	0
NOTE	849	103.886436462402	0.5000000	0
NOTE	850	104.06290435791	0.349999994039536	0
NOTE	851	103.70996224179	0.349999994039536	0
NOTE	852	104.06290341826	0.650000035762787	0
NOTE	853	104.239372253418	0.850000023841858	0
NOTE	854	104.415840148926	0.7500000	0
NOTE	855	104.592315673828	0.850000023841858	0
NOTE	856	104.768782629686	0.850000023841858	0
NOTE	857	104.592312041451	0.150000005960464	0.2647044
NOTE	858	104.945257705801	0.699999988079071	0.1764669
NOTE	859	104.945251464844	0.300000011920929	0
NOTE	860	105.121719360352	0.300000011920929	0
NOTE	861	105.298194885254	0.300000011920929	0
NOTE	862	105.474662780762	0.300000011920929	0
NOTE	863	105.651136917226	0.850000023841858	0.6176465
NOTE	864	105.651138305664	0.100000001490116	0
NOTE	865	105.827606201172	0.100000001490116	0
NOTE	866	106.004081726074	0.100000001490116	0
NOTE	867	106.180549621582	0.100000001490116	0
NOTE	868	106.357023758047	0.349999994039536	0
NOTE	869	106.357023758047	0.650000035762787	0
NOTE	870	106.533485412598	0.2500000	0
NOTE	871	106.533485412598	0.7500000	0
NOTE	872	106.7099609375	0.349999994039536	0
NOTE	873	106.709964934517	0.650000035762787	0
NOTE	874	106.886428833008	0.600000023841858	0.1326821
NOTE	875	106.886428833008	0.400000005960464	0.1326821
NOTE	876	105.209963588154	0.5000000	0.1764709
NOTE	877	107.062902969473	0.150000005960464	0
NOTE	878	107.239373557708	0.850000023841858	0
NOTE	879	107.415844145943	0.150000005960464	0
NOTE	880	107.415844145943	0.850000023841858	0.2647018
NOTE	881	107.592314734178	0.150000005960464	0
NOTE	882	107.768789810293	0.5000000	0.2646995
NOTE	883	108.121730986763	0.650000035762787	0.2646973
NOTE	884	108.121730986763	0.349999994039536	0
NOTE	885	108.474669021719	0.150000005960464	0
NOTE	886	108.474669021719	0.850000023841858	0
NOTE	887	108.65113067627	0.100000001490116	0
NOTE	888	108.65113067627	0.900000035762787	0
NOTE	889	108.827606201172	0.100000001490116	0
NOTE	890	108.827606201172	0.900000035762787	0
NOTE	891	109.004080786425	0.200000002980232	0
NOTE	892	109.004080786425	0.800000011920929	0
NOTE	893	109.268783569336	0.349999994039536	0
NOTE	894	109.268783569336	0.650000035762787	0
NOTE	895	109.533493041992	0.400000005960464	0
NOTE	896	109.621726989746	0.650000035762787	0
NOTE	897	109.70995999785	0.349999994039536	0
NOTE	898	109.798194885254	0.600000023841858	0
NOTE	899	109.886435073965	0.200000002980232	0
NOTE	900	110.0629056622	0.100000001490116	0
NOTE	901	110.239376250435	0.100000001490116	0
NOTE	902	110.415846838671	0.200000002980232	0
NOTE	903	109.886435073965	0.800000011920929	0
NOTE	904	110.0629056622	0.900000035762787	0
NOTE	905	110.239376250435	0.900000035762787	0
NOTE	906	110.415846838671	0.800000011920929	0
NOTE	907	110.680549579508	0.349999994039536	0
NOTE	908	110.680549579508	0.650000035762787	0
NOTE	909	111.033490755979	0.349999994039536	0
NOTE	910	111.121726050096	0.650000035762787	0
NOTE	911	111.2099609375	0.400000005960464	0
NOTE	912	110.945259094238	0.600000023841858	0
NOTE	913	111.298201126211	0.200000002980232	0
NOTE	914	111.298201126211	0.800000011920929	0
NOTE	915	111.651142302681	0.150000005960464	0
NOTE	916	111.651142302681	0.850000023841858	0
NOTE	917	112.004080337637	0.300000011920929	0
NOTE	918	112.004080337637	0.699999988079071	0
NOTE	919	112.26878621999	0.349999994039536	0
NOTE	920	112.26878621999	0.650000035762787	0
NOTE	921	112.533492102342	0.300000011920929	0
NOTE	922	112.533492102342	0.699999988079071	0
NOTE	923	112.709959549062	0.5000000	0.6176476
NOTE	924	112.709959549062	0.150000005960464	0
NOTE	925	113.239371313768	0.850000023841858	0
NOTE	926	113.768787566353	0.300000011920929	0
NOTE	927	113.85701751709	0.2500000	0
NOTE	928	113.768787566353	0.699999988079071	0
NOTE	929	113.85701751709	0.7500000	0
NOTE	930	114.474670410156	0.349999994039536	0
NOTE	931	114.56290435791	0.450000017881393	0
NOTE	932	114.651138305664	0.550000011920929	0
NOTE	933	114.739372253418	0.650000035762787	0
NOTE	934	114.827612442129	0.800000011920929	0
NOTE	935	114.915840148926	0.900000035762787	0
NOTE	936	114.827612442129	0.200000002980232	0
NOTE	937	114.915840148926	0.100000001490116	0
NOTE	938	98.2393762504353	0.300000011920929	0
NOTE	939	105.474669470507	0.699999988079071	0
NOTE	940	3.82760740728939	0.300000011920929	0
NOTE	941	86.7687835693359	0.450000017881393	0
NOTE	942	86.9452590942383	0.450000017881393	0
LINK 17 18 19
LINK 33 34 35
LINK 36 37 38
LINK 42 43 44
LINK 45 46 47
LINK 50 51 52
LINK 55 56 57
LINK 59 60 61
LINK 64 65 66
LINK 68 69 70
LINK 73 74 75
LINK 77 78 79
LINK 82 83 84
LINK 86 87 88
LINK 91 92 93
LINK 95 96 97
LINK 100 101 102
LINK 103 104
LINK 106 107 108
LINK 112 113 114
LINK 116 117
LINK 120 121 122
LINK 124 125
LINK 128 129 130
LINK 132 133
LINK 136 137 138
LINK 140 141
LINK 144 145 146
LINK 148 149
LINK 152 153 154
LINK 156 157
LINK 193 194 195 196
LINK 209 210
LINK 211 212
LINK 213 214
LINK 215 216
LINK 217 218
LINK 219 220
LINK 227 228 229
LINK 233 234 235 236
LINK 237 238 239 240
LINK 241 242 243 244
LINK 336 337 338 339
LINK 340 341 342 343 344 345
LINK 428 429 430 431
LINK 499 500
LINK 502 503
LINK 510 511
LINK 512 513
LINK 516 517
LINK 518 519
LINK 521 522 523 524 525 526 527 528
LINK 533 534
LINK 535 536
LINK 538 539 540 541 542 543
LINK 547 548
LINK 550 551
LINK 554 555 556 557 558 559
LINK 563 564
LINK 565 566
LINK 569 570
LINK 571 572
LINK 574 575
LINK 576 577
LINK 579 580 581 582 583
LINK 585 586 587 588
LINK 589 590 591 592
LINK 595 596 597 598 599
LINK 603 604 605 606
LINK 608 609 610 611
LINK 613 614 615 616 617
LINK 621 622 623 624
LINK 630 631 632
LINK 633 634 635
LINK 652 653 654 658 659 660
LINK 655 656 657 661 662 663
LINK 675 676 677 681 682 683
LINK 678 679 680 684 685 686
LINK 699 700
LINK 701 702
LINK 707 708
LINK 709 710
LINK 713 714
LINK 717 718
LINK 727 728
LINK 729 730 731 732 733 734
LINK 735 736 737 738
LINK 739 740
LINK 747 748 749 750
LINK 753 754 755 756 757 758
LINK 763 764 765 766 767
LINK 768 769
LINK 770 771 772
LINK 776 777 778 779
LINK 926 927
LINK 928 929
LINK 930 931 932 933
LINK 934 935
LINK 936 937
