VERSION 2
BPM 300
PAGE_SHIFT 0.200000002980232
PAGE_SIZE 0.8
NOTE	0	27.8496208190918	0.200000002980232	0
NOTE	1	28.2496204376221	0.200000002980232	0
NOTE	2	40.6496200561523	0.2500000	0
NOTE	3	41.0496215820313	0.150000005960464	0
NOTE	4	2.24962158203125	0.200000002980232	0
NOTE	5	2.24962158203125	0.800000011920929	0
NOTE	6	3.64962148666382	0.7500000	0
NOTE	7	3.4496214389801	0.650000035762787	0
NOTE	8	5.04962205886841	0.349999994039536	0
NOTE	9	5.24962186813354	0.2500000	0
NOTE	10	6.64962196350098	0.400000005960464	0
NOTE	11	6.84962177276611	0.600000023841858	0
NOTE	12	8.24962139129639	0.600000023841858	0
NOTE	13	8.44962215423584	0.400000005960464	0
NOTE	14	9.84962177276611	0.200000002980232	0
NOTE	15	10.0496225357056	0.300000011920929	0
NOTE	16	11.4496212005615	0.800000011920929	0
NOTE	17	11.649621963501	0.699999988079071	0
NOTE	18	13.0496219158173	0.5000000	0
NOTE	19	13.2496219158173	0.5000000	0
NOTE	20	14.2496213436127	0.300000011920929	0
NOTE	21	14.4496213436127	0.400000005960464	0
NOTE	22	14.6496210098267	0.699999988079071	0
NOTE	23	14.8496213436127	0.600000023841858	0
NOTE	24	15.0496215343475	0.200000002980232	0.7000004
NOTE	25	16.2496204376221	0.7500000	0
NOTE	26	16.4496212005615	0.850000023841858	0
NOTE	27	17.8496211528778	0.2500000	0
NOTE	28	18.0496211528778	0.150000005960464	0
NOTE	29	19.4496215343475	0.349999994039536	0
NOTE	30	19.6496215343475	0.450000017881393	0
NOTE	31	21.0496219158173	0.650000035762787	0
NOTE	32	21.2496219158173	0.550000011920929	0
NOTE	33	22.649622297287	0.150000005960464	0
NOTE	34	22.849622297287	0.2500000	0
NOTE	35	24.2496226787567	0.850000023841858	0
NOTE	36	24.4496226787567	0.7500000	0
NOTE	37	25.8496211528778	0.5000000	0
NOTE	38	26.0496215820313	0.349999994039536	0
NOTE	39	26.0496211528778	0.650000035762787	0
NOTE	40	28.8496208190918	0.5000000	0
NOTE	41	29.0496219158173	0.349999994039536	0
NOTE	42	29.0496219158173	0.650000035762787	0
NOTE	43	28.2496204376221	0.800000011920929	0
NOTE	44	29.4496211528778	0.850000023841858	0
NOTE	45	29.8496211528778	0.850000023841858	0
NOTE	46	29.8496211528778	0.150000005960464	0
NOTE	47	30.449622297287	0.5000000	0
NOTE	48	30.649622297287	0.650000035762787	0
NOTE	49	30.649622297287	0.349999994039536	0
NOTE	50	31.0496215820313	0.150000005960464	0
NOTE	51	31.4496212005615	0.150000005960464	0
NOTE	52	31.4496212005615	0.850000023841858	0
NOTE	53	32.0496226787567	0.5000000	0
NOTE	54	32.2496226787567	0.650000035762787	0
NOTE	55	32.2496226787567	0.349999994039536	0
NOTE	56	32.6496200561523	0.5000000	0
NOTE	57	33.0496238231659	0.150000005960464	0
NOTE	58	33.0496238231659	0.850000023841858	0
NOTE	59	33.6496200561523	0.5000000	0
NOTE	60	33.8496230602264	0.650000035762787	0
NOTE	61	33.8496230602264	0.349999994039536	0
NOTE	62	34.049617767334	0.400000005960464	0
NOTE	63	34.049617767334	0.600000023841858	0
NOTE	64	34.2496223449707	0.2500000	0
NOTE	65	34.649622297287	0.850000023841858	0
NOTE	66	34.649622297287	0.150000005960464	0
NOTE	67	35.2496215343475	0.349999994039536	0
NOTE	68	35.4496215343475	0.349999994039536	0
NOTE	69	35.4496215343475	0.650000035762787	0
NOTE	70	35.8496207714081	0.7500000	0
NOTE	71	36.2496207714081	0.850000023841858	0
NOTE	72	36.2496207714081	0.150000005960464	0
NOTE	73	37.0496215820313	0.650000035762787	0
NOTE	74	37.0496215820313	0.349999994039536	0
NOTE	75	36.8496208190918	0.650000035762787	0
NOTE	76	37.4496230602264	0.2500000	0
NOTE	77	37.8496230602264	0.150000005960464	0
NOTE	78	37.8496230602264	0.850000023841858	0
NOTE	79	38.449622297287	0.300000011920929	0
NOTE	80	38.649622297287	0.300000011920929	0
NOTE	81	38.649622297287	0.650000035762787	0
NOTE	82	39.0496215343475	0.7500000	0
NOTE	83	39.4496215343475	0.850000023841858	0
NOTE	84	39.4496215343475	0.150000005960464	0
NOTE	85	40.0496207714081	0.349999994039536	0
NOTE	86	40.2496207714081	0.349999994039536	0
NOTE	87	40.2496223449707	0.650000035762787	0
NOTE	88	40.4496207714081	0.650000035762787	0
NOTE	89	40.7496185302734	0.200000002980232	0
NOTE	90	40.8496208190918	0.150000005960464	0
NOTE	91	41.1496238231659	0.200000002980232	0
NOTE	92	41.2496185302734	0.2500000	0
NOTE	93	40.6496238231659	0.850000023841858	0
NOTE	94	41.0496238231659	0.850000023841858	0
NOTE	95	41.4496230602264	0.400000005960464	0
NOTE	96	41.8496230602264	0.5000000	0
NOTE	97	41.5496230602264	0.450000017881393	0
NOTE	98	41.6496200561523	0.5000000	0
NOTE	99	42.049617767334	0.400000005960464	0
NOTE	100	42.1496200561523	0.349999994039536	0
NOTE	101	41.6496230602264	0.699999988079071	0
NOTE	102	41.8496230602264	0.699999988079071	0
NOTE	103	42.3496208190918	0.800000011920929	0
NOTE	104	42.4496231079102	0.850000023841858	0
NOTE	105	42.7496223449707	0.800000011920929	0
NOTE	106	42.8496208190918	0.7500000	0
NOTE	107	42.2496223449707	0.7500000	0
NOTE	108	42.6496238708496	0.850000023841858	0
NOTE	109	42.6496238708496	0.150000005960464	0
NOTE	110	42.2496223449707	0.150000005960464	0
NOTE	111	43.1496200561523	0.550000011920929	0
NOTE	112	43.2496223449707	0.5000000	0
NOTE	113	43.0496215820313	0.600000023841858	0
NOTE	114	43.6496200561523	0.600000023841858	0
NOTE	115	43.7496223449707	0.650000035762787	0
NOTE	116	43.4496231079102	0.5000000	0
NOTE	117	43.4496231079102	0.300000011920929	0
NOTE	118	43.2496223449707	0.300000011920929	0
NOTE	119	43.9496192932129	0.200000002980232	0
NOTE	120	44.0496215820313	0.2500000	0
NOTE	121	44.3496208190918	0.200000002980232	0
NOTE	122	44.4496192932129	0.2500000	0
NOTE	123	43.8496208190918	0.150000005960464	0
NOTE	124	44.2496223449707	0.150000005960464	0
NOTE	125	44.2496207714081	0.850000023841858	0
NOTE	126	43.8496207714081	0.850000023841858	0
NOTE	127	44.6496238231659	0.400000005960464	0
NOTE	128	45.0496238231659	0.400000005960464	0
NOTE	129	44.7496185302734	0.450000017881393	0
NOTE	130	44.8496238231659	0.5000000	0
NOTE	131	45.2496185302734	0.550000011920929	0
NOTE	132	45.3496208190918	0.5000000	0
NOTE	133	44.8496238231659	0.699999988079071	0
NOTE	134	45.0496238231659	0.699999988079071	0
NOTE	135	45.9496230602264	0.80000002682209	0
NOTE	136	46.0496230602264	0.750000029802322	0
NOTE	137	45.5496230602264	0.80000002682209	0
NOTE	138	45.6496230602264	0.750000029802322	0
NOTE	139	45.8496230602264	0.850000023841858	0
NOTE	140	45.4496230602264	0.850000023841858	0
NOTE	141	45.4496230602264	0.150000005960464	0
NOTE	142	45.8496230602264	0.150000005960464	0
NOTE	143	46.3496208190918	0.550000011920929	0
NOTE	144	46.4496231079102	0.5000000	0
NOTE	145	46.2496223449707	0.600000023841858	0
NOTE	146	46.6496238708496	0.600000023841858	0
NOTE	147	46.8496208190918	0.600000023841858	0
NOTE	148	46.9496231079102	0.650000035762787	0
NOTE	149	46.6496238708496	0.300000011920929	0
NOTE	150	46.4496231079102	0.300000011920929	0
NOTE	151	46.849622297287	0.300000011920929	0
NOTE	152	47.1496215343475	0.100000001490116	0
NOTE	153	47.2496215343475	0.0500000007450581	0
NOTE	154	47.5496215343475	0.100000001490116	0
NOTE	155	47.6496215343475	0.150000005960464	0
NOTE	156	47.0496215343475	0.150000005960464	0
NOTE	157	47.4496215343475	0.0500000007450581	0
NOTE	158	47.4496231079102	0.850000023841858	0
NOTE	159	47.0496215820313	0.850000023841858	0
NOTE	160	47.9496192932129	0.600000023841858	0
NOTE	161	48.0496215820313	0.550000011920929	0
NOTE	162	47.8496208190918	0.650000035762787	0
NOTE	163	48.4496192932129	0.650000035762787	0
NOTE	164	48.5496215820313	0.699999988079071	0
NOTE	165	48.2496223449707	0.550000011920929	0
NOTE	166	48.2496223449707	0.349999994039536	0
NOTE	167	48.0496215820313	0.349999994039536	0
NOTE	168	48.7496185302734	0.900000035762787	0
NOTE	169	48.8496208190918	0.949999988079071	0
NOTE	170	49.1496200561523	0.900000035762787	0
NOTE	171	49.2496185302734	0.850000023841858	0
NOTE	172	48.6496200561523	0.850000023841858	0
NOTE	173	49.0496215820313	0.949999988079071	0
NOTE	174	49.0496215820313	0.150000005960464	0
NOTE	175	48.6496200561523	0.150000005960464	0
NOTE	176	49.549617767334	0.400000005960464	0
NOTE	177	49.6496200561523	0.450000017881393	0
NOTE	178	49.4496192932129	0.349999994039536	0
NOTE	179	50.049617767334	0.349999994039536	0
NOTE	180	50.1496200561523	0.300000011920929	0
NOTE	181	49.8496208190918	0.450000017881393	0
NOTE	182	49.8496208190918	0.650000035762787	0
NOTE	183	49.6496200561523	0.650000035762787	0
NOTE	184	50.249622297287	0.850000023841858	0
NOTE	185	50.349622297287	0.150000005960464	0
NOTE	186	50.449622297287	0.850000023841858	0
NOTE	187	50.549622297287	0.150000005960464	0
NOTE	188	50.649622297287	0.850000023841858	0
NOTE	189	50.749622297287	0.150000005960464	0
NOTE	190	50.8496208190918	0.850000023841858	0
NOTE	191	50.949622297287	0.150000005960464	0
NOTE	192	51.0496215343475	0.699999988079071	0
NOTE	193	51.1496215343475	0.300000011920929	0
NOTE	194	51.2496215343475	0.699999988079071	0
NOTE	195	51.3496215343475	0.300000011920929	0
NOTE	196	51.4496215343475	0.699999988079071	0
NOTE	197	51.5496215343475	0.300000011920929	0
NOTE	198	51.6496215343475	0.699999988079071	0
NOTE	199	51.7496215343475	0.300000011920929	0
NOTE	200	51.8496208190918	0.850000023841858	0
NOTE	201	51.9496192932129	0.850000023841858	0
NOTE	202	52.0496215820313	0.150000005960464	0
NOTE	203	52.1496200561523	0.150000005960464	0
NOTE	204	52.3496208190918	0.850000023841858	0
NOTE	205	52.4496192932129	0.850000023841858	0
NOTE	206	52.6496200561523	0.349999994039536	0.4000015
NOTE	207	52.9496192932129	0.650000035762787	0.4000023
NOTE	208	53.4330787658691	0.5000000	0
NOTE	209	53.4997444152832	0.333333343267441	0
NOTE	210	53.5664138793945	0.208333343267441	0
NOTE	211	53.6330795288086	0.1250000	0
NOTE	212	53.6997451782227	0.0833333358168602	0
NOTE	213	53.7664108276367	0.0833333358168602	0
NOTE	214	53.833080291748	0.0833333358168602	0
NOTE	215	53.8997459411621	0.1250000	0
NOTE	216	53.9664115905762	0.208333343267441	0
NOTE	217	54.0330772399902	0.291666686534882	0
NOTE	218	54.0997467041016	0.416666686534882	0
NOTE	219	54.1664123535156	0.541666686534882	0
NOTE	220	54.249622297287	0.666666686534882	0
NOTE	221	54.349622297287	0.916666686534882	0
NOTE	222	54.449622297287	0.666666686534882	0
NOTE	223	54.549622297287	0.916666686534882	0
NOTE	224	54.633081817627	0.666666686534882	0
NOTE	225	54.6997489929199	0.791666686534882	0
NOTE	226	54.766414642334	0.833333373069763	0
NOTE	227	54.833080291748	0.833333373069763	0
NOTE	228	54.8997497558594	0.791666686534882	0
NOTE	229	54.9664151191711	0.666666686534882	0
NOTE	230	55.0330810219049	0.16666667163372	0
NOTE	231	55.0997467041016	0.291666686534882	0
NOTE	232	55.1664161682129	0.416666686534882	0
NOTE	233	55.233081817627	0.541666686534882	0
NOTE	234	55.299747467041	0.416666686534882	0
NOTE	235	55.3664131164551	0.291666686534882	0
NOTE	236	55.4330825805664	0.5000000	0.3333319
NOTE	237	55.8496208190918	0.1250000	0.3000008
NOTE	238	56.2496223449707	0.8750000	0.2999993
NOTE	239	56.6496238231659	0.5000000	0
NOTE	240	56.833080291748	0.708333373069763	0
NOTE	241	56.8997459411621	0.583333373069763	0
NOTE	242	56.9664115905762	0.458333343267441	0
NOTE	243	57.0248107910156	0.333333343267441	0
NOTE	244	57.0748100280762	0.5000000	0
NOTE	245	57.1248092651367	0.416666686534882	0
NOTE	246	57.1748085021973	0.583333373069763	0
NOTE	247	57.2248077392578	0.5000000	0
NOTE	248	57.2748107910156	0.666666686534882	0
NOTE	249	57.3248100280762	0.583333373069763	0
NOTE	250	57.3748092651367	0.7500000	0
NOTE	251	56.233081817627	0.291666686534882	0
NOTE	252	56.299747467041	0.16666667163372	0
NOTE	253	56.3664131164551	0.1250000	0
NOTE	254	56.4330787658691	0.1250000	0
NOTE	255	56.4997482299805	0.16666667163372	0
NOTE	256	56.5664138793945	0.291666686534882	0
NOTE	257	55.833080291748	0.666666686534882	0
NOTE	258	55.8997459411621	0.791666686534882	0
NOTE	259	55.9664154052734	0.833333373069763	0
NOTE	260	56.0330810546875	0.833333373069763	0
NOTE	261	56.0997467041016	0.791666686534882	0
NOTE	262	56.1664123535156	0.666666686534882	0
NOTE	263	57.4496230602264	0.8750000	0.6999985
NOTE	264	58.0330772399902	0.16666667163372	0
NOTE	265	58.0997467041016	0.2500000	0
NOTE	266	58.1664123535156	0.3750000	0
NOTE	267	57.833080291748	0.0416666679084301	0
NOTE	268	57.8997459411621	0.0416666679084301	0
NOTE	269	57.9664115905762	0.0833333358168602	0
NOTE	270	57.6330795288086	0.291666686534882	0
NOTE	271	57.6997451782227	0.16666667163372	0
NOTE	272	57.7664108276367	0.0833333358168602	0
NOTE	273	58.233081817627	0.541666686534882	0
NOTE	274	58.299747467041	0.666666686534882	0
NOTE	275	58.3664169311523	0.7500000	0
NOTE	276	58.4330825805664	0.791666686534882	0
NOTE	277	58.4997482299805	0.791666686534882	0
NOTE	278	58.5664138793945	0.7500000	0
NOTE	279	58.6330833435059	0.666666686534882	0
NOTE	280	58.6997489929199	0.541666686534882	0
NOTE	281	59.0330810219049	0.1250000	0
NOTE	282	59.0997467041016	0.333333343267441	0
NOTE	283	59.1664161682129	0.16666667163372	0
NOTE	284	59.233081817627	0.3750000	0
NOTE	285	59.299747467041	0.208333343267441	0
NOTE	286	59.3664131164551	0.416666686534882	0
NOTE	287	59.4330825805664	0.2500000	0
NOTE	288	59.4997482299805	0.458333343267441	0
NOTE	289	59.5664138793945	0.291666686534882	0
NOTE	290	59.6330795288086	0.5000000	0
NOTE	291	59.6997489929199	0.333333343267441	0
NOTE	292	59.766414642334	0.541666686534882	0
NOTE	293	58.6330833435059	0.8750000	0
NOTE	294	58.6997489929199	0.8750000	0
NOTE	295	58.766414642334	0.8750000	0
NOTE	296	58.833080291748	0.833333373069763	0
NOTE	297	58.8997497558594	0.7500000	0
NOTE	298	58.9664154052734	0.6250000	0
NOTE	299	59.8330802589655	0.666666686534882	0
NOTE	300	59.8997459411621	0.791666686534882	0
NOTE	301	59.9664154052734	0.8750000	0
NOTE	302	60.0330810546875	0.916666686534882	0
NOTE	303	60.0997467041016	0.916666686534882	0
NOTE	304	60.1664123535156	0.8750000	0
NOTE	305	60.233081817627	0.7500000	0
NOTE	306	60.233081817627	0.583333373069763	0.3333327
NOTE	307	60.6496238231659	0.1250000	0
NOTE	308	60.7496238231659	0.416666686534882	0
NOTE	309	60.8496238231659	0.1250000	0
NOTE	310	60.9496238231659	0.416666686534882	0
NOTE	311	61.4330825477839	0.6250000	0
NOTE	312	61.4997492134571	0.916666686534882	0
NOTE	313	61.5664158821106	0.583333373069763	0
NOTE	314	61.6330825567245	0.8750000	0
NOTE	315	61.6997492313385	0.541666686534882	0
NOTE	316	61.7664159059525	0.833333373069763	0
NOTE	317	61.0330810546875	0.2500000	0
NOTE	318	61.0997467041016	0.1250000	0
NOTE	319	61.1664123535156	0.0833333358168602	0
NOTE	320	61.2330780029297	0.0833333358168602	0
NOTE	321	61.299747467041	0.1250000	0
NOTE	322	61.3664131164551	0.2500000	0
NOTE	323	61.8330825805664	0.666666686534882	0
NOTE	324	61.8997459411621	0.7500000	0
NOTE	325	61.9664115905762	0.791666686534882	0
NOTE	326	62.0330772399902	0.791666686534882	0
NOTE	327	62.0997467041016	0.708333373069763	0
NOTE	328	62.1664123535156	0.583333373069763	0
NOTE	329	62.233081817627	0.2500000	0
NOTE	330	62.2997484505177	0.16666667163372	0
NOTE	331	62.3664169311523	0.0833333358168602	0
NOTE	332	62.4330825805664	0.16666667163372	0
NOTE	333	62.4997482299805	0.2500000	0
NOTE	334	62.5664138793945	0.333333343267441	0
NOTE	335	62.6330833435059	0.16666667163372	0
NOTE	336	62.6997489929199	0.2500000	0
NOTE	337	62.766414642334	0.333333343267441	0
NOTE	338	62.833080291748	0.2500000	0
NOTE	339	62.8997497558594	0.16666667163372	0
NOTE	340	62.9664154052734	0.0833333358168602	0
NOTE	341	62.2330817848444	0.458333343267441	0.7333328
NOTE	342	63.0496215343475	0.708333373069763	0
NOTE	343	63.2330810308456	0.8750000	0
NOTE	344	63.299747467041	0.7500000	0
NOTE	345	63.3664131164551	0.6250000	0
NOTE	346	63.4330810070038	0.8750000	0
NOTE	347	63.4997477054596	0.666666686534882	0
NOTE	348	63.5664143562317	0.833333373069763	0
NOTE	349	63.6330810070038	0.6250000	0
NOTE	350	63.6997477054596	0.791666686534882	0
NOTE	351	63.7664143562317	0.583333373069763	0
NOTE	352	63.8496207714081	0.416666686534882	0.7000009
NOTE	353	64.0330810546875	0.291666686534882	0
NOTE	354	64.0997543334961	0.16666667163372	0
NOTE	355	64.1664199829102	0.0833333358168602	0
NOTE	356	64.2330856323242	0.0416666679084301	0
NOTE	357	64.2997512817383	0.0416666679084301	0
NOTE	358	64.3664169311523	0.0833333358168602	0
NOTE	359	64.4330825805664	0.16666667163372	0
NOTE	360	64.4997482299805	0.291666686534882	0
NOTE	361	64.5664138793945	0.416666686534882	0
NOTE	362	64.633079496026	0.583333373069763	0
NOTE	363	64.6997528076172	0.708333373069763	0
NOTE	364	64.7664184570313	0.833333373069763	0
NOTE	365	64.8330841064453	0.916666686534882	0
NOTE	366	64.8997573852539	0.958333373069763	0
NOTE	367	64.966423034668	0.958333373069763	0
NOTE	368	65.033088684082	0.916666686534882	0
NOTE	369	65.0997543334961	0.833333373069763	0
NOTE	370	65.1664199829102	0.708333373069763	0
NOTE	371	65.0330795288086	0.541666686534882	0
NOTE	372	65.0997543334961	0.416666686534882	0
NOTE	373	65.1664199829102	0.333333343267441	0
NOTE	374	65.2330856323242	0.291666686534882	0
NOTE	375	65.2997512817383	0.291666686534882	0
NOTE	376	65.3664169311523	0.333333343267441	0
NOTE	377	65.4496230602264	0.541666686534882	0
NOTE	378	65.5496230602264	0.541666686534882	0
NOTE	379	65.749626159668	0.1250000	0
NOTE	380	65.8496246337891	0.1250000	0
NOTE	381	66.0496215820313	0.8750000	0
NOTE	382	66.1496200561523	0.8750000	0
NOTE	383	66.249626159668	0.3750000	0
NOTE	384	66.3496246337891	0.6250000	0
NOTE	385	66.4496231079102	0.3750000	0
NOTE	386	66.5496292114258	0.6250000	0
NOTE	387	66.6496276855469	0.7500000	0
NOTE	388	66.749626159668	0.6250000	0
NOTE	389	66.8330841064453	0.291666686534882	0
NOTE	390	66.8997522830963	0.3750000	0
NOTE	391	66.9664154052734	0.458333343267441	0
NOTE	392	67.0496215820313	0.8750000	0.5000040
NOTE	393	67.6496215343475	0.16666667163372	0
NOTE	394	67.7496185302734	0.2500000	0
NOTE	395	67.8496245861054	0.458333343267441	0.2501271
NOTE	396	68.2854995727539	0.3750000	0
NOTE	397	68.399787902832	0.541666686534882	0
NOTE	398	68.5140762329102	0.3750000	0
NOTE	399	68.633079496026	0.16666667163372	0
NOTE	400	67.8330840736628	0.7500000	0
NOTE	401	67.8997497558594	0.708333373069763	0
NOTE	402	67.9664154052734	0.666666686534882	0
NOTE	403	68.0330810546875	0.6250000	0
NOTE	404	68.0997543334961	0.666666686534882	0
NOTE	405	68.1664199829102	0.708333373069763	0
NOTE	406	68.6283645629883	0.916666686534882	0
NOTE	407	68.7997894287109	0.833333373069763	0
NOTE	408	68.9712219238281	0.7500000	0
NOTE	409	69.0496292114258	0.16666667163372	0.2999964
NOTE	410	69.4330825477839	0.333333343267441	0
NOTE	411	69.4997482299805	0.416666686534882	0
NOTE	412	69.5664138793945	0.5000000	0
NOTE	413	69.6330795288086	0.416666686534882	0
NOTE	414	69.6997528076172	0.333333343267441	0
NOTE	415	70.0330810546875	0.3750000	0
NOTE	416	70.0997467041016	0.5000000	0
NOTE	417	70.1664123535156	0.6250000	0
NOTE	418	69.8330841064453	0.541666686534882	0.2000010
NOTE	419	70.2220611572266	0.833333373069763	0
NOTE	420	70.2665023803711	0.958333373069763	0
NOTE	421	70.3109512329102	0.791666686534882	0
NOTE	422	70.3553924560547	0.916666686534882	0
NOTE	423	70.3998336791992	0.7500000	0
NOTE	424	70.4442825317383	0.8750000	0
NOTE	425	70.4887237548828	0.708333373069763	0
NOTE	426	70.5331726074219	0.833333373069763	0
NOTE	427	70.5776138305664	0.666666686534882	0
NOTE	428	70.6330871582031	0.16666667163372	0.3333313
NOTE	429	71.0330810546875	0.3750000	0
NOTE	430	71.0997467041016	0.291666686534882	0
NOTE	431	71.1664123535156	0.666666686534882	0
NOTE	432	71.2330780029297	0.7500000	0
NOTE	433	71.2997512817383	0.3750000	0
NOTE	434	71.3664169311523	0.291666686534882	0
NOTE	435	71.4330825805664	0.583333373069763	0
NOTE	436	71.4997477054596	0.5000000	0
NOTE	437	71.5664138793945	0.416666686534882	0
NOTE	438	71.6330795288086	0.333333343267441	0
NOTE	439	71.6997451782227	0.416666686534882	0
NOTE	440	71.7664143562317	0.5000000	0
NOTE	441	71.8330841064453	0.7500000	0
NOTE	442	71.899750739336	0.8750000	0
NOTE	443	71.9664154052734	0.7500000	0
NOTE	444	72.0330840826035	0.208333343267441	0
NOTE	445	72.0997507572174	0.0833333358168602	0
NOTE	446	72.1664174318314	0.208333343267441	0
NOTE	447	72.2330856323242	0.666666686534882	0
NOTE	448	72.2997512817383	0.791666686534882	0
NOTE	449	72.3664169311523	0.833333373069763	0
NOTE	450	72.4330825805664	0.833333373069763	0
NOTE	451	72.4997482299805	0.791666686534882	0
NOTE	452	72.5664138793945	0.666666686534882	0
NOTE	453	72.633079496026	0.5000000	0
NOTE	454	72.6997528076172	0.3750000	0
NOTE	455	72.7664184570313	0.2500000	0
NOTE	456	72.8330841064453	0.16666667163372	0
NOTE	457	72.8997573852539	0.1250000	0
NOTE	458	72.966423034668	0.1250000	0
NOTE	459	73.033088684082	0.16666667163372	0
NOTE	460	73.0997543334961	0.2500000	0
NOTE	461	73.1664199829102	0.3750000	0
NOTE	462	73.2330856323242	0.5000000	0
NOTE	463	73.2997512817383	0.6250000	0
NOTE	464	73.3664169311523	0.7500000	0
NOTE	465	73.4330825477839	0.8750000	0.3333360
NOTE	466	73.8496246337891	0.6250000	0
NOTE	467	73.9496231079102	0.833333373069763	0
NOTE	468	74.0496215820313	0.583333373069763	0
NOTE	469	74.1496200561523	0.791666686534882	0
NOTE	470	74.249626159668	0.1250000	0.2999995
NOTE	471	74.6496276855469	0.458333343267441	0
NOTE	472	74.749626159668	0.208333343267441	0
NOTE	473	74.8496246337891	0.5000000	0
NOTE	474	74.9496231079102	0.2500000	0
NOTE	475	75.0496215343475	0.833333373069763	0.3000041
NOTE	476	75.4330825805664	0.7500000	0
NOTE	477	75.5664138793945	0.666666686534882	0
NOTE	478	75.6997451782227	0.583333373069763	0
NOTE	479	75.8330840736628	0.208333343267441	0
NOTE	480	75.8997507452965	0.208333343267441	0
NOTE	481	75.9664174079895	0.208333343267441	0
NOTE	482	76.0496215820313	0.458333343267441	0.2000042
NOTE	483	76.249626159668	0.208333343267441	0.1999996
NOTE	484	76.4330825805664	0.3750000	0
NOTE	485	76.4997482299805	0.5000000	0
NOTE	486	76.5664138793945	0.6250000	0
NOTE	487	77.033088684082	0.6250000	0.3333375
NOTE	488	76.6330871582031	0.916666686534882	0
NOTE	489	76.6997528076172	0.7500000	0
NOTE	490	76.7664184570313	0.8750000	0
NOTE	491	76.8330841064453	0.708333373069763	0
NOTE	492	76.8997573852539	0.833333373069763	0
NOTE	493	77.4330825805664	0.0833333358168602	0
NOTE	494	77.5664138793945	0.1250000	0
NOTE	495	77.6997528076172	0.16666667163372	0
NOTE	496	77.4997482299805	0.2500000	0
NOTE	497	77.6330795288086	0.291666686534882	0
NOTE	498	77.8496246337891	0.0833333358168602	0
NOTE	499	77.9496231079102	0.16666667163372	0
NOTE	500	78.0496215820313	0.1250000	0
NOTE	501	78.1496200561523	0.208333343267441	0
NOTE	502	78.2330855995417	0.416666686534882	0
NOTE	503	78.2997512817383	0.583333373069763	0
NOTE	504	78.3664169311523	0.416666686534882	0
NOTE	505	78.4330825805664	0.583333373069763	0
NOTE	506	78.4997522830963	0.416666686534882	0
NOTE	507	78.5664215087891	0.583333373069763	0
NOTE	508	78.6496261119842	0.5000000	0.2999981
NOTE	509	79.4496215343475	0.16666667163372	0
NOTE	510	79.4496231079102	0.833333373069763	0
NOTE	511	79.8496245861054	0.2500000	0
NOTE	512	79.8496245861054	0.7500000	0
NOTE	513	80.2496245861053	0.333333343267441	0
NOTE	514	80.2496245861053	0.666666686534882	0
NOTE	515	80.6496200084686	0.16666667163372	0
NOTE	516	80.6496200084686	0.833333373069763	0
NOTE	517	81.2496200084686	0.1250000	0
NOTE	518	81.2496200084686	0.8750000	0
NOTE	519	81.4496230602264	0.2500000	0
NOTE	520	81.4496231079102	0.7500000	0
NOTE	521	80.8496200084686	0.1250000	0.2400000
NOTE	522	80.8496200084686	0.8750000	0.2400000
NOTE	523	81.8496230602264	0.333333343267441	0
NOTE	524	81.8496230602264	0.666666686534882	0
NOTE	525	82.2496261119843	0.16666667163372	0
NOTE	526	82.2496261119843	0.833333373069763	0
NOTE	527	82.6496276855469	0.2500000	0
NOTE	528	82.6496276855469	0.7500000	0
NOTE	529	83.0496215820313	0.333333343267441	0
NOTE	530	83.0496215820313	0.666666686534882	0
NOTE	531	83.4496231079102	0.8750000	0
NOTE	532	83.4496231079102	0.1250000	0
NOTE	533	83.8496245861054	0.16666667163372	0
NOTE	534	83.8496245861054	0.833333373069763	0
NOTE	535	84.0496245861054	0.291666686534882	0.2400000
NOTE	536	84.0496245861054	0.708333373069763	0.2400000
NOTE	537	84.6496200084686	0.16666667163372	0
NOTE	538	84.8496246337891	0.416666686534882	0
NOTE	539	84.6496200084686	0.833333373069763	0
NOTE	540	84.8496246337891	0.583333373069763	0
NOTE	541	85.0496200084686	0.16666667163372	0
NOTE	542	85.0496292114258	0.833333373069763	0
NOTE	543	85.4496230602264	0.291666686534882	0.2400000
NOTE	544	85.4496230602264	0.708333373069763	0.2400000
NOTE	545	85.8330841064453	0.291666686534882	0
NOTE	546	85.8997497558594	0.3750000	0
NOTE	547	85.9664154052734	0.458333343267441	0
NOTE	548	86.0330810546875	0.541666686534882	0
NOTE	549	86.0997467041016	0.6250000	0
NOTE	550	86.1664123535156	0.708333373069763	0
NOTE	551	86.2330855995417	0.833333373069763	0.3333331
NOTE	552	86.7496261119843	0.333333343267441	0
NOTE	553	86.8496261119843	0.666666686534882	0
NOTE	554	86.9496261119843	0.333333343267441	0
NOTE	555	86.6496261119842	0.666666686534882	0
NOTE	556	87.0496215343475	0.16666667163372	0.3000043
NOTE	557	87.4330825805664	0.916666686534882	0
NOTE	558	87.4997482299805	0.7500000	0
NOTE	559	87.5664138793945	0.8750000	0
NOTE	560	87.6330795288086	0.708333373069763	0
NOTE	561	87.6997451782227	0.833333373069763	0
NOTE	562	87.7664108276367	0.666666686534882	0
NOTE	563	87.8496245861054	0.5000000	0.2400000
NOTE	564	88.2496245861053	0.5000000	0.2400000
NOTE	565	88.6496200084686	0.2500000	0.2400000
NOTE	566	88.6496200084686	0.7500000	0.2400000
NOTE	567	89.0496292114258	0.333333343267441	0
NOTE	568	89.0496292114258	0.666666686534882	0
NOTE	569	89.2330794811249	0.2500000	0
NOTE	570	89.2997512817383	0.333333343267441	0
NOTE	571	89.3664169311523	0.458333343267441	0
NOTE	572	89.4330825477839	0.583333373069763	0
NOTE	573	89.4997482299805	0.708333373069763	0
NOTE	574	89.5664138793945	0.791666686534882	0
NOTE	575	89.6330795288086	0.833333373069763	0
NOTE	576	89.6997528076172	0.833333373069763	0
NOTE	577	89.7664184570313	0.791666686534882	0
NOTE	578	89.8496230602264	0.5000000	0.3000013
NOTE	579	90.6330856323242	0.16666667163372	0
NOTE	580	90.6997528076172	0.1250000	0
NOTE	581	90.7664184570313	0.1250000	0
NOTE	582	90.8330841064453	0.16666667163372	0
NOTE	583	90.8997497558594	0.2500000	0
NOTE	584	90.9664154052734	0.3750000	0
NOTE	585	91.0330810219049	0.5000000	0
NOTE	586	91.0997467041016	0.6250000	0
NOTE	587	91.1664123535156	0.708333373069763	0
NOTE	588	91.2330780029297	0.7500000	0
NOTE	589	91.2997512817383	0.7500000	0
NOTE	590	91.3664169311523	0.708333373069763	0
NOTE	591	91.4496215343475	0.5000000	0
NOTE	592	91.5496215343475	0.5000000	0
NOTE	593	91.7496185302734	0.2500000	0
NOTE	594	92.0496215820313	0.7500000	0
NOTE	595	92.2496245861053	0.16666667163372	0
NOTE	596	92.2496245861053	0.8750000	0
NOTE	597	92.6496200084686	0.2500000	0
NOTE	598	92.6496200084686	0.7500000	0
NOTE	599	93.0496200084686	0.291666686534882	0
NOTE	600	93.0496200084686	0.708333373069763	0
NOTE	601	93.4496231079102	0.208333343267441	0
NOTE	602	93.4496231079102	0.791666686534882	0
NOTE	603	93.6496230602264	0.1250000	0.2400000
NOTE	604	93.6496230602264	0.8750000	0.2400000
NOTE	605	94.0496230602264	0.208333343267441	0
NOTE	606	94.0496230602264	0.791666686534882	0
NOTE	607	94.249626159668	0.333333343267441	0
NOTE	608	94.249626159668	0.666666686534882	0
NOTE	609	94.6496276855469	0.2500000	0
NOTE	610	94.6496261119842	0.7500000	0
NOTE	611	95.0496215343475	0.291666686534882	0
NOTE	612	95.0496215343475	0.708333373069763	0
NOTE	613	95.4496215343475	0.3750000	0
NOTE	614	95.4496215343475	0.6250000	0
NOTE	615	95.8496245861054	0.333333343267441	0
NOTE	616	95.8496245861054	0.666666686534882	0
NOTE	617	96.2496245861053	0.16666667163372	0
NOTE	618	96.2496245861053	0.833333373069763	0
NOTE	619	96.6496200084686	0.291666686534882	0
NOTE	620	96.6496200084686	0.708333373069763	0
NOTE	621	96.8496200084686	0.333333343267441	0.2400000
NOTE	622	96.8496200084686	0.666666686534882	0.2400000
NOTE	623	97.2496200084686	0.291666686534882	0
NOTE	624	97.2496200084686	0.708333373069763	0
NOTE	625	97.4496230602264	0.16666667163372	0
NOTE	626	97.4496230602264	0.833333373069763	0
NOTE	627	97.8496230602264	0.1250000	0.3000014
NOTE	628	97.8496230602264	0.8750000	0.3000014
NOTE	629	98.2496261119843	0.5000000	0.2999999
NOTE	630	98.6330871582031	0.3750000	0
NOTE	631	98.6997528076172	0.5000000	0
NOTE	632	98.7664184570313	0.541666686534882	0
NOTE	633	98.8330841064453	0.541666686534882	0
NOTE	634	98.8997522830963	0.5000000	0
NOTE	635	98.9664154052734	0.3750000	0
NOTE	636	99.0330810546875	0.208333343267441	0.3333378
NOTE	637	99.4496231079102	0.6250000	0
NOTE	638	99.5496215820313	0.833333373069763	0
NOTE	639	99.6496200561523	0.541666686534882	0
NOTE	640	99.7496185302734	0.7500000	0
NOTE	641	99.8496245861054	0.1250000	0
NOTE	642	99.9496231079102	0.416666686534882	0
NOTE	643	100.049624586105	0.1250000	0
NOTE	644	100.149627685547	0.416666686534882	0
NOTE	645	100.249624586105	0.1250000	0
NOTE	646	100.349624633789	0.416666686534882	0
NOTE	647	100.449624586105	0.1250000	0
NOTE	648	100.549621582031	0.416666686534882	0
NOTE	649	100.649620008469	0.2500000	0
NOTE	650	100.749626159668	0.541666686534882	0
NOTE	651	100.849620008469	0.2500000	0
NOTE	652	100.949620008469	0.541666686534882	0
NOTE	653	101.049620008469	0.2500000	0
NOTE	654	101.149620008469	0.541666686534882	0
NOTE	655	101.249620008469	0.2500000	0
NOTE	656	101.349620008469	0.541666686534882	0
NOTE	657	101.449623060226	0.3750000	0
NOTE	658	101.549623060226	0.666666686534882	0
NOTE	659	101.649623060226	0.3750000	0
NOTE	660	101.749623060226	0.666666686534882	0
NOTE	661	101.849623060226	0.3750000	0
NOTE	662	101.949623060226	0.666666686534882	0
NOTE	663	102.049623060226	0.3750000	0
NOTE	664	102.149623060226	0.666666686534882	0
NOTE	665	102.249626111984	0.5000000	0
NOTE	666	102.349624633789	0.791666686534882	0
NOTE	667	102.449626111984	0.5000000	0
NOTE	668	102.549629211426	0.791666686534882	0
NOTE	669	102.649626111984	0.5000000	0
NOTE	670	102.749626159668	0.791666686534882	0
NOTE	671	102.849626111984	0.5000000	0
NOTE	672	102.94962310791	0.791666686534882	0
NOTE	673	103.049621582031	0.6250000	0
NOTE	674	103.149621534348	0.916666686534882	0
NOTE	675	103.249618530273	0.6250000	0
NOTE	676	103.349621534348	0.916666686534882	0
NOTE	677	103.44962310791	0.6250000	0
NOTE	678	103.549621534348	0.916666686534882	0
NOTE	679	103.649620056152	0.6250000	0
NOTE	680	103.749621534348	0.916666686534882	0
NOTE	681	103.849624586105	0.208333343267441	0
NOTE	682	103.949624586105	0.791666686534882	0
NOTE	683	104.049624586105	0.208333343267441	0
NOTE	684	104.149624586105	0.791666686534882	0
NOTE	685	104.233085632324	0.208333343267441	0
NOTE	686	104.299751281738	0.333333343267441	0
NOTE	687	104.366416931152	0.458333343267441	0
NOTE	688	104.433082580566	0.791666686534882	0
NOTE	689	104.649627685547	0.1250000	0
NOTE	690	104.649620008469	0.8750000	0
NOTE	691	105.049629211426	0.1250000	0.2999969
NOTE	692	105.049629211426	0.541666686534882	0
NOTE	693	105.449623060226	0.833333373069763	0
NOTE	694	105.849623060226	0.333333343267441	0
NOTE	695	106.049621582031	0.833333373069763	0
NOTE	696	106.249626159668	0.666666686534882	0
NOTE	697	106.249626111984	0.1250000	0
NOTE	698	106.449626111984	0.666666686534882	0.5000030
NOTE	699	106.649627685547	0.1250000	0
NOTE	700	107.049621534348	0.8750000	0
NOTE	701	107.049621534348	0.333333343267441	0
NOTE	702	107.44962310791	0.458333343267441	0
NOTE	703	107.649621534348	0.333333343267441	0
NOTE	704	107.849624586105	0.1250000	0
NOTE	705	107.849624586105	0.666666686534882	0
NOTE	706	108.049624586105	0.1250000	0.5000046
NOTE	707	108.249624586105	0.666666686534882	0
NOTE	708	108.649620008469	0.8750000	0
NOTE	709	108.649620008469	0.333333343267441	0
NOTE	710	109.049620008469	0.8750000	0
NOTE	711	109.249620008469	0.333333343267441	0
NOTE	712	109.449623060226	0.1250000	0
NOTE	713	109.449623060226	0.666666686534882	0
NOTE	714	109.649623060226	0.666666686534882	0.5000061
NOTE	715	109.849624633789	0.1250000	0
NOTE	716	110.249626111984	0.8750000	0
NOTE	717	110.249626111984	0.333333343267441	0
NOTE	718	110.649627685547	0.333333343267441	0
NOTE	719	110.849624633789	0.8750000	0
NOTE	720	111.049621534348	0.1250000	0
NOTE	721	111.049621534348	0.666666686534882	0
NOTE	722	111.249621534348	0.1250000	0
NOTE	723	111.249621534348	0.666666686534882	0
NOTE	724	111.449621534348	0.1250000	0.3000031
NOTE	725	111.849624586105	0.8750000	0
NOTE	726	112.049624586105	0.8750000	0.5000046
NOTE	727	112.249626159668	0.416666686534882	0
NOTE	728	111.849624586105	0.333333343267441	0
NOTE	729	112.449624586105	0.333333343267441	0
NOTE	730	112.649620008469	0.1250000	0
NOTE	731	113.049629211426	0.666666686534882	0.2999971
NOTE	732	112.649620008469	0.666666686534882	0
NOTE	733	113.049620008469	0.1250000	0
NOTE	734	113.449623060226	0.8750000	0
NOTE	735	113.449623060226	0.333333343267441	0
NOTE	736	113.649623060226	0.333333343267441	0.5000062
NOTE	737	113.849623060226	0.8750000	0
NOTE	738	114.049623060226	0.8750000	0
NOTE	739	114.249626111984	0.666666686534882	0
NOTE	740	114.249626111984	0.1250000	0.2400000
NOTE	741	114.649626111984	0.666666686534882	0.2999986
NOTE	742	114.649626111984	0.1250000	0
NOTE	743	115.249618530273	0.333333343267441	0.5000077
NOTE	744	115.049621534348	0.8750000	0
NOTE	745	115.049621534348	0.333333343267441	0
NOTE	746	115.749618530273	0.8750000	0
NOTE	747	115.449621534348	0.8750000	0
NOTE	748	115.849624586105	0.1250000	0
NOTE	749	116.249624586105	0.1250000	0.3000002
NOTE	750	116.249624586105	0.666666686534882	0
NOTE	751	116.649620008469	0.8750000	0
NOTE	752	116.649620008469	0.333333343267441	0
NOTE	753	117.049620008469	0.333333343267441	0
NOTE	754	117.149627685547	0.416666686534882	0
NOTE	755	117.249626159668	0.333333343267441	0
NOTE	756	117.349624633789	0.2500000	0
NOTE	757	117.049620008469	0.8750000	0
NOTE	758	117.249620008469	0.8750000	0
NOTE	759	117.449623060226	0.1250000	0
NOTE	760	117.649623060226	0.1250000	0
NOTE	761	117.449623060226	0.666666686534882	0
NOTE	762	117.849623060226	0.666666686534882	0.3000017
NOTE	763	118.249626111984	0.8750000	0
NOTE	764	118.249626159668	0.1250000	0
NOTE	765	118.449626111984	0.208333343267441	0
NOTE	766	118.649626111984	0.8750000	0
NOTE	767	118.849626111984	0.8750000	0
NOTE	768	118.649626111984	0.291666686534882	0.2999986
NOTE	769	119.049621534348	0.708333373069763	0
NOTE	770	119.44962310791	0.541666686534882	0
NOTE	771	119.549621582031	0.6250000	0
NOTE	772	119.649620056152	0.541666686534882	0
NOTE	773	119.849624586105	0.1250000	0
NOTE	774	119.849624586105	0.8750000	0
NOTE	775	120.249626159668	0.1250000	0.3000002
NOTE	776	120.249624586105	0.708333373069763	0
NOTE	777	119.049621534348	0.458333343267441	0
NOTE	778	120.649620008469	0.291666686534882	0
NOTE	779	120.649620008469	0.583333373069763	0
NOTE	780	120.44962310791	0.708333373069763	0
NOTE	781	120.849620008469	0.333333343267441	0
NOTE	782	121.049620008469	0.3750000	0.2400000
NOTE	783	121.449623060226	0.1250000	0
NOTE	784	121.649623060226	0.16666667163372	0
NOTE	785	121.849623060226	0.208333343267441	0.3000018
NOTE	786	121.449623060226	0.8750000	0
NOTE	787	121.849623060226	0.8750000	0
NOTE	788	122.149623060226	0.8750000	0
NOTE	789	122.349626111984	0.416666686534882	0
NOTE	790	122.449626111984	0.416666686534882	0.2000033
NOTE	791	122.649626111984	0.708333373069763	0.2999987
NOTE	792	123.049621534348	0.1250000	0
NOTE	793	123.049621534348	0.8750000	0
NOTE	794	123.249621534348	0.1250000	0
NOTE	795	123.349624633789	0.208333343267441	0
NOTE	796	123.44962310791	0.291666686534882	0
NOTE	797	123.44962310791	0.8750000	0.3000033
NOTE	798	123.649621534348	0.458333343267441	0
NOTE	799	123.849624586105	0.1250000	0
NOTE	800	123.849624633789	0.6250000	0
NOTE	801	124.049624586105	0.708333373069763	0
NOTE	802	124.049624586105	0.1250000	0
NOTE	803	124.249624586105	0.6250000	0.3000003
NOTE	804	124.649620008469	0.1250000	0
NOTE	805	124.649620008469	0.8750000	0
NOTE	806	124.849620008469	0.8750000	0
NOTE	807	125.049620008469	0.1250000	0.3000048
NOTE	808	125.249620008469	0.8750000	0
NOTE	809	125.449623060226	0.291666686534882	0
NOTE	810	125.449623060226	0.708333373069763	0
NOTE	811	125.649623060226	0.708333373069763	0
NOTE	812	125.649623060226	0.291666686534882	0
NOTE	813	125.849624633789	0.291666686534882	0.3000018
NOTE	814	126.149623060226	0.708333373069763	0
NOTE	815	126.449626111984	0.1250000	0.3000034
NOTE	816	126.649626111984	0.8750000	0.2999988
NOTE	817	127.049621534348	0.291666686534882	0
NOTE	818	127.049621534348	0.708333373069763	0
NOTE	819	127.449621534348	0.291666686534882	0
NOTE	820	127.449621534348	0.708333373069763	0.3000034
NOTE	821	127.749621534348	0.291666686534882	0
NOTE	822	128.049624586105	0.8750000	0.3000049
NOTE	823	128.249618530273	0.1250000	0.3000080
NOTE	824	128.549624586105	0.8750000	0
NOTE	825	128.849627637863	0.333333343267441	0.3000019
NOTE	826	129.049627637863	0.708333373069763	0.3000049
NOTE	827	129.349627637863	0.333333343267441	0
NOTE	828	129.649630689621	0.1250000	0.2999988
NOTE	829	129.849630689621	0.8750000	0.3000019
NOTE	830	130.24961848259	0.5000000	0
NOTE	831	130.44961848259	0.5000000	0
NOTE	832	131.033081054688	0.5000000	0
NOTE	833	131.099746704102	0.333333343267441	0
NOTE	834	131.166412353516	0.208333343267441	0
NOTE	835	131.23307800293	0.1250000	0
NOTE	836	131.299743652344	0.0833333358168602	0
NOTE	837	131.366409301758	0.0833333358168602	0
NOTE	838	131.433074951172	0.1250000	0
NOTE	839	131.499740600586	0.208333343267441	0
NOTE	840	131.566421508789	0.291666686534882	0
NOTE	841	131.633087158203	0.333333343267441	0
NOTE	842	131.699752807617	0.333333343267441	0
NOTE	843	131.766418457031	0.291666686534882	0
NOTE	844	131.849624586105	0.666666686534882	0
NOTE	845	131.949624586105	0.916666686534882	0
NOTE	846	132.049624586105	0.6250000	0
NOTE	847	132.149624586105	0.8750000	0
NOTE	848	132.249618530273	0.666666686534882	0.3000080
NOTE	849	132.633087158203	0.208333343267441	0
NOTE	850	132.699752807617	0.3750000	0
NOTE	851	132.766418457031	0.291666686534882	0
NOTE	852	132.833084106445	0.416666686534882	0
NOTE	853	132.899749755859	0.333333343267441	0
NOTE	854	132.966415405273	0.5000000	0
NOTE	855	133.033087110519	0.666666686534882	0
NOTE	856	133.099746704102	0.791666686534882	0
NOTE	857	133.166427612305	0.833333373069763	0
NOTE	858	133.233093261719	0.833333373069763	0
NOTE	859	133.299758911133	0.791666686534882	0
NOTE	860	133.366420459747	0.666666686534882	0
NOTE	861	133.449630737305	0.208333343267441	0.2999959
NOTE	862	133.849624633789	0.791666686534882	0.3000019
NOTE	863	134.24961848259	0.5000000	0
NOTE	864	134.499740600586	0.208333343267441	0
NOTE	865	134.56640625	0.333333343267441	0
NOTE	866	134.633071899414	0.458333343267441	0
NOTE	867	134.699737548828	0.208333343267441	0
NOTE	868	134.766418457031	0.0833333358168602	0
NOTE	869	134.833084106445	0.208333343267441	0
NOTE	870	134.899749755859	0.0833333358168602	0
NOTE	871	134.966415405273	0.208333343267441	0
NOTE	872	135.033081054688	0.6250000	0
NOTE	873	135.099746704102	0.791666686534882	0
NOTE	874	135.166412353516	0.916666686534882	0
NOTE	875	135.23307800293	0.958333373069763	0
NOTE	876	135.299743652344	0.916666686534882	0
NOTE	877	135.366409301758	0.791666686534882	0
NOTE	878	135.433081054688	0.666666686534882	0
NOTE	879	135.499740600586	0.6250000	0
NOTE	880	135.566421508789	0.583333373069763	0
NOTE	881	135.433081054688	0.333333343267441	0
NOTE	882	135.499740600586	0.3750000	0
NOTE	883	135.566421508789	0.416666686534882	0
NOTE	884	135.633087158203	0.416666686534882	0
NOTE	885	135.699752807617	0.3750000	0
NOTE	886	135.766414356232	0.333333343267441	0
NOTE	887	135.633087158203	0.583333373069763	0
NOTE	888	135.699752807617	0.6250000	0
NOTE	889	135.766414356232	0.666666686534882	0
NOTE	890	135.833084073663	0.16666667163372	0
NOTE	891	135.899749755859	0.0833333358168602	0
NOTE	892	135.966415405273	0.0416666679084301	0
NOTE	893	135.833084073663	0.833333373069763	0
NOTE	894	135.899749755859	0.916666686534882	0
NOTE	895	135.966415405273	0.958333373069763	0
NOTE	896	136.033081054688	0.958333373069763	0
NOTE	897	136.099746704102	0.916666686534882	0
NOTE	898	136.166417431831	0.833333373069763	0
NOTE	899	136.033081054688	0.0416666679084301	0
NOTE	900	136.099746704102	0.0833333358168602	0
NOTE	901	136.166417431831	0.16666667163372	0
NOTE	902	136.233084106445	0.416666686534882	0
NOTE	903	136.299743652344	0.291666686534882	0
NOTE	904	136.366424560547	0.291666686534882	0
NOTE	905	136.233084106445	0.583333373069763	0
NOTE	906	136.299743652344	0.708333373069763	0
NOTE	907	136.366424560547	0.708333373069763	0
NOTE	908	136.433090209961	0.416666686534882	0
NOTE	909	136.499750757217	0.416666686534882	0
NOTE	910	136.566421508789	0.291666686534882	0
NOTE	911	136.433090209961	0.583333373069763	0
NOTE	912	136.499750757217	0.583333373069763	0
NOTE	913	136.566421508789	0.708333373069763	0
NOTE	914	136.699752807617	0.8750000	0
NOTE	915	136.833084106445	0.8750000	0
NOTE	916	136.966415405273	0.8750000	0
NOTE	917	137.099746704102	0.8750000	0
NOTE	918	137.233093261719	0.8750000	0
NOTE	919	137.366424560547	0.8750000	0
NOTE	920	136.899753808975	0.1250000	0
NOTE	921	136.766420459747	0.1250000	0
NOTE	922	136.633087125421	0.1250000	0
NOTE	923	137.166420459747	0.1250000	0
NOTE	924	137.033087110519	0.1250000	0
NOTE	925	137.299753808975	0.1250000	0
NOTE	926	137.433090177178	0.5000000	0
NOTE	927	137.499755859375	0.3750000	0
NOTE	928	137.566421508789	0.291666686534882	0
NOTE	929	137.633087158203	0.2500000	0
NOTE	930	137.699752807617	0.2500000	0
NOTE	931	137.766418457031	0.291666686534882	0
NOTE	932	137.833084106445	0.3750000	0
NOTE	933	137.899749755859	0.5000000	0
NOTE	934	137.966430664063	0.6250000	0
NOTE	935	138.033096313477	0.708333373069763	0
NOTE	936	138.099761962891	0.7500000	0
NOTE	937	138.166427612305	0.7500000	0
NOTE	938	138.24961848259	0.1250000	0
NOTE	939	138.34961848259	0.8750000	0
NOTE	940	138.44961848259	0.1250000	0
NOTE	941	138.54961848259	0.8750000	0
NOTE	942	138.64961848259	0.1250000	0.3000142
NOTE	943	139.033081021905	0.291666686534882	0
NOTE	944	139.099746704102	0.6250000	0
NOTE	945	139.166412353516	0.333333343267441	0
NOTE	946	139.23307800293	0.666666686534882	0
NOTE	947	139.366414380074	0.708333373069763	0
NOTE	948	139.299743652344	0.3750000	0
NOTE	949	139.449615478516	0.541666686534882	0.3000112
NOTE	950	139.849624586105	0.16666667163372	0.3000021
NOTE	951	140.249624586105	0.833333373069763	0.3000081
NOTE	952	140.649627637863	0.5000000	0
NOTE	953	140.833084106445	0.5000000	0
NOTE	954	140.899749755859	0.3750000	0
NOTE	955	140.966415405273	0.291666686534882	0
NOTE	956	141.033081054688	0.2500000	0
NOTE	957	141.099746704102	0.2500000	0
NOTE	958	141.166427612305	0.291666686534882	0
NOTE	959	141.233093261719	0.3750000	0
NOTE	960	141.299758911133	0.5000000	0
NOTE	961	141.366424560547	0.666666686534882	0
NOTE	962	141.433090177178	0.1250000	0.7333293
NOTE	963	141.633087158203	0.666666686534882	0
NOTE	964	141.699752807617	0.791666686534882	0
NOTE	965	141.766418457031	0.8750000	0
NOTE	966	141.833084106445	0.916666686534882	0
NOTE	967	141.899749755859	0.916666686534882	0
NOTE	968	141.966430664063	0.8750000	0
NOTE	969	142.033096313477	0.791666686534882	0
NOTE	970	142.099761962891	0.666666686534882	0
NOTE	971	142.166427612305	0.5000000	0
NOTE	972	142.233077970147	0.333333343267441	0
NOTE	973	142.29974463582	0.333333343267441	0
NOTE	974	142.366409301758	0.333333343267441	0
NOTE	975	142.433074951172	0.3750000	0
NOTE	976	142.499740600586	0.458333343267441	0
NOTE	977	142.56640625	0.583333373069763	0
NOTE	978	142.633071899414	0.666666686534882	0
NOTE	979	142.699737548828	0.708333373069763	0
NOTE	980	142.766418457031	0.708333373069763	0
NOTE	981	142.63307800293	0.333333343267441	0
NOTE	982	142.699744653702	0.333333343267441	0
NOTE	983	142.766418457031	0.333333343267441	0
NOTE	984	142.833084106445	0.3750000	0
NOTE	985	142.899749755859	0.458333343267441	0
NOTE	986	142.966415405273	0.583333373069763	0
NOTE	987	143.049621534348	0.8750000	0
NOTE	988	143.149621534348	0.8750000	0
NOTE	989	143.349621534348	0.1250000	0
NOTE	990	143.449621534348	0.1250000	0
NOTE	991	143.649621534348	0.8750000	0
NOTE	992	143.749621534348	0.8750000	0
LINK 89 90
LINK 91 92
LINK 97 98
LINK 99 100
LINK 103 104
LINK 105 106
LINK 111 112
LINK 114 115
LINK 119 120
LINK 121 122
LINK 129 130
LINK 131 132
LINK 135 136
LINK 137 138
LINK 143 144
LINK 147 148
LINK 152 153
LINK 154 155
LINK 160 161
LINK 163 164
LINK 168 169
LINK 170 171
LINK 176 177
LINK 179 180
LINK 200 201
LINK 202 203
LINK 204 205
LINK 208 209 210 211 212 213 214 215 216 217 218 219
LINK 224 225 226 227 228 229
LINK 230 231 232
LINK 233 234 235
LINK 240 241 242
LINK 243 244 245 246 247 248 249 250
LINK 251 252 253 254 255 256
LINK 257 258 259 260 261 262
LINK 270 271 272 267 268 269 264 265 266
LINK 273 274 275 276 277 278 279 280
LINK 293 294 295 296 297 298
LINK 299 300 301 302 303 304 305
LINK 317 318 319 320 321 322
LINK 323 324 325 326 327 328
LINK 329 330 331 332 333 334
LINK 335 336 337 338 339 340
LINK 343 344 345
LINK 353 354 355 356 357 358 359 360 361
LINK 362 363 364 365 366 367 368 369 370
LINK 371 372 373 374 375 376
LINK 377 378
LINK 379 380
LINK 381 382
LINK 386 387 388
LINK 389 390 391
LINK 400 401 402 403 404 405
LINK 406 407 408
LINK 410 411 412 413 414
LINK 415 416 417
LINK 419 420 421 422 423 424 425 426 427
LINK 429 430
LINK 431 432
LINK 433 434
LINK 435 436 437 438 439 440
LINK 447 448 449 450 451 452
LINK 453 454 455 456 457 458 459 460 461 462 463 464
LINK 476 477 478
LINK 479 480 481
LINK 484 485 486
LINK 498 499
LINK 500 501
LINK 502 503 504 505 506 507
LINK 545 546 547 548 549 550
LINK 557 558 559 560 561 562
LINK 569 570 571
LINK 572 573 574 575 576 577
LINK 579 580 581 582 583 584
LINK 585 586 587 588 589 590
LINK 591 592
LINK 630 631 632 633 634 635
LINK 685 686 687
LINK 753 754 755 756
LINK 770 771 772
LINK 794 795 796
LINK 832 833 834 835 836 837 838 839 840 841 842 843
LINK 849 850 851 852 853 854
LINK 855 856 857 858 859 860
LINK 864 865 866
LINK 867 868 869 870 871
LINK 872 873 874 875 876 877
LINK 878 879 880 887 888 889
LINK 881 882 883 884 885 886
LINK 890 891 892 899 900 901
LINK 893 894 895 896 897 898
LINK 902 903 904 908 909 910
LINK 905 906 907 911 912 913
LINK 926 927 928 929 930 931 932 933 934 935 936 937
LINK 953 954 955 956 957 958 959 960 961
LINK 963 964 965 966 967 968 969 970 971
LINK 972 973 974 975 976 977 978 979 980
LINK 981 982 983 984 985 986
LINK 987 988
LINK 989 990
LINK 991 992
