VERSION 2
BPM 313.960242
PAGE_SHIFT 0.354428
PAGE_SIZE 0.764428
NOTE	0	1.197329	0.910000	0.000000
NOTE	1	1.971856	0.090000	0.000000
NOTE	2	1.971856	0.790000	0.000000
NOTE	3	3.500712	0.790000	0.000000
NOTE	4	3.500712	0.090000	0.000000
NOTE	5	4.265139	0.200000	0.000000
NOTE	6	5.411781	0.300000	0.000000
NOTE	7	5.602889	0.540000	0.000000
NOTE	8	5.793995	0.780000	0.000000
NOTE	9	6.940637	0.730000	0.000000
NOTE	10	6.988413	0.770000	0.000000
NOTE	11	7.036190	0.810000	0.000000
NOTE	12	7.083967	0.770000	0.000000
NOTE	13	7.131744	0.730000	0.000000
NOTE	14	7.179521	0.690000	0.000000
NOTE	15	7.227297	0.650000	0.000000
NOTE	16	7.275075	0.610000	0.000000
NOTE	17	7.322852	0.090000	0.000000
NOTE	18	8.087279	0.210000	0.000000
NOTE	19	8.087279	0.910000	0.000000
NOTE	20	9.616134	0.910000	0.000000
NOTE	21	9.616135	0.210000	0.000000
NOTE	22	10.380563	0.800000	0.000000
NOTE	23	11.527205	0.700000	0.000000
NOTE	24	11.718311	0.460000	0.000000
NOTE	25	11.909420	0.220000	0.000000
NOTE	26	13.056062	0.270000	0.000000
NOTE	27	13.103837	0.310000	0.000000
NOTE	28	13.151614	0.350000	0.000000
NOTE	29	13.199391	0.390000	0.000000
NOTE	30	13.247168	0.350000	0.000000
NOTE	31	13.294945	0.310000	0.000000
NOTE	32	13.342720	0.270000	0.000000
NOTE	33	13.390499	0.230000	0.000000
NOTE	34	13.438276	0.150000	0.000000
NOTE	35	13.438276	0.850000	0.000000
NOTE	36	13.533827	0.850000	0.000000
NOTE	37	13.629383	0.850000	0.000000
NOTE	38	13.820489	0.150000	0.000000
NOTE	39	13.916041	0.150000	0.000000
NOTE	40	14.107148	0.150000	0.000000
NOTE	41	14.202704	0.570000	0.000000
NOTE	42	14.393810	0.570000	0.000000
NOTE	43	14.489363	0.570000	0.000000
NOTE	44	14.680469	0.570000	0.000000
NOTE	45	14.776025	0.390000	0.000000
NOTE	46	14.871577	0.570000	0.000000
NOTE	47	14.967131	0.760000	0.000000
NOTE	48	14.967131	0.240000	0.000000
NOTE	49	15.062684	0.240000	0.000000
NOTE	50	15.158239	0.240000	0.000000
NOTE	51	15.349346	0.760000	0.000000
NOTE	52	15.444898	0.760000	0.000000
NOTE	53	15.636005	0.760000	0.000000
NOTE	54	15.731559	0.430000	0.000000
NOTE	55	15.922665	0.430000	0.000000
NOTE	56	16.018218	0.430000	0.000000
NOTE	57	16.209326	0.430000	0.000000
NOTE	58	16.304880	0.610000	0.000000
NOTE	59	16.400432	0.430000	0.000000
NOTE	60	16.495988	0.950000	0.000000
NOTE	61	16.495988	0.050000	0.000000
NOTE	62	16.591539	0.890000	0.000000
NOTE	63	16.687094	0.830000	0.000000
NOTE	64	16.782647	0.050000	0.000000
NOTE	65	16.878202	0.110000	0.000000
NOTE	66	16.973753	0.170000	0.000000
NOTE	67	17.069309	0.890000	0.000000
NOTE	68	17.164860	0.830000	0.000000
NOTE	69	17.260415	0.300000	0.000000
NOTE	70	17.355968	0.360000	0.000000
NOTE	71	17.451523	0.630000	0.000000
NOTE	72	17.547074	0.570000	0.000000
NOTE	73	17.642630	0.630000	0.000000
NOTE	74	17.738181	0.360000	0.000000
NOTE	75	17.833736	0.300000	0.000000
NOTE	76	17.929289	0.240000	0.000000
NOTE	77	18.024844	0.170000	0.000000
NOTE	78	18.024844	0.830000	0.000000
NOTE	79	18.120395	0.770000	0.000000
NOTE	80	18.215951	0.710000	0.000000
NOTE	81	18.311502	0.110000	0.000000
NOTE	82	18.311502	0.770000	0.000000
NOTE	83	18.407057	0.170000	0.000000
NOTE	84	18.502610	0.230000	0.000000
NOTE	85	18.598165	0.170000	0.000000
NOTE	86	18.598165	0.830000	0.000000
NOTE	87	18.693716	0.770000	0.000000
NOTE	88	18.789272	0.690000	0.000000
NOTE	89	18.884823	0.320000	0.000000
NOTE	90	18.884823	0.630000	0.000000
NOTE	91	18.980378	0.380000	0.000000
NOTE	92	19.075931	0.440000	0.000000
NOTE	93	19.171486	0.630000	0.000000
NOTE	94	19.267037	0.380000	0.000000
NOTE	95	19.362593	0.630000	0.000000
NOTE	96	19.458144	0.380000	0.000000
NOTE	97	19.553699	0.120000	0.000000
NOTE	98	19.553699	0.880000	0.000000
NOTE	99	19.649252	0.880000	0.000000
NOTE	100	19.744807	0.880000	0.000000
NOTE	101	19.935914	0.120000	0.000000
NOTE	102	20.031466	0.120000	0.000000
NOTE	103	20.222573	0.120000	0.000000
NOTE	104	20.318128	0.620000	0.000000
NOTE	105	20.509233	0.620000	0.000000
NOTE	106	20.604786	0.620000	0.000000
NOTE	107	20.795892	0.620000	0.000000
NOTE	108	20.891448	0.370000	0.000000
NOTE	109	20.986999	0.620000	0.000000
NOTE	110	21.082554	0.880000	0.000000
NOTE	111	21.082554	0.120000	0.000000
NOTE	112	21.178107	0.120000	0.000000
NOTE	113	21.273662	0.120000	0.000000
NOTE	114	21.464769	0.880000	0.000000
NOTE	115	21.560320	0.880000	0.000000
NOTE	116	21.751428	0.880000	0.000000
NOTE	117	21.846983	0.380000	0.000000
NOTE	118	22.038087	0.380000	0.000000
NOTE	119	22.133639	0.380000	0.000000
NOTE	120	22.324746	0.380000	0.000000
NOTE	121	22.420301	0.630000	0.000000
NOTE	122	22.515854	0.380000	0.000000
NOTE	123	22.611411	0.050000	0.000000
NOTE	124	22.611411	0.950000	0.000000
NOTE	125	22.706962	0.890000	0.000000
NOTE	126	22.802517	0.830000	0.000000
NOTE	127	22.898070	0.050000	0.000000
NOTE	128	22.993625	0.110000	0.000000
NOTE	129	23.089176	0.170000	0.000000
NOTE	130	23.184732	0.890000	0.000000
NOTE	131	23.280284	0.830000	0.000000
NOTE	132	23.375838	0.270000	0.000000
NOTE	133	23.471391	0.330000	0.000000
NOTE	134	23.566946	0.720000	0.000000
NOTE	135	23.662497	0.660000	0.000000
NOTE	136	23.758053	0.720000	0.000000
NOTE	137	23.853605	0.210000	0.000000
NOTE	138	23.949159	0.270000	0.000000
NOTE	139	24.044712	0.330000	0.000000
NOTE	140	24.140267	0.400000	0.000000
NOTE	141	24.235820	0.600000	0.000000
NOTE	142	24.331375	0.400000	0.000000
NOTE	143	24.426926	0.600000	0.000000
NOTE	144	24.522482	0.400000	0.000000
NOTE	145	24.618034	0.600000	0.000000
NOTE	146	24.713588	0.400000	0.000000
NOTE	147	24.809141	0.600000	0.000000
NOTE	148	24.904696	0.290000	0.000000
NOTE	149	24.952472	0.220000	0.000000
NOTE	150	25.000247	0.170000	0.000000
NOTE	151	25.048026	0.140000	0.000000
NOTE	152	25.095803	0.130000	0.000000
NOTE	153	25.143578	0.140000	0.000000
NOTE	154	25.191355	0.170000	0.000000
NOTE	155	25.239132	0.220000	0.000000
NOTE	156	25.286909	0.290000	0.000000
NOTE	157	25.334686	0.380000	0.000000
NOTE	158	25.382462	0.470000	0.000000
NOTE	159	25.430240	0.560000	0.000000
NOTE	160	25.478017	0.650000	0.000000
NOTE	161	25.525793	0.740000	0.000000
NOTE	162	25.573568	0.830000	0.000000
NOTE	163	25.621347	0.920000	0.000000
NOTE	164	25.669124	0.350000	0.000000
NOTE	165	25.860230	0.290000	0.000000
NOTE	166	26.051338	0.690000	0.000000
NOTE	167	26.242445	0.750000	0.000000
NOTE	168	26.433551	0.160000	0.000000
NOTE	169	26.624659	0.900000	0.000000
NOTE	170	26.720210	0.830000	0.000000
NOTE	171	26.815766	0.160000	0.000000
NOTE	172	26.911318	0.900000	0.000000
NOTE	173	27.006872	0.160000	0.000000
NOTE	174	27.197980	0.700000	0.000000
NOTE	175	27.389086	0.620000	0.000000
NOTE	176	27.580193	0.070000	0.000000
NOTE	177	27.771301	0.150000	0.000000
NOTE	178	27.962407	0.800000	0.000000
NOTE	179	28.153514	0.270000	0.000000
NOTE	180	28.249067	0.340000	0.000000
NOTE	181	28.344622	0.800000	0.000000
NOTE	182	28.344622	0.270000	0.000000
NOTE	183	28.440173	0.800000	0.000000
NOTE	184	28.535728	0.270000	0.000000
NOTE	185	28.631281	0.800000	0.000000
NOTE	186	28.726835	0.130000	0.000000
NOTE	187	28.917943	0.130000	0.000000
NOTE	188	29.109049	0.600000	0.000000
NOTE	189	29.300156	0.670000	0.000000
NOTE	190	29.491264	0.290000	0.000000
NOTE	191	29.682370	0.220000	0.000000
NOTE	192	29.777923	0.840000	0.000000
NOTE	193	29.873477	0.290000	0.000000
NOTE	194	29.969030	0.770000	0.000000
NOTE	195	30.064585	0.220000	0.000000
NOTE	196	30.160136	0.290000	0.000000
NOTE	197	30.255691	0.890000	0.000000
NOTE	198	30.446798	0.890000	0.000000
NOTE	199	30.637906	0.430000	0.000000
NOTE	200	30.829012	0.330000	0.000000
NOTE	201	31.020119	0.100000	0.000000
NOTE	202	31.020119	0.900000	0.000000
NOTE	203	31.211227	0.100000	0.000000
NOTE	204	31.306778	0.030000	0.000000
NOTE	205	31.306778	0.970000	0.000000
NOTE	206	31.402333	0.900000	0.000000
NOTE	207	31.497886	0.970000	0.000000
NOTE	208	31.593440	0.100000	0.000000
NOTE	209	31.593440	0.900000	0.000000
NOTE	210	31.784546	0.710000	0.000000
NOTE	211	31.975653	0.650000	0.000000
NOTE	212	32.166761	0.250000	0.000000
NOTE	213	32.357868	0.310000	0.000000
NOTE	214	32.548974	0.840000	0.000000
NOTE	215	32.740082	0.130000	0.000000
NOTE	216	32.835633	0.080000	0.000000
NOTE	217	32.931189	0.840000	0.000000
NOTE	218	33.026741	0.130000	0.000000
NOTE	219	33.122295	0.840000	0.000000
NOTE	220	33.313403	0.300000	0.000000
NOTE	221	33.504510	0.380000	0.000000
NOTE	222	33.695616	0.770000	0.000000
NOTE	223	33.886724	0.850000	0.000000
NOTE	224	34.077831	0.200000	0.000000
NOTE	225	34.268937	0.630000	0.000000
NOTE	226	34.364490	0.680000	0.000000
NOTE	227	34.460045	0.730000	0.000000
NOTE	228	34.460045	0.200000	0.000000
NOTE	229	34.651152	0.200000	0.000000
NOTE	230	34.651153	0.730000	0.000000
NOTE	231	34.842258	0.870000	0.000000
NOTE	232	35.033366	0.870000	0.000000
NOTE	233	35.224473	0.400000	0.000000
NOTE	234	35.415579	0.400000	0.000000
NOTE	235	35.606687	0.740000	0.000000
NOTE	236	35.797794	0.110000	0.000000
NOTE	237	35.893346	0.160000	0.000000
NOTE	238	35.988900	0.740000	0.000000
NOTE	239	36.084454	0.740000	0.000000
NOTE	240	36.180008	0.110000	0.000000
NOTE	241	36.275561	0.110000	0.000000
NOTE	242	36.371115	0.240000	0.000000
NOTE	243	36.562221	0.240000	0.000000
NOTE	244	36.753329	0.860000	0.000000
NOTE	245	36.944436	0.860000	0.000000
NOTE	246	37.135544	0.390000	0.000000
NOTE	247	37.326650	0.680000	0.000000
NOTE	248	37.422203	0.390000	0.000000
NOTE	249	37.517758	0.680000	0.286660
NOTE	250	37.899971	0.770000	0.000000
NOTE	251	37.899971	0.230000	0.000000
NOTE	252	38.091079	0.160000	0.000000
NOTE	253	38.282186	0.910000	0.000000
NOTE	254	38.282186	0.090000	0.000000
NOTE	255	38.473292	0.980000	0.000000
NOTE	256	38.664400	0.340000	0.000000
NOTE	257	38.664400	0.660000	0.000000
NOTE	258	38.855507	0.500000	0.000000
NOTE	259	39.046613	0.660000	0.000000
NOTE	260	39.046613	0.340000	0.000000
NOTE	261	39.237721	0.500000	0.000000
NOTE	262	39.428828	0.840000	0.000000
NOTE	263	39.428828	0.160000	0.000000
NOTE	264	39.619934	0.160000	0.000000
NOTE	265	39.811042	0.160000	0.000000
NOTE	266	39.811042	0.840000	0.000000
NOTE	267	40.002149	0.840000	0.000000
NOTE	268	40.193255	0.220000	0.000000
NOTE	269	40.193255	0.720000	0.000000
NOTE	270	40.384363	0.660000	0.000000
NOTE	271	40.575470	0.340000	0.000000
NOTE	272	40.575470	0.600000	0.000000
NOTE	273	40.766576	0.400000	0.000000
NOTE	274	40.957684	0.820000	0.000000
NOTE	275	40.957684	0.180000	0.000000
NOTE	276	41.148791	0.820000	0.000000
NOTE	277	41.339897	0.180000	0.000000
NOTE	278	41.339897	0.820000	0.000000
NOTE	279	41.531005	0.180000	0.000000
NOTE	280	41.722112	0.930000	0.000000
NOTE	281	41.722112	0.070000	0.000000
NOTE	282	42.008771	0.070000	0.000000
NOTE	283	42.008771	0.930000	0.000000
NOTE	284	42.295433	0.330000	0.000000
NOTE	285	42.295433	0.670000	0.000000
NOTE	286	42.486539	0.850000	0.000000
NOTE	287	42.486539	0.150000	0.000000
NOTE	288	42.773198	0.240000	0.000000
NOTE	289	42.773198	0.760000	0.000000
NOTE	290	43.059860	0.850000	0.000000
NOTE	291	43.059860	0.150000	0.000000
NOTE	292	43.346519	0.710000	0.000000
NOTE	293	43.346519	0.290000	0.000000
NOTE	294	43.633181	0.090000	0.000000
NOTE	295	43.633181	0.910000	0.000000
NOTE	296	44.015396	0.260000	0.000000
NOTE	297	44.206502	0.200000	0.000000
NOTE	298	44.397610	0.630000	0.000000
NOTE	299	44.588717	0.690000	0.000000
NOTE	300	44.779823	0.340000	0.000000
NOTE	301	44.970931	0.820000	0.000000
NOTE	302	45.066482	0.870000	0.000000
NOTE	303	45.162038	0.340000	0.000000
NOTE	304	45.257590	0.820000	0.000000
NOTE	305	45.353144	0.340000	0.000000
NOTE	306	45.353144	0.820000	0.000000
NOTE	307	45.544252	0.690000	0.000000
NOTE	308	45.735359	0.620000	0.000000
NOTE	309	45.926465	0.100000	0.000000
NOTE	310	46.117573	0.170000	0.000000
NOTE	311	46.308680	0.370000	0.000000
NOTE	312	46.308680	0.830000	0.000000
NOTE	313	46.499786	0.370000	0.000000
NOTE	314	46.595339	0.430000	0.000000
NOTE	315	46.690894	0.830000	0.000000
NOTE	316	46.882001	0.830000	0.000000
NOTE	317	46.882001	0.370000	0.000000
NOTE	318	47.073107	0.190000	0.000000
NOTE	319	47.264215	0.090000	0.000000
NOTE	320	47.455322	0.640000	0.000000
NOTE	321	47.646428	0.640000	0.000000
NOTE	322	47.837536	0.290000	0.000000
NOTE	323	48.028643	0.900000	0.000000
NOTE	324	48.124195	0.960000	0.000000
NOTE	325	48.219749	0.290000	0.000000
NOTE	326	48.315302	0.230000	0.000000
NOTE	327	48.410857	0.900000	0.000000
NOTE	328	48.506408	0.290000	0.000000
NOTE	329	48.601964	0.620000	0.000000
NOTE	330	48.793070	0.620000	0.000000
NOTE	331	48.984178	0.140000	0.000000
NOTE	332	49.175285	0.220000	0.000000
NOTE	333	49.366391	0.800000	0.000000
NOTE	334	49.557499	0.340000	0.000000
NOTE	335	49.557499	0.800000	0.000000
NOTE	336	49.653050	0.740000	0.000000
NOTE	337	49.748606	0.800000	0.000000
NOTE	338	49.748606	0.340000	0.000000
NOTE	339	49.844158	0.340000	0.000000
NOTE	340	49.939712	0.800000	0.000000
NOTE	341	50.035265	0.340000	0.000000
NOTE	342	50.130819	0.920000	0.000000
NOTE	343	50.130819	0.190000	0.000000
NOTE	344	50.321927	0.920000	0.000000
NOTE	345	50.704140	0.920000	0.000000
NOTE	346	50.799692	0.840000	0.000000
NOTE	347	50.895248	0.050000	0.000000
NOTE	348	50.895248	0.750000	0.000000
NOTE	349	50.943024	0.680000	0.000000
NOTE	350	50.990800	0.750000	0.000000
NOTE	351	51.038578	0.680000	0.000000
NOTE	352	51.086354	0.750000	0.000000
NOTE	353	51.134130	0.680000	0.000000
NOTE	354	51.181907	0.750000	0.000000
NOTE	355	51.229685	0.680000	0.000000
NOTE	356	51.277461	0.750000	0.000000
NOTE	357	51.325237	0.680000	0.000000
NOTE	358	51.373013	0.750000	0.000000
NOTE	359	51.420791	0.680000	0.000000
NOTE	360	51.468569	0.050000	0.000000
NOTE	361	51.468569	0.750000	0.000000
NOTE	362	51.516345	0.680000	0.000000
NOTE	363	51.564121	0.750000	0.000000
NOTE	364	51.611899	0.680000	0.000000
NOTE	365	51.659675	0.220000	0.000000
NOTE	366	51.755228	0.870000	0.000000
NOTE	367	51.850782	0.220000	0.000000
NOTE	368	52.232996	0.220000	0.000000
NOTE	369	52.424103	0.360000	0.000000
NOTE	370	52.424103	0.640000	0.000000
NOTE	371	52.615211	0.400000	0.000000
NOTE	372	52.806317	0.600000	0.000000
NOTE	373	52.901870	0.360000	0.000000
NOTE	374	52.997424	0.640000	0.000000
NOTE	375	53.188532	0.170000	0.000000
NOTE	376	53.284084	0.110000	0.000000
NOTE	377	53.379638	0.170000	0.000000
NOTE	378	53.761853	0.870000	0.000000
NOTE	379	53.761853	0.110000	0.000000
NOTE	380	53.952958	0.250000	0.000000
NOTE	381	53.952958	0.720000	0.000000
NOTE	382	54.000734	0.320000	0.000000
NOTE	383	54.048512	0.250000	0.000000
NOTE	384	54.096288	0.320000	0.000000
NOTE	385	54.144066	0.250000	0.000000
NOTE	386	54.191842	0.320000	0.000000
NOTE	387	54.239618	0.250000	0.000000
NOTE	388	54.287394	0.320000	0.000000
NOTE	389	54.335172	0.250000	0.000000
NOTE	390	54.382949	0.320000	0.000000
NOTE	391	54.430725	0.250000	0.000000
NOTE	392	54.478501	0.320000	0.000000
NOTE	393	54.526279	0.250000	0.000000
NOTE	394	54.526280	0.720000	0.000000
NOTE	395	54.574055	0.320000	0.000000
NOTE	396	54.621833	0.250000	0.000000
NOTE	397	54.669609	0.320000	0.000000
NOTE	398	54.717387	0.870000	0.000000
NOTE	399	54.812939	0.440000	0.000000
NOTE	400	54.908495	0.870000	0.000000
NOTE	401	55.290708	0.870000	0.000000
NOTE	402	55.481816	0.740000	0.000000
NOTE	403	55.481816	0.190000	0.000000
NOTE	404	55.672922	0.190000	0.000000
NOTE	405	55.768475	0.740000	0.000000
NOTE	406	55.768475	0.250000	0.000000
NOTE	407	55.864029	0.680000	0.000000
NOTE	408	55.959581	0.740000	0.000000
NOTE	409	56.055137	0.680000	0.000000
NOTE	410	56.055137	0.190000	0.000000
NOTE	411	56.150688	0.190000	0.000000
NOTE	412	56.246243	0.860000	0.191107
NOTE	413	56.437350	0.050000	0.000000
NOTE	414	56.532902	0.050000	0.191107
NOTE	415	56.819564	0.860000	0.095553
NOTE	416	57.010671	0.280000	0.191106
NOTE	417	57.201779	0.680000	0.000000
NOTE	418	57.297330	0.680000	0.191107
NOTE	419	57.583992	0.360000	0.095553
NOTE	420	57.775100	0.810000	0.000000
NOTE	421	57.870651	0.860000	0.000000
NOTE	422	57.966206	0.810000	0.000000
NOTE	423	58.061759	0.860000	0.000000
NOTE	424	58.252865	0.150000	0.000000
NOTE	425	58.348421	0.100000	0.000000
NOTE	426	58.443972	0.150000	0.000000
NOTE	427	58.539527	0.600000	0.000000
NOTE	428	58.730634	0.680000	0.000000
NOTE	429	58.921742	0.380000	0.000000
NOTE	430	59.112848	0.680000	0.000000
NOTE	431	59.208401	0.380000	0.000000
NOTE	432	59.303955	0.880000	0.000000
NOTE	433	59.399507	0.880000	0.000000
NOTE	434	59.495063	0.810000	0.000000
NOTE	435	59.590614	0.810000	0.000000
NOTE	436	59.686169	0.740000	0.000000
NOTE	437	59.781722	0.740000	0.000000
NOTE	438	59.877276	0.670000	0.000000
NOTE	439	59.972828	0.670000	0.000000
NOTE	440	60.068384	0.460000	0.000000
NOTE	441	60.116160	0.460000	0.000000
NOTE	442	60.163935	0.400000	0.000000
NOTE	443	60.211714	0.400000	0.000000
NOTE	444	60.259490	0.340000	0.000000
NOTE	445	60.307267	0.340000	0.000000
NOTE	446	60.355043	0.280000	0.000000
NOTE	447	60.402821	0.280000	0.000000
NOTE	448	60.450597	0.220000	0.000000
NOTE	449	60.498373	0.220000	0.000000
NOTE	450	60.546149	0.160000	0.000000
NOTE	451	60.593927	0.160000	0.000000
NOTE	452	60.641705	0.100000	0.000000
NOTE	453	60.689481	0.100000	0.000000
NOTE	454	60.737256	0.040000	0.000000
NOTE	455	60.785035	0.040000	0.000000
NOTE	456	60.832810	0.520000	0.000000
NOTE	457	60.928364	0.520000	0.000000
NOTE	458	61.023918	0.590000	0.000000
NOTE	459	61.119470	0.590000	0.000000
NOTE	460	61.215024	0.660000	0.000000
NOTE	461	61.310577	0.660000	0.000000
NOTE	462	61.406131	0.730000	0.000000
NOTE	463	61.501685	0.730000	0.000000
NOTE	464	61.597239	0.370000	0.000000
NOTE	465	61.788347	0.270000	0.000000
NOTE	466	61.979453	0.840000	0.000000
NOTE	467	61.979453	0.370000	0.000000
NOTE	468	62.075006	0.840000	0.000000
NOTE	469	62.170560	0.370000	0.000000
NOTE	470	62.266112	0.840000	0.000000
NOTE	471	62.361668	0.100000	0.000000
NOTE	472	62.457219	0.610000	0.000000
NOTE	473	62.552774	0.100000	0.000000
NOTE	474	62.648327	0.610000	0.000000
NOTE	475	62.743881	0.100000	0.000000
NOTE	476	62.839433	0.610000	0.000000
NOTE	477	62.934989	0.100000	0.000000
NOTE	478	63.030540	0.610000	0.000000
NOTE	479	63.126095	0.230000	0.000000
NOTE	480	63.221648	0.770000	0.000000
NOTE	481	63.317202	0.230000	0.000000
NOTE	482	63.412754	0.770000	0.000000
NOTE	483	63.508310	0.230000	0.000000
NOTE	484	63.603861	0.770000	0.000000
NOTE	485	63.699416	0.230000	0.000000
NOTE	486	63.794969	0.770000	0.000000
NOTE	487	63.890523	0.380000	0.000000
NOTE	488	63.986075	0.620000	0.000000
NOTE	489	64.081631	0.380000	0.000000
NOTE	490	64.177182	0.620000	0.000000
NOTE	491	64.272738	0.380000	0.000000
NOTE	492	64.368290	0.620000	0.000000
NOTE	493	64.463845	0.380000	0.000000
NOTE	494	64.559397	0.620000	0.000000
NOTE	495	64.654951	0.100000	0.000000
NOTE	496	64.846058	0.900000	0.000000
NOTE	497	64.846058	0.100000	0.000000
NOTE	498	65.037165	0.900000	0.000000
NOTE	499	65.228273	0.900000	0.000000
NOTE	500	65.228273	0.100000	0.000000
NOTE	501	65.419380	0.650000	0.000000
NOTE	502	65.514932	0.350000	0.000000
NOTE	503	65.610487	0.620000	0.000000
NOTE	504	65.706039	0.380000	0.000000
NOTE	505	65.801593	0.620000	0.000000
NOTE	506	65.897146	0.380000	0.000000
NOTE	507	65.992700	0.650000	0.000000
NOTE	508	66.088252	0.350000	0.000000
NOTE	509	66.183807	0.860000	0.000000
NOTE	510	66.279359	0.140000	0.000000
NOTE	511	66.374914	0.910000	0.000000
NOTE	512	66.470466	0.090000	0.000000
NOTE	513	66.566021	0.910000	0.000000
NOTE	514	66.661574	0.090000	0.000000
NOTE	515	66.757127	0.860000	0.000000
NOTE	516	66.852681	0.140000	0.000000
NOTE	517	66.948235	0.750000	0.000000
NOTE	518	66.948235	0.250000	0.000000
NOTE	519	67.043788	0.670000	0.000000
NOTE	520	67.043788	0.330000	0.000000
NOTE	521	67.139342	0.710000	0.000000
NOTE	522	67.139342	0.290000	0.000000
NOTE	523	67.234894	0.630000	0.000000
NOTE	524	67.234894	0.370000	0.000000
NOTE	525	67.330449	0.330000	0.000000
NOTE	526	67.330449	0.670000	0.000000
NOTE	527	67.426001	0.590000	0.000000
NOTE	528	67.426001	0.410000	0.000000
NOTE	529	67.521557	0.370000	0.000000
NOTE	530	67.521557	0.630000	0.000000
NOTE	531	67.617108	0.550000	0.000000
NOTE	532	67.617108	0.450000	0.000000
NOTE	533	67.712664	0.500000	0.668874
NOTE	534	68.477091	0.350000	0.000000
NOTE	535	68.859306	0.900000	0.000000
NOTE	536	69.050413	0.900000	0.000000
NOTE	537	69.432626	0.090000	0.000000
NOTE	538	69.528178	0.120000	0.000000
NOTE	539	69.623733	0.150000	0.000000
NOTE	540	69.719285	0.180000	0.000000
NOTE	541	69.814841	0.210000	0.000000
NOTE	542	69.910392	0.240000	0.000000
NOTE	543	70.005948	0.770000	0.000000
NOTE	544	70.388161	0.360000	0.000000
NOTE	545	70.579268	0.360000	0.000000
NOTE	546	70.961483	0.970000	0.000000
NOTE	547	71.057034	0.940000	0.000000
NOTE	548	71.152590	0.910000	0.000000
NOTE	549	71.248142	0.880000	0.000000
NOTE	550	71.343697	0.850000	0.000000
NOTE	551	71.439249	0.820000	0.000000
NOTE	552	71.534803	0.740000	0.668874
NOTE	553	71.534803	0.100000	0.668874
NOTE	554	72.299232	0.610000	0.000000
NOTE	555	73.063659	0.250000	0.000000
NOTE	556	73.445874	0.250000	0.000000
NOTE	557	73.828087	0.750000	0.000000
NOTE	558	74.210301	0.750000	0.000000
NOTE	559	74.305853	0.710000	0.000000
NOTE	560	74.401409	0.750000	0.000000
NOTE	561	74.496960	0.710000	0.000000
NOTE	562	74.592516	0.250000	0.000000
NOTE	563	74.688068	0.250000	0.000000
NOTE	564	74.783623	0.250000	0.000000
NOTE	565	74.879175	0.250000	0.000000
NOTE	566	74.974729	0.250000	0.000000
NOTE	567	74.974729	0.610000	0.000000
NOTE	568	75.548051	0.820000	0.000000
NOTE	569	75.643602	0.820000	0.000000
NOTE	570	75.739158	0.820000	0.000000
NOTE	571	75.739158	0.080000	0.000000
NOTE	572	75.834710	0.080000	0.000000
NOTE	573	75.930265	0.080000	0.000000
NOTE	574	76.025817	0.080000	0.000000
NOTE	575	76.121371	0.630000	0.000000
NOTE	576	76.216924	0.690000	0.000000
NOTE	577	76.312478	0.630000	0.000000
NOTE	578	76.408030	0.690000	0.000000
NOTE	579	76.503585	0.350000	0.000000
NOTE	580	76.503585	0.630000	0.000000
NOTE	581	77.268013	0.220000	0.000000
NOTE	582	77.268013	0.900000	0.000000
NOTE	583	77.650227	0.080000	0.000000
NOTE	584	77.745779	0.080000	0.000000
NOTE	585	77.841335	0.080000	0.000000
NOTE	586	77.936886	0.080000	0.000000
NOTE	587	78.032442	0.080000	0.000000
NOTE	588	78.032442	0.600000	0.000000
NOTE	589	78.605762	0.900000	0.000000
NOTE	590	78.701314	0.900000	0.000000
NOTE	591	78.796869	0.220000	0.000000
NOTE	592	78.796869	0.900000	0.000000
NOTE	593	78.892421	0.220000	0.000000
NOTE	594	78.987977	0.220000	0.000000
NOTE	595	79.083528	0.220000	0.000000
NOTE	596	79.179084	0.650000	0.000000
NOTE	597	79.274636	0.710000	0.000000
NOTE	598	79.370191	0.770000	0.000000
NOTE	599	79.465743	0.710000	0.000000
NOTE	600	79.561297	0.650000	0.000000
NOTE	601	79.561297	0.080000	0.000000
NOTE	602	80.325726	0.610000	0.000000
NOTE	603	80.325726	0.310000	0.000000
NOTE	604	80.421278	0.610000	0.000000
NOTE	605	80.516833	0.310000	0.000000
NOTE	606	80.612385	0.310000	0.000000
NOTE	607	80.707938	0.750000	0.000000
NOTE	608	80.803492	0.750000	0.000000
NOTE	609	80.899045	0.750000	0.000000
NOTE	610	80.994598	0.750000	0.000000
NOTE	611	81.090153	0.750000	0.000000
NOTE	612	81.090153	0.420000	0.000000
NOTE	613	81.663473	0.180000	0.000000
NOTE	614	81.759027	0.180000	0.000000
NOTE	615	81.854580	0.180000	0.000000
NOTE	616	81.854580	0.920000	0.000000
NOTE	617	81.950134	0.920000	0.000000
NOTE	618	82.045687	0.920000	0.000000
NOTE	619	82.141240	0.920000	0.000000
NOTE	620	82.236795	0.370000	0.000000
NOTE	621	82.332347	0.310000	0.000000
NOTE	622	82.427902	0.370000	0.000000
NOTE	623	82.523454	0.310000	0.000000
NOTE	624	82.619009	0.650000	0.000000
NOTE	625	82.619009	0.370000	0.000000
NOTE	626	83.383437	0.100000	0.000000
NOTE	627	83.383437	0.770000	0.000000
NOTE	628	83.765651	0.920000	0.000000
NOTE	629	83.861204	0.920000	0.000000
NOTE	630	83.956757	0.920000	0.000000
NOTE	631	84.052311	0.920000	0.000000
NOTE	632	84.147864	0.400000	0.000000
NOTE	633	84.147864	0.920000	0.000000
NOTE	634	84.721186	0.770000	0.000000
NOTE	635	84.816738	0.770000	0.000000
NOTE	636	84.912293	0.220000	0.000000
NOTE	637	84.912293	0.770000	0.000000
NOTE	638	85.007846	0.220000	0.000000
NOTE	639	85.103399	0.220000	0.000000
NOTE	640	85.198953	0.220000	0.000000
NOTE	641	85.294507	0.100000	0.000000
NOTE	642	85.294507	0.900000	0.000000
NOTE	643	85.581166	0.020000	0.000000
NOTE	644	85.581166	0.980000	0.000000
NOTE	645	85.867829	0.860000	0.000000
NOTE	646	85.867829	0.140000	0.000000
NOTE	647	86.058936	0.690000	0.000000
NOTE	648	86.058936	0.310000	0.000000
NOTE	649	86.441149	0.630000	0.000000
NOTE	650	86.441149	0.370000	0.000000
NOTE	651	86.823363	0.190000	0.000000
NOTE	652	86.823363	0.750000	0.668874
NOTE	653	86.918915	0.110000	0.000000
NOTE	654	87.014471	0.230000	0.000000
NOTE	655	87.110022	0.150000	0.000000
NOTE	656	87.205578	0.270000	0.000000
NOTE	657	87.301130	0.190000	0.000000
NOTE	658	87.396685	0.310000	0.000000
NOTE	659	87.492237	0.230000	0.000000
NOTE	660	87.587790	0.420000	0.000000
NOTE	661	87.683344	0.500000	0.000000
NOTE	662	87.778897	0.380000	0.000000
NOTE	663	87.874450	0.460000	0.000000
NOTE	664	87.970005	0.660000	0.000000
NOTE	665	88.065557	0.580000	0.000000
NOTE	666	88.161112	0.700000	0.000000
NOTE	667	88.256664	0.620000	0.000000
NOTE	668	88.352219	0.900000	0.000000
NOTE	669	88.447772	0.820000	0.000000
NOTE	670	88.543325	0.940000	0.000000
NOTE	671	88.638879	0.860000	0.000000
NOTE	672	88.734432	0.150000	0.000000
NOTE	673	88.829986	0.070000	0.000000
NOTE	674	88.925539	0.190000	0.000000
NOTE	675	89.021092	0.110000	0.000000
NOTE	676	89.116647	0.710000	0.191107
NOTE	677	89.116647	0.310000	0.000000
NOTE	678	89.307755	0.310000	0.000000
NOTE	679	89.403306	0.310000	0.191107
NOTE	680	89.498862	0.710000	0.000000
NOTE	681	89.689969	0.710000	0.095553
NOTE	682	89.689969	0.310000	0.000000
NOTE	683	89.881075	0.170000	0.668874
NOTE	684	89.881075	0.850000	0.000000
NOTE	685	89.976628	0.930000	0.000000
NOTE	686	90.072182	0.810000	0.000000
NOTE	687	90.167734	0.890000	0.000000
NOTE	688	90.263289	0.770000	0.000000
NOTE	689	90.358841	0.850000	0.000000
NOTE	690	90.454397	0.730000	0.000000
NOTE	691	90.549948	0.810000	0.000000
NOTE	692	90.645503	0.550000	0.000000
NOTE	693	90.741056	0.630000	0.000000
NOTE	694	90.836609	0.510000	0.000000
NOTE	695	90.932163	0.590000	0.000000
NOTE	696	91.027716	0.360000	0.000000
NOTE	697	91.123270	0.280000	0.000000
NOTE	698	91.218823	0.400000	0.000000
NOTE	699	91.314376	0.320000	0.000000
NOTE	700	91.409931	0.090000	0.000000
NOTE	701	91.409931	0.780000	0.573321
NOTE	702	91.505483	0.010000	0.000000
NOTE	703	91.601038	0.130000	0.000000
NOTE	704	91.696590	0.050000	0.000000
NOTE	705	91.792145	0.170000	0.000000
NOTE	706	91.887698	0.090000	0.000000
NOTE	707	91.983251	0.210000	0.000000
NOTE	708	92.078805	0.130000	0.000000
NOTE	709	92.174358	0.750000	0.000000
NOTE	710	92.174359	0.310000	0.573321
NOTE	711	92.269912	0.670000	0.000000
NOTE	712	92.365465	0.790000	0.000000
NOTE	713	92.461018	0.710000	0.000000
NOTE	714	92.556573	0.830000	0.000000
NOTE	715	92.652125	0.750000	0.000000
NOTE	716	92.747680	0.870000	0.000000
NOTE	717	92.843232	0.790000	0.000000
NOTE	718	92.938788	0.720000	0.000000
NOTE	719	92.938788	0.280000	0.000000
NOTE	720	93.034340	0.350000	0.000000
NOTE	721	93.129895	0.280000	0.000000
NOTE	722	93.225447	0.620000	0.000000
NOTE	723	93.321001	0.690000	0.000000
NOTE	724	93.416555	0.620000	0.000000
NOTE	725	93.512108	0.280000	0.000000
NOTE	726	93.512108	0.720000	0.000000
NOTE	727	93.607662	0.210000	0.000000
NOTE	728	93.703215	0.100000	0.000000
NOTE	729	93.894323	0.100000	0.000000
NOTE	730	93.894323	0.900000	0.000000
NOTE	731	94.085430	0.100000	0.000000
NOTE	732	94.180982	0.140000	0.000000
NOTE	733	94.276537	0.180000	0.000000
NOTE	734	94.372089	0.220000	0.000000
NOTE	735	94.467644	0.300000	0.000000
NOTE	736	94.563196	0.360000	0.000000
NOTE	737	94.658750	0.420000	0.000000
NOTE	738	94.754302	0.480000	0.000000
NOTE	739	94.849857	0.420000	0.000000
NOTE	740	94.945409	0.360000	0.000000
NOTE	741	95.040964	0.420000	0.000000
NOTE	742	95.136516	0.480000	0.000000
NOTE	743	95.232072	0.660000	0.000000
NOTE	744	95.279848	0.730000	0.000000
NOTE	745	95.327624	0.970000	0.000000
NOTE	746	95.375401	0.900000	0.000000
NOTE	747	95.423179	0.690000	0.000000
NOTE	748	95.470955	0.760000	0.000000
NOTE	749	95.518731	0.940000	0.000000
NOTE	750	95.566508	0.870000	0.000000
NOTE	751	95.614286	0.720000	0.000000
NOTE	752	95.662062	0.780000	0.000000
NOTE	753	95.709838	0.840000	0.000000
NOTE	754	95.757615	0.900000	0.000000
NOTE	755	95.805392	0.850000	0.000000
NOTE	756	95.853168	0.800000	0.000000
NOTE	757	95.900944	0.750000	0.000000
NOTE	758	95.948723	0.700000	0.000000
NOTE	759	95.996499	0.340000	0.000000
NOTE	760	96.044274	0.270000	0.000000
NOTE	761	96.092050	0.030000	0.000000
NOTE	762	96.139829	0.100000	0.000000
NOTE	763	96.187606	0.310000	0.000000
NOTE	764	96.235382	0.240000	0.000000
NOTE	765	96.283158	0.060000	0.000000
NOTE	766	96.330935	0.130000	0.000000
NOTE	767	96.378713	0.280000	0.000000
NOTE	768	96.426489	0.220000	0.000000
NOTE	769	96.474265	0.160000	0.000000
NOTE	770	96.522042	0.100000	0.000000
NOTE	771	96.569820	0.150000	0.000000
NOTE	772	96.617596	0.200000	0.000000
NOTE	773	96.665372	0.250000	0.000000
NOTE	774	96.713149	0.300000	0.000000
NOTE	775	96.760928	0.550000	0.000000
NOTE	776	96.856480	0.620000	0.000000
NOTE	777	96.952034	0.620000	0.000000
NOTE	778	97.047586	0.550000	0.000000
NOTE	779	97.143141	0.450000	0.000000
NOTE	780	97.238693	0.380000	0.000000
NOTE	781	97.334248	0.380000	0.000000
NOTE	782	97.429800	0.450000	0.000000
NOTE	783	97.525356	0.500000	0.668874
NOTE	784	98.289783	0.300000	0.000000
NOTE	785	98.480890	0.300000	0.000000
NOTE	786	98.671998	0.300000	0.000000
NOTE	787	98.767550	0.730000	0.000000
NOTE	788	98.863105	0.300000	0.000000
NOTE	789	98.958657	0.730000	0.000000
NOTE	790	99.054212	0.090000	0.000000
NOTE	791	99.245318	0.180000	0.000000
NOTE	792	99.436425	0.850000	0.000000
NOTE	793	99.627532	0.940000	0.000000
NOTE	794	99.818640	0.280000	0.000000
NOTE	795	100.009747	0.280000	0.000000
NOTE	796	100.105299	0.340000	0.000000
NOTE	797	100.200854	0.690000	0.000000
NOTE	798	100.296406	0.280000	0.000000
NOTE	799	100.391960	0.690000	0.000000
NOTE	800	100.583067	0.790000	0.000000
NOTE	801	100.774174	0.880000	0.000000
NOTE	802	100.965282	0.150000	0.000000
NOTE	803	101.156389	0.060000	0.000000
NOTE	804	101.347496	0.650000	0.000000
NOTE	805	101.538602	0.590000	0.000000
NOTE	806	101.634155	0.650000	0.000000
NOTE	807	101.729709	0.300000	0.000000
NOTE	808	101.825263	0.650000	0.000000
NOTE	809	101.920816	0.300000	0.000000
NOTE	810	102.016369	0.650000	0.000000
NOTE	811	102.111924	0.090000	0.000000
NOTE	812	102.303031	0.180000	0.000000
NOTE	813	102.494138	0.860000	0.000000
NOTE	814	102.685244	0.770000	0.000000
NOTE	815	102.876351	0.340000	0.000000
NOTE	816	103.067458	0.600000	0.000000
NOTE	817	103.163010	0.340000	0.000000
NOTE	818	103.258566	0.670000	0.000000
NOTE	819	103.354117	0.270000	0.000000
NOTE	820	103.449673	0.740000	0.000000
NOTE	821	103.545225	0.200000	0.000000
NOTE	822	103.640780	0.940000	0.000000
NOTE	823	103.831886	0.850000	0.000000
NOTE	824	104.022993	0.160000	0.000000
NOTE	825	104.214100	0.070000	0.000000
NOTE	826	104.405208	0.630000	0.000000
NOTE	827	104.405208	0.310000	0.000000
NOTE	828	104.596315	0.310000	0.000000
NOTE	829	104.691867	0.250000	0.000000
NOTE	830	104.691867	0.630000	0.000000
NOTE	831	104.787422	0.190000	0.000000
NOTE	832	104.882974	0.250000	0.000000
NOTE	833	104.978528	0.630000	0.000000
NOTE	834	104.978528	0.310000	0.000000
NOTE	835	105.169634	0.890000	0.000000
NOTE	836	105.360742	0.890000	0.000000
NOTE	837	105.551849	0.420000	0.000000
NOTE	838	105.742956	0.420000	0.000000
NOTE	839	105.934062	0.750000	0.000000
NOTE	840	106.125169	0.750000	0.000000
NOTE	841	106.220723	0.690000	0.000000
NOTE	842	106.316276	0.270000	0.000000
NOTE	843	106.411829	0.750000	0.000000
NOTE	844	106.507384	0.270000	0.000000
NOTE	845	106.698492	0.140000	0.000000
NOTE	846	106.889599	0.140000	0.000000
NOTE	847	107.080706	0.890000	0.000000
NOTE	848	107.271812	0.890000	0.000000
NOTE	849	107.462918	0.350000	0.000000
NOTE	850	107.654026	0.350000	0.000000
NOTE	851	107.749577	0.410000	0.000000
NOTE	852	107.845133	0.700000	0.000000
NOTE	853	107.845134	0.350000	0.000000
NOTE	854	108.036240	0.350000	0.000000
NOTE	855	108.036241	0.700000	0.000000
NOTE	856	108.227348	0.910000	0.000000
NOTE	857	108.418454	0.820000	0.000000
NOTE	858	108.609561	0.150000	0.000000
NOTE	859	108.800668	0.150000	0.000000
NOTE	860	108.991775	0.600000	0.000000
NOTE	861	109.182882	0.600000	0.000000
NOTE	862	109.278434	0.660000	0.000000
NOTE	863	109.373988	0.400000	0.000000
NOTE	864	109.469541	0.340000	0.000000
NOTE	865	109.565095	0.600000	0.000000
NOTE	866	109.660647	0.660000	0.000000
NOTE	867	109.756203	0.080000	0.000000
NOTE	868	109.947310	0.170000	0.000000
NOTE	869	110.138418	0.820000	0.000000
NOTE	870	110.329525	0.820000	0.000000
NOTE	871	110.520630	0.370000	0.000000
NOTE	872	110.711737	0.690000	0.000000
NOTE	873	110.711738	0.370000	0.000000
NOTE	874	110.807289	0.750000	0.000000
NOTE	875	110.902844	0.370000	0.000000
NOTE	876	110.998396	0.430000	0.000000
NOTE	877	110.998399	0.690000	0.000000
NOTE	878	111.093952	0.630000	0.000000
NOTE	879	111.189505	0.690000	0.000000
NOTE	880	111.285060	0.250000	0.573321
NOTE	881	111.285060	0.780000	0.000000
NOTE	882	111.380612	0.810000	0.000000
NOTE	883	111.476167	0.840000	0.000000
NOTE	884	111.571719	0.870000	0.000000
NOTE	885	111.667274	0.780000	0.000000
NOTE	886	111.762827	0.750000	0.000000
NOTE	887	111.858380	0.720000	0.000000
NOTE	888	111.953934	0.750000	0.000000
NOTE	889	112.049486	0.170000	0.000000
NOTE	890	112.049486	0.830000	0.573321
NOTE	891	112.145041	0.200000	0.000000
NOTE	892	112.240594	0.230000	0.000000
NOTE	893	112.336147	0.200000	0.000000
NOTE	894	112.431701	0.170000	0.000000
NOTE	895	112.527254	0.140000	0.000000
NOTE	896	112.622809	0.110000	0.000000
NOTE	897	112.718361	0.140000	0.000000
NOTE	898	112.813914	0.230000	0.573321
NOTE	899	112.813914	0.770000	0.000000
NOTE	900	112.909469	0.730000	0.000000
NOTE	901	113.005022	0.690000	0.000000
NOTE	902	113.100576	0.650000	0.000000
NOTE	903	113.196128	0.770000	0.000000
NOTE	904	113.291683	0.810000	0.000000
NOTE	905	113.387236	0.770000	0.000000
NOTE	906	113.482789	0.810000	0.000000
NOTE	907	113.578344	0.190000	0.000000
NOTE	908	113.578344	0.900000	0.000000
NOTE	909	113.865003	0.900000	0.000000
NOTE	910	113.960558	0.190000	0.000000
NOTE	911	114.151664	0.900000	0.000000
NOTE	912	114.342771	0.630000	0.000000
NOTE	913	114.342771	0.370000	0.573321
NOTE	914	114.438325	0.600000	0.000000
NOTE	915	114.533878	0.570000	0.000000
NOTE	916	114.629431	0.540000	0.000000
NOTE	917	114.724986	0.630000	0.000000
NOTE	918	114.820538	0.670000	0.000000
NOTE	919	114.916093	0.710000	0.000000
NOTE	920	115.011645	0.750000	0.000000
NOTE	921	115.107200	0.830000	0.000000
NOTE	922	115.107200	0.170000	0.000000
NOTE	923	115.202753	0.130000	0.000000
NOTE	924	115.298306	0.090000	0.000000
NOTE	925	115.393859	0.830000	0.000000
NOTE	926	115.393860	0.170000	0.000000
NOTE	927	115.489413	0.870000	0.000000
NOTE	928	115.584967	0.910000	0.000000
NOTE	929	115.680520	0.830000	0.000000
NOTE	930	115.680520	0.170000	0.000000
NOTE	931	115.776073	0.130000	0.000000
NOTE	932	115.871628	0.020000	0.000000
NOTE	933	115.871628	0.980000	0.286660
NOTE	934	116.158287	0.020000	0.000000
NOTE	935	116.253842	0.020000	0.286660
NOTE	936	116.444948	0.980000	0.000000
NOTE	937	116.636054	0.720000	0.286660
NOTE	938	116.636055	0.270000	0.000000
NOTE	939	116.731609	0.330000	0.000000
NOTE	940	116.827162	0.270000	0.000000
NOTE	941	116.922715	0.330000	0.000000
NOTE	942	117.018269	0.270000	0.286660
NOTE	943	117.018270	0.720000	0.000000
NOTE	944	117.400484	0.840000	0.573321
NOTE	945	117.400484	0.160000	0.000000
NOTE	946	117.496037	0.080000	0.000000
NOTE	947	117.591590	0.160000	0.000000
NOTE	948	117.687144	0.080000	0.000000
NOTE	949	117.782697	0.120000	0.000000
NOTE	950	117.878251	0.200000	0.000000
NOTE	951	117.973804	0.120000	0.000000
NOTE	952	118.069357	0.200000	0.000000
NOTE	953	118.164911	0.290000	0.573321
NOTE	954	118.164912	0.710000	0.000000
NOTE	955	118.260464	0.630000	0.000000
NOTE	956	118.356018	0.710000	0.000000
NOTE	957	118.451571	0.630000	0.000000
NOTE	958	118.547126	0.670000	0.000000
NOTE	959	118.642679	0.750000	0.000000
NOTE	960	118.738231	0.670000	0.000000
NOTE	961	118.833786	0.750000	0.000000
NOTE	962	118.929338	0.170000	0.000000
NOTE	963	118.929339	0.830000	0.573321
NOTE	964	119.024891	0.250000	0.000000
NOTE	965	119.120446	0.250000	0.000000
NOTE	966	119.215998	0.170000	0.000000
NOTE	967	119.311553	0.210000	0.000000
NOTE	968	119.407105	0.130000	0.000000
NOTE	969	119.502660	0.130000	0.000000
NOTE	970	119.598213	0.210000	0.000000
NOTE	971	119.693768	0.350000	0.000000
NOTE	972	119.693768	0.650000	0.000000
NOTE	973	119.789321	0.730000	0.000000
NOTE	974	119.884874	0.730000	0.000000
NOTE	975	119.980427	0.450000	0.000000
NOTE	976	119.980428	0.650000	0.000000
NOTE	977	120.075981	0.690000	0.000000
NOTE	978	120.171535	0.610000	0.000000
NOTE	979	120.267088	0.350000	0.000000
NOTE	980	120.267088	0.610000	0.000000
NOTE	981	120.362641	0.690000	0.000000
NOTE	982	120.458196	0.220000	0.000000
NOTE	983	120.458196	0.780000	0.573321
NOTE	984	120.553748	0.140000	0.000000
NOTE	985	120.649303	0.220000	0.000000
NOTE	986	120.744855	0.140000	0.000000
NOTE	987	120.840410	0.180000	0.000000
NOTE	988	120.935963	0.260000	0.000000
NOTE	989	121.031516	0.180000	0.000000
NOTE	990	121.127070	0.260000	0.000000
NOTE	991	121.222623	0.670000	0.000000
NOTE	992	121.318177	0.590000	0.000000
NOTE	993	121.413730	0.590000	0.000000
NOTE	994	121.509283	0.670000	0.000000
NOTE	995	121.604838	0.330000	0.000000
NOTE	996	121.700390	0.410000	0.000000
NOTE	997	121.795945	0.410000	0.000000
NOTE	998	121.891497	0.330000	0.000000
NOTE	999	121.987052	0.720000	0.668874
NOTE	1000	121.987052	0.240000	0.000000
NOTE	1001	122.082605	0.160000	0.000000
NOTE	1002	122.178158	0.160000	0.000000
NOTE	1003	122.273712	0.240000	0.000000
NOTE	1004	122.369265	0.200000	0.000000
NOTE	1005	122.464819	0.280000	0.000000
NOTE	1006	122.560372	0.280000	0.000000
NOTE	1007	122.655925	0.200000	0.000000
NOTE	1008	122.751480	0.100000	0.286660
NOTE	1009	122.751480	0.820000	0.000000
NOTE	1010	122.847032	0.900000	0.000000
NOTE	1011	122.942587	0.820000	0.000000
NOTE	1012	123.038139	0.900000	0.000000
NOTE	1013	123.133694	0.100000	0.000000
NOTE	1014	123.229247	0.900000	0.000000
NOTE	1015	123.324800	0.100000	0.000000
NOTE	1016	123.420354	0.900000	0.000000
NOTE	1017	123.515907	0.240000	0.000000
NOTE	1018	123.515907	0.760000	0.000000
NOTE	1019	123.707014	0.240000	0.000000
NOTE	1020	123.898122	0.760000	0.000000
NOTE	1021	123.898122	0.240000	0.000000
NOTE	1022	123.993673	0.760000	0.000000
NOTE	1023	124.184781	0.760000	0.000000
NOTE	1024	124.280334	0.630000	0.000000
NOTE	1025	124.280336	0.370000	0.000000
NOTE	1026	124.471442	0.630000	0.000000
NOTE	1027	124.662548	0.630000	0.000000
NOTE	1028	124.662549	0.370000	0.000000
NOTE	1029	124.758101	0.370000	0.000000
NOTE	1030	124.949208	0.370000	0.000000
NOTE	1031	125.044763	0.170000	0.000000
NOTE	1032	125.044764	0.830000	0.000000
NOTE	1033	125.235871	0.170000	0.000000
NOTE	1034	125.426976	0.170000	0.000000
NOTE	1035	125.426978	0.830000	0.000000
NOTE	1036	125.522530	0.830000	0.000000
NOTE	1037	125.713637	0.830000	0.000000
NOTE	1038	125.809191	0.340000	0.000000
NOTE	1039	125.809191	0.660000	0.000000
NOTE	1040	125.904743	0.280000	0.000000
NOTE	1041	126.000298	0.340000	0.000000
NOTE	1042	126.191406	0.720000	0.000000
NOTE	1043	126.191406	0.280000	0.000000
NOTE	1044	126.286957	0.280000	0.000000
NOTE	1045	126.382513	0.720000	0.000000
NOTE	1046	126.478065	0.280000	0.000000
NOTE	1047	126.573618	0.840000	0.000000
NOTE	1048	126.573620	0.160000	0.000000
NOTE	1049	126.764726	0.840000	0.000000
NOTE	1050	126.955832	0.840000	0.000000
NOTE	1051	126.955833	0.160000	0.000000
NOTE	1052	127.051385	0.160000	0.000000
NOTE	1053	127.242492	0.160000	0.000000
NOTE	1054	127.338044	0.330000	0.000000
NOTE	1055	127.338048	0.670000	0.000000
NOTE	1056	127.529155	0.670000	0.000000
NOTE	1057	127.720258	0.330000	0.000000
NOTE	1058	127.720262	0.670000	0.000000
NOTE	1059	127.815813	0.330000	0.000000
NOTE	1060	127.911368	0.670000	0.000000
NOTE	1061	128.006920	0.330000	0.000000
NOTE	1062	128.102473	0.850000	0.000000
NOTE	1063	128.102475	0.150000	0.000000
NOTE	1064	128.293583	0.850000	0.000000
NOTE	1065	128.484687	0.850000	0.000000
NOTE	1066	128.484690	0.150000	0.000000
NOTE	1067	128.580241	0.150000	0.000000
NOTE	1068	128.771347	0.150000	0.000000
NOTE	1069	128.866904	0.630000	0.000000
NOTE	1070	128.962456	0.360000	0.000000
NOTE	1071	129.058010	0.630000	0.000000
NOTE	1072	129.249118	0.360000	0.000000
NOTE	1073	129.344670	0.630000	0.000000
NOTE	1074	129.440224	0.360000	0.000000
NOTE	1075	129.631331	0.740000	0.000000
NOTE	1076	129.822439	0.130000	0.000000
NOTE	1077	130.013545	0.740000	0.000000
NOTE	1078	130.013545	0.130000	0.000000
NOTE	1079	130.109098	0.130000	0.000000
NOTE	1080	130.204653	0.740000	0.000000
NOTE	1081	130.300206	0.740000	0.000000
NOTE	1082	130.395759	0.300000	0.000000
NOTE	1083	130.395759	0.910000	0.000000
NOTE	1084	130.586867	0.300000	0.000000
NOTE	1085	130.682419	0.350000	0.000000
NOTE	1086	130.777974	0.400000	0.000000
NOTE	1087	130.777974	0.910000	0.000000
NOTE	1088	130.873525	0.350000	0.000000
NOTE	1089	130.969080	0.300000	0.000000
NOTE	1090	131.160188	0.610000	0.000000
NOTE	1091	131.351294	0.170000	0.000000
NOTE	1092	131.542402	0.610000	0.000000
NOTE	1093	131.542402	0.170000	0.000000
NOTE	1094	131.637955	0.610000	0.000000
NOTE	1095	131.733508	0.170000	0.000000
NOTE	1096	131.829061	0.170000	0.000000
NOTE	1097	131.924615	0.790000	0.000000
NOTE	1098	131.924615	0.320000	0.000000
NOTE	1099	132.115723	0.790000	0.000000
NOTE	1100	132.211275	0.840000	0.000000
NOTE	1101	132.306829	0.320000	0.000000
NOTE	1102	132.306829	0.890000	0.000000
NOTE	1103	132.497937	0.320000	0.000000
NOTE	1104	132.689043	0.680000	0.000000
NOTE	1105	132.880151	0.070000	0.000000
NOTE	1106	133.071258	0.680000	0.000000
NOTE	1107	133.071258	0.070000	0.000000
NOTE	1108	133.166810	0.070000	0.000000
NOTE	1109	133.262364	0.680000	0.000000
NOTE	1110	133.357918	0.680000	0.000000
NOTE	1111	133.453472	0.820000	0.000000
NOTE	1112	133.644578	0.820000	0.000000
NOTE	1113	133.644578	0.240000	0.000000
NOTE	1114	133.740130	0.240000	0.000000
NOTE	1115	133.835686	0.820000	0.000000
NOTE	1116	133.931238	0.240000	0.000000
NOTE	1117	134.026792	0.820000	0.000000
NOTE	1118	134.122344	0.240000	0.000000
NOTE	1119	134.217899	0.370000	0.000000
NOTE	1120	134.217899	0.570000	0.000000
NOTE	1121	134.409007	0.370000	0.000000
NOTE	1122	134.600113	0.570000	0.000000
NOTE	1123	134.600113	0.370000	0.000000
NOTE	1124	134.695666	0.570000	0.000000
NOTE	1125	134.791221	0.370000	0.000000
NOTE	1126	134.886774	0.570000	0.000000
NOTE	1127	134.982327	0.100000	0.000000
NOTE	1128	135.173435	0.900000	0.000000
NOTE	1129	135.268987	0.960000	0.000000
NOTE	1130	135.364542	0.100000	0.000000
NOTE	1131	135.364542	0.900000	0.000000
NOTE	1132	135.460093	0.040000	0.000000
NOTE	1133	135.460093	0.960000	0.000000
NOTE	1134	135.555648	0.900000	0.000000
NOTE	1135	135.555648	0.100000	0.000000
LINK 323 324 
LINK 325 326 
LINK 335 336 
LINK 345 346 
LINK 349 350  351  352  353  354  355  356  357  358  359  361  362  363  364 
LINK 375 376  377 
LINK 382 383  384  385  386  387  388  389  390  391  392  393  395  396  397 
LINK 405 407  408  409 
LINK 404 406 
LINK 420 421  422  423 
LINK 424 425  426 
LINK 432 433  434  435  436  437  438  439 
LINK 440 441  442  443  444  445  446  447  448  449  450  451  452  453  454  455 
LINK 456 457  458  459  460  461  462  463 
LINK 517 519  521  523  526  527  530  531 
LINK 518 520  522  524  525  528  529  532 
LINK 9 10  11  12  13  14  15  16 
LINK 537 538  539  540  541  542 
LINK 546 547  548  549  550  551 
LINK 558 559  560  561 
LINK 651 653 
LINK 654 655 
LINK 656 657 
LINK 658 659 
LINK 660 661 
LINK 662 663 
LINK 664 665 
LINK 666 667 
LINK 668 669 
LINK 670 671 
LINK 672 673 
LINK 674 675 
LINK 684 685 
LINK 686 687 
LINK 688 689 
LINK 690 691 
LINK 692 693 
LINK 694 695 
LINK 696 697 
LINK 698 699 
LINK 700 702 
LINK 703 704 
LINK 705 706 
LINK 707 708 
LINK 709 711 
LINK 712 713 
LINK 714 715 
LINK 716 717 
LINK 720 721 
LINK 723 724 
LINK 725 727 
LINK 731 732  733  734 
LINK 735 736  737  738  739  740  741  742 
LINK 751 752  753  754  755  756  757  758 
LINK 743 744 
LINK 745 746 
LINK 747 748 
LINK 749 750 
LINK 767 768  769  770  771  772  773  774 
LINK 759 760 
LINK 761 762 
LINK 763 764 
LINK 765 766 
LINK 775 776  777  778 
LINK 779 780  781  782 
LINK 795 796 
LINK 805 806 
LINK 828 829  831  832  834 
LINK 840 841 
LINK 850 851 
LINK 863 864 
LINK 865 866 
LINK 861 862 
LINK 875 876 
LINK 872 874 
LINK 877 878  879 
LINK 882 883  884 
LINK 886 887  888 
LINK 891 892  893 
LINK 895 896  897 
LINK 900 901  902 
LINK 904 905  906 
LINK 914 915  916 
LINK 918 919  920 
LINK 923 924 
LINK 930 931 
LINK 927 928 
LINK 938 939  940  941 
LINK 946 947  948 
LINK 950 951  952 
LINK 955 956  957 
LINK 959 960  961 
LINK 964 965  966 
LINK 968 969  970 
LINK 973 974  976 
LINK 978 980  981 
LINK 984 985  986 
LINK 988 989  990 
LINK 996 997  998 
LINK 992 993  994 
LINK 1001 1002  1003 
LINK 1005 1006  1007 
LINK 1009 1010  1011  1012 
LINK 1038 1040  1041 
LINK 26 27  28  29  30  31  32  33 
LINK 1084 1085  1086  1088  1089 
LINK 1099 1100  1102 
LINK 1128 1129 
LINK 62 63 
LINK 65 66 
LINK 67 68 
LINK 71 72  73 
LINK 69 70 
LINK 74 75  76 
LINK 79 80 
LINK 83 84 
LINK 86 87 
LINK 88 90 
LINK 91 92 
LINK 125 126 
LINK 128 129 
LINK 130 131 
LINK 134 135  136 
LINK 132 133 
LINK 137 138  139 
LINK 148 149  150  151  152  153  154  155  156  157  158  159  160  161  162  163 
LINK 169 170 
LINK 179 180 
LINK 195 196 
LINK 203 204 
LINK 206 207  209 
LINK 215 216 
LINK 225 226 
LINK 236 237 
LINK 301 302 
LINK 313 314 
