VERSION 2
BPM 195.000000
PAGE_SHIFT 0.807000
PAGE_SIZE 0.615385
NOTE	0	1.693000	0.208333	0.000000
NOTE	1	1.846846	0.500000	0.000000
NOTE	2	2.000692	0.708333	0.000000
NOTE	3	2.154539	0.791667	0.000000
NOTE	4	2.731462	0.291667	0.000000
NOTE	5	2.923769	0.833333	0.000000
NOTE	6	2.923769	0.125000	0.000000
NOTE	7	3.077615	0.666667	0.000000
NOTE	8	3.385308	0.833333	0.000000
NOTE	9	3.693000	0.125000	0.000000
NOTE	10	3.846846	0.458333	0.000000
NOTE	11	4.000692	0.250000	0.000000
NOTE	12	4.154538	0.833333	0.000000
NOTE	13	4.308385	0.083333	0.000000
NOTE	14	4.462231	0.708333	0.000000
NOTE	15	4.616077	0.291667	0.000000
NOTE	16	4.923769	0.500000	0.000000
NOTE	17	5.077615	0.166667	0.000000
NOTE	18	5.231462	0.625000	0.000000
NOTE	19	5.385308	0.791667	0.000000
NOTE	20	5.385308	0.083333	0.000000
NOTE	21	5.539154	0.875000	0.000000
NOTE	22	5.846847	0.791667	0.000000
NOTE	23	6.154539	0.291667	0.000000
NOTE	24	6.308385	0.416667	0.000000
NOTE	25	6.462231	0.666667	0.000000
NOTE	26	6.616077	0.125000	0.000000
NOTE	27	6.769923	0.250000	0.000000
NOTE	28	6.923769	0.875000	0.000000
NOTE	29	7.077615	0.125000	0.000000
NOTE	30	7.077615	0.750000	0.000000
NOTE	31	7.693000	0.625000	0.000000
NOTE	32	7.846846	0.916667	0.000000
NOTE	33	7.846846	0.375000	0.000000
NOTE	34	8.000692	0.250000	0.307692
NOTE	35	8.308385	0.750000	0.000000
NOTE	36	8.385307	0.833333	0.000000
NOTE	37	8.462231	0.083333	0.000000
NOTE	38	8.616078	0.500000	0.000000
NOTE	39	8.769924	0.625000	0.000000
NOTE	40	8.923770	0.666667	0.000000
NOTE	41	9.077616	0.083333	0.000000
NOTE	42	9.116077	0.208333	0.000000
NOTE	43	9.231462	0.916667	0.000000
NOTE	44	9.385308	0.291667	0.000000
NOTE	45	9.539154	0.916667	0.000000
NOTE	46	9.539154	0.125000	0.000000
NOTE	47	9.846846	0.750000	0.000000
NOTE	48	10.000692	0.708333	0.000000
NOTE	49	10.154538	0.583333	0.000000
NOTE	50	10.308385	0.375000	0.000000
NOTE	51	10.462231	0.250000	0.000000
NOTE	52	10.539154	0.166667	0.000000
NOTE	53	10.616077	0.208333	0.000000
NOTE	54	10.769923	0.375000	0.000000
NOTE	55	10.923769	0.625000	0.000000
NOTE	56	11.077615	0.791667	0.000000
NOTE	57	11.231462	0.875000	0.000000
NOTE	58	11.385307	0.791667	0.000000
NOTE	59	11.539154	0.125000	0.000000
NOTE	60	11.693000	0.583333	0.000000
NOTE	61	11.846846	0.125000	0.000000
NOTE	62	12.000692	0.583333	0.000000
NOTE	63	12.154539	0.791667	0.000000
NOTE	64	12.308385	0.291667	0.000000
NOTE	65	12.462231	0.791667	0.000000
NOTE	66	12.769924	0.916667	0.000000
NOTE	67	12.923769	0.458333	0.000000
NOTE	68	13.077616	0.916667	0.000000
NOTE	69	13.231462	0.458333	0.000000
NOTE	70	13.385308	0.208333	0.153846
NOTE	71	13.693000	0.750000	0.000000
NOTE	72	13.846847	0.750000	0.000000
NOTE	73	14.000693	0.083333	0.000000
NOTE	74	14.154539	0.541667	0.000000
NOTE	75	14.308385	0.083333	0.000000
NOTE	76	14.462232	0.541667	0.000000
NOTE	77	14.616076	0.291667	0.000000
NOTE	78	14.769922	0.916667	0.000000
NOTE	79	14.923769	0.791667	0.153846
NOTE	80	15.231462	0.583333	0.000000
NOTE	81	15.385308	0.583333	0.000000
NOTE	82	15.539154	0.125000	0.000000
NOTE	83	15.693001	0.125000	0.000000
NOTE	84	15.846846	0.291667	0.000000
NOTE	85	15.923770	0.750000	0.000000
NOTE	86	16.000694	0.291667	0.000000
NOTE	87	16.154539	0.291667	0.000000
NOTE	88	16.308385	0.291667	0.000000
NOTE	89	16.462233	0.708333	0.000000
NOTE	90	16.616077	0.125000	0.000000
NOTE	91	16.769923	0.708333	0.000000
NOTE	92	16.923769	0.125000	0.000000
NOTE	93	17.077616	0.333333	0.000000
NOTE	94	17.231462	0.916667	0.000000
NOTE	95	17.385308	0.333333	0.000000
NOTE	96	17.693001	0.750000	0.000000
NOTE	97	17.846847	0.125000	0.000000
NOTE	98	18.000692	0.750000	0.000000
NOTE	99	18.154539	0.125000	0.000000
NOTE	100	18.308386	0.500000	0.000000
NOTE	101	18.462232	0.500000	0.000000
NOTE	102	18.616077	0.500000	0.000000
NOTE	103	18.769924	0.500000	0.000000
NOTE	104	18.923771	0.250000	0.000000
NOTE	105	19.077618	0.750000	0.000000
NOTE	106	19.231462	0.250000	0.000000
NOTE	107	19.385309	0.750000	0.000000
NOTE	108	19.539154	0.500000	0.000000
NOTE	109	19.693001	0.500000	0.000000
NOTE	110	19.846846	0.500000	0.000000
NOTE	111	20.000692	0.500000	0.000000
NOTE	112	20.154539	0.083333	0.000000
NOTE	113	20.231462	0.916667	0.000000
NOTE	114	20.308385	0.083333	0.000000
NOTE	115	20.385308	0.916667	0.000000
NOTE	116	20.462231	0.083333	0.000000
NOTE	117	20.539154	0.916667	0.000000
NOTE	118	20.616077	0.083333	0.000000
NOTE	119	20.693001	0.916667	0.000000
NOTE	120	20.769924	0.250000	0.000000
NOTE	121	20.808386	0.291667	0.000000
NOTE	122	20.846848	0.333333	0.000000
NOTE	123	20.885309	0.375000	0.000000
NOTE	124	20.923771	0.416667	0.000000
NOTE	125	20.962233	0.458333	0.000000
NOTE	126	21.000692	0.500000	0.000000
NOTE	127	21.077616	0.583333	0.153847
NOTE	128	21.385309	0.500000	0.000000
NOTE	129	21.539155	0.875000	0.000000
NOTE	130	21.693001	0.041667	0.000000
NOTE	131	21.846848	0.916667	0.000000
NOTE	132	22.000692	0.708333	0.000000
NOTE	133	22.154538	0.208333	0.000000
NOTE	134	22.308384	0.541667	0.000000
NOTE	135	22.462231	0.375000	0.000000
NOTE	136	22.616077	0.916667	0.000000
NOTE	137	22.769923	0.166667	0.000000
NOTE	138	22.923770	0.791667	0.000000
NOTE	139	23.077616	0.333333	0.000000
NOTE	140	23.231462	0.833333	0.000000
NOTE	141	23.385308	0.625000	0.000000
NOTE	142	23.539155	0.625000	0.000000
NOTE	143	23.693001	0.625000	0.000000
NOTE	144	23.846847	0.125000	0.000000
NOTE	145	24.000694	0.875000	0.000000
NOTE	146	24.154540	0.333333	0.000000
NOTE	147	24.308386	0.500000	0.000000
NOTE	148	24.462232	0.208333	0.000000
NOTE	149	24.616079	0.750000	0.000000
NOTE	150	24.769925	0.583333	0.000000
NOTE	151	24.923771	0.750000	0.000000
NOTE	152	25.077616	0.166667	0.000000
NOTE	153	25.231462	0.916667	0.000000
NOTE	154	25.385307	0.166667	0.000000
NOTE	155	25.539154	0.583333	0.000000
NOTE	156	25.693001	0.208333	0.000000
NOTE	157	25.846848	0.791667	0.000000
NOTE	158	26.000693	0.375000	0.000000
NOTE	159	26.154539	0.625000	0.000000
NOTE	160	26.308386	0.416667	0.000000
NOTE	161	26.462232	0.916667	0.000000
NOTE	162	26.616078	0.083333	0.000000
NOTE	163	26.769924	0.375000	0.000000
NOTE	164	26.923771	0.541667	0.000000
NOTE	165	27.077617	0.791667	0.000000
NOTE	166	27.231463	0.250000	0.000000
NOTE	167	27.385309	0.500000	0.000000
NOTE	168	27.539156	0.166667	0.000000
NOTE	169	27.693002	0.875000	0.000000
NOTE	170	27.846848	0.416667	0.000000
NOTE	171	28.000694	0.958333	0.000000
NOTE	172	28.154539	0.166667	0.000000
NOTE	173	28.308386	0.250000	0.000000
NOTE	174	28.462231	0.250000	0.000000
NOTE	175	28.616077	0.250000	0.000000
NOTE	176	28.769924	0.916667	0.000000
NOTE	177	28.923771	0.416667	0.000000
NOTE	178	29.077616	0.916667	0.000000
NOTE	179	29.231462	0.416667	0.000000
NOTE	180	29.385309	0.708333	0.000000
NOTE	181	29.539156	0.125000	0.000000
NOTE	182	29.693001	0.708333	0.000000
NOTE	183	29.846848	0.125000	0.000000
NOTE	184	30.000692	0.875000	0.000000
NOTE	185	30.077616	0.875000	0.000000
NOTE	186	30.154539	0.875000	0.000000
NOTE	187	30.231461	0.875000	0.000000
NOTE	188	30.308384	0.875000	0.000000
NOTE	189	30.385307	0.875000	0.000000
NOTE	190	30.462231	0.875000	0.000000
NOTE	191	30.539154	0.875000	0.000000
NOTE	192	30.616077	0.125000	0.000000
NOTE	193	30.693000	0.125000	0.000000
NOTE	194	30.769923	0.125000	0.000000
NOTE	195	30.846847	0.125000	0.000000
NOTE	196	30.923770	0.125000	0.000000
NOTE	197	31.000693	0.125000	0.000000
NOTE	198	31.077616	0.125000	0.000000
NOTE	199	31.154539	0.125000	0.000000
NOTE	200	31.231462	0.916667	0.000000
NOTE	201	31.385308	0.916667	0.000000
NOTE	202	31.693001	0.208333	0.000000
NOTE	203	31.846847	0.083333	0.000000
NOTE	204	32.154541	0.708333	0.000000
NOTE	205	32.231464	0.708333	0.000000
NOTE	206	32.308388	0.708333	0.000000
NOTE	207	32.385307	0.708333	0.000000
NOTE	208	32.462231	0.416667	0.000000
NOTE	209	32.616077	0.416667	0.000000
NOTE	210	32.923771	0.625000	0.000000
NOTE	211	33.077616	0.791667	0.000000
NOTE	212	33.385307	0.166667	0.000000
NOTE	213	33.462231	0.166667	0.000000
NOTE	214	33.539154	0.166667	0.000000
NOTE	215	33.616077	0.166667	0.000000
NOTE	216	33.693001	0.916667	0.000000
NOTE	217	33.846848	0.916667	0.000000
NOTE	218	34.154541	0.333333	0.000000
NOTE	219	34.308384	0.458333	0.000000
NOTE	220	34.616077	0.708333	0.000000
NOTE	221	34.693001	0.708333	0.000000
NOTE	222	34.769924	0.708333	0.000000
NOTE	223	34.846848	0.708333	0.000000
NOTE	224	34.923767	0.125000	0.000000
NOTE	225	35.077614	0.125000	0.000000
NOTE	226	35.385307	0.333333	0.000000
NOTE	227	35.539156	0.166667	0.000000
NOTE	228	35.846848	0.250000	0.000000
NOTE	229	35.923771	0.708333	0.000000
NOTE	230	36.000694	0.291667	0.000000
NOTE	231	36.077618	0.750000	0.000000
NOTE	232	36.154539	0.500000	0.000000
NOTE	233	36.308385	0.458333	0.000000
NOTE	234	36.462231	0.416667	0.000000
NOTE	235	36.616077	0.375000	0.000000
NOTE	236	36.769920	0.708333	0.000000
NOTE	237	36.923772	0.666667	0.000000
NOTE	238	37.077618	0.625000	0.000000
NOTE	239	37.231464	0.583333	0.000000
NOTE	240	37.385309	0.333333	0.000000
NOTE	241	37.539155	0.375000	0.000000
NOTE	242	37.693001	0.416667	0.000000
NOTE	243	37.846848	0.458333	0.000000
NOTE	244	38.000692	0.750000	0.000000
NOTE	245	38.000692	0.250000	0.000000
NOTE	246	38.154537	0.708333	0.000000
NOTE	247	38.308384	0.666667	0.000000
NOTE	248	38.462231	0.625000	0.000000
NOTE	249	38.616077	0.208333	0.000000
NOTE	250	38.769925	0.916667	0.000000
NOTE	251	38.769925	0.083333	0.000000
NOTE	252	38.923771	0.833333	0.000000
NOTE	253	38.923771	0.166667	0.000000
NOTE	254	39.077618	0.083333	0.000000
NOTE	255	39.077618	0.916667	0.000000
NOTE	256	39.231461	0.708333	0.000000
NOTE	257	39.231462	0.291667	0.000000
NOTE	258	39.385308	0.625000	0.000000
NOTE	259	39.385308	0.375000	0.000000
NOTE	260	39.539154	0.583333	0.000000
NOTE	261	39.539154	0.416667	0.000000
NOTE	262	39.693001	0.625000	0.000000
NOTE	263	39.693001	0.375000	0.000000
NOTE	264	39.846849	0.083333	0.000000
NOTE	265	39.923767	0.208333	0.000000
NOTE	266	40.000690	0.083333	0.000000
NOTE	267	40.077614	0.208333	0.000000
NOTE	268	40.154542	0.083333	0.000000
NOTE	269	40.231461	0.208333	0.000000
NOTE	270	40.308388	0.083333	0.000000
NOTE	271	40.385307	0.208333	0.000000
NOTE	272	40.462231	0.916667	0.000000
NOTE	273	40.539154	0.791667	0.000000
NOTE	274	40.616077	0.916667	0.000000
NOTE	275	40.693001	0.791667	0.000000
NOTE	276	40.769924	0.916667	0.000000
NOTE	277	40.846848	0.791667	0.000000
NOTE	278	40.923771	0.916667	0.000000
NOTE	279	41.000694	0.791667	0.000000
NOTE	280	41.077616	0.166667	0.000000
NOTE	281	41.231461	0.125000	0.000000
NOTE	282	41.385307	0.083333	0.000000
NOTE	283	41.539154	0.166667	0.000000
NOTE	284	42.154541	0.750000	0.000000
NOTE	285	42.154541	0.375000	0.000000
NOTE	286	42.308386	0.916667	0.000000
NOTE	287	42.462231	0.541667	0.000000
NOTE	288	42.769924	0.916667	0.000000
NOTE	289	42.769924	0.125000	0.000000
NOTE	290	43.077619	0.291667	0.000000
NOTE	291	43.231465	0.291667	0.000000
NOTE	292	43.385311	0.291667	0.000000
NOTE	293	43.539156	0.583333	0.000000
NOTE	294	43.693001	0.916667	0.000000
NOTE	295	43.846848	0.916667	0.000000
NOTE	296	44.000694	0.583333	0.000000
NOTE	297	44.308384	0.250000	0.000000
NOTE	298	44.462231	0.500000	0.000000
NOTE	299	44.616077	0.750000	0.000000
NOTE	300	44.769920	0.916667	0.000000
NOTE	301	44.769926	0.083333	0.000000
NOTE	302	44.923772	0.083333	0.000000
NOTE	303	45.077614	0.916667	0.000000
NOTE	304	45.231461	0.916667	0.000000
NOTE	305	45.231464	0.083333	0.000000
NOTE	306	45.539154	0.500000	0.000000
NOTE	307	45.693001	0.500000	0.000000
NOTE	308	45.846848	0.500000	0.000000
NOTE	309	46.000692	0.208333	0.000000
NOTE	310	46.154538	0.750000	0.000000
NOTE	311	46.308385	0.083333	0.000000
NOTE	312	46.308385	0.833333	0.000000
NOTE	313	46.462231	0.208333	0.000000
NOTE	314	46.462231	0.750000	0.000000
NOTE	315	46.616077	0.416667	0.000000
NOTE	316	46.769924	0.500000	0.000000
NOTE	317	46.923771	0.250000	0.000000
NOTE	318	47.077618	0.333333	0.000000
NOTE	319	47.231461	0.708333	0.000000
NOTE	320	47.385308	0.125000	0.000000
NOTE	321	47.539154	0.833333	0.000000
NOTE	322	47.693001	0.125000	0.000000
NOTE	323	47.769924	0.833333	0.000000
NOTE	324	47.846844	0.375000	0.000000
NOTE	325	48.000690	0.291667	0.000000
NOTE	326	48.154537	0.375000	0.000000
NOTE	327	48.308384	0.666667	0.000000
NOTE	328	48.462231	0.500000	0.000000
NOTE	329	48.616077	0.791667	0.000000
NOTE	330	48.616077	0.208333	0.000000
NOTE	331	48.769925	0.916667	0.000000
NOTE	332	48.769925	0.083333	0.000000
NOTE	333	48.923771	0.916667	0.000000
NOTE	334	48.923771	0.083333	0.000000
NOTE	335	49.231461	0.583333	0.000000
NOTE	336	49.231461	0.416667	0.000000
NOTE	337	49.385307	0.333333	0.000000
NOTE	338	49.385307	0.666667	0.000000
NOTE	339	49.539154	0.750000	0.000000
NOTE	340	49.539154	0.250000	0.000000
NOTE	341	49.693003	0.500000	0.000000
NOTE	342	49.846848	0.500000	0.000000
NOTE	343	49.923771	0.500000	0.000000
NOTE	344	50.000694	0.500000	0.000000
NOTE	345	50.077618	0.500000	0.000000
NOTE	346	50.154541	0.500000	0.000000
NOTE	347	50.308386	0.333333	0.000000
NOTE	348	50.462232	0.666667	0.000000
NOTE	349	50.616078	0.333333	0.000000
NOTE	350	50.769924	0.666667	0.000000
NOTE	351	50.923767	0.500000	0.000000
NOTE	352	51.077619	0.875000	0.000000
NOTE	353	51.231461	0.500000	0.000000
NOTE	354	51.385311	0.875000	0.000000
NOTE	355	51.539156	0.708333	0.461541
NOTE	356	51.962234	0.166667	0.000000
NOTE	357	52.154539	0.416667	0.461543
NOTE	358	52.308385	0.916667	0.000000
NOTE	359	52.616077	0.916667	0.000000
NOTE	360	52.769926	0.750000	0.461540
NOTE	361	52.923772	0.125000	0.000000
NOTE	362	53.077614	0.208333	0.000000
NOTE	363	53.231464	0.125000	0.000000
NOTE	364	53.385307	0.791667	0.000000
NOTE	365	53.539154	0.625000	0.000000
NOTE	366	53.693001	0.458333	0.000000
NOTE	367	53.846848	0.291667	0.000000
NOTE	368	54.000696	0.125000	0.153847
NOTE	369	54.154542	0.791667	0.000000
NOTE	370	54.308388	0.791667	0.153846
NOTE	371	54.462234	0.125000	0.000000
NOTE	372	54.616079	0.916667	0.000000
NOTE	373	54.616079	0.291667	0.461541
NOTE	374	54.769925	0.625000	0.000000
NOTE	375	55.077618	0.625000	0.000000
NOTE	376	55.385308	0.916667	0.000000
NOTE	377	55.539154	0.125000	0.000000
NOTE	378	55.693001	0.750000	0.000000
NOTE	379	55.846849	0.333333	0.000000
NOTE	380	56.000690	0.375000	0.000000
NOTE	381	56.154537	0.291667	0.000000
NOTE	382	56.308384	0.333333	0.000000
NOTE	383	56.308388	0.875000	0.000000
NOTE	384	56.462231	0.083333	0.000000
NOTE	385	56.616079	0.666667	0.000000
NOTE	386	56.769925	0.083333	0.000000
NOTE	387	56.923771	0.666667	0.000000
NOTE	388	57.077619	0.875000	0.000000
NOTE	389	57.077619	0.333333	0.000000
NOTE	390	57.231466	0.916667	0.000000
NOTE	391	57.385312	0.833333	0.000000
NOTE	392	57.539158	0.875000	0.000000
NOTE	393	57.616077	0.333333	0.000000
NOTE	394	57.693003	0.708333	0.000000
NOTE	395	57.846849	0.541667	0.000000
NOTE	396	58.000695	0.375000	0.000000
NOTE	397	58.154541	0.208333	0.000000
NOTE	398	58.308384	0.291667	0.000000
NOTE	399	58.462231	0.500000	0.000000
NOTE	400	58.616077	0.666667	0.000000
NOTE	401	58.769924	0.833333	0.000000
NOTE	402	59.077614	0.583333	0.000000
NOTE	403	59.231461	0.416667	0.000000
NOTE	404	59.385307	0.250000	0.000000
NOTE	405	59.539156	0.083333	0.000000
NOTE	406	59.693002	0.083333	0.000000
NOTE	407	59.846848	0.083333	0.000000
NOTE	408	60.000694	0.083333	0.000000
NOTE	409	60.154537	0.916667	0.000000
NOTE	410	60.308384	0.916667	0.000000
NOTE	411	60.462231	0.916667	0.000000
NOTE	412	60.616077	0.916667	0.000000
NOTE	413	60.769920	0.291667	0.461544
NOTE	414	62.000696	0.750000	0.461540
NOTE	415	63.231462	0.625000	0.461543
NOTE	416	64.462236	0.166667	0.461538
NOTE	417	65.693003	0.333333	0.461541
NOTE	418	66.923769	0.875000	0.461544
NOTE	419	68.154543	0.708333	0.461539
NOTE	420	69.385309	0.583333	0.461542
NOTE	421	69.385309	0.416667	0.461542
NOTE	422	70.154541	0.125000	0.000000
NOTE	423	70.308388	0.875000	0.000000
NOTE	424	70.462234	0.125000	0.000000
NOTE	425	70.616083	0.291667	0.000000
NOTE	426	70.769929	0.666667	0.000000
NOTE	427	70.923775	0.750000	0.000000
NOTE	428	71.231462	0.125000	0.000000
NOTE	429	71.385308	0.250000	0.000000
NOTE	430	71.539155	0.125000	0.000000
NOTE	431	71.693001	0.500000	0.000000
NOTE	432	71.693001	0.916667	0.000000
NOTE	433	72.000695	0.291667	0.000000
NOTE	434	72.154541	0.958333	0.000000
NOTE	435	72.154542	0.625000	0.000000
NOTE	436	72.308388	0.541667	0.000000
NOTE	437	72.462236	0.791667	0.000000
NOTE	438	72.616082	0.125000	0.000000
NOTE	439	72.769929	0.791667	0.000000
NOTE	440	72.923775	0.125000	0.000000
NOTE	441	73.077614	0.791667	0.000000
NOTE	442	73.385307	0.541667	0.000000
NOTE	443	73.693001	0.250000	0.000000
NOTE	444	73.693003	0.916667	0.000000
NOTE	445	73.846848	0.375000	0.000000
NOTE	446	74.000695	0.750000	0.000000
NOTE	447	74.154541	0.625000	0.000000
NOTE	448	74.154541	0.125000	0.000000
NOTE	449	74.308390	0.333333	0.000000
NOTE	450	74.462236	0.916667	0.000000
NOTE	451	74.616082	0.500000	0.000000
NOTE	452	74.616082	0.916667	0.000000
NOTE	453	74.769920	0.125000	0.000000
NOTE	454	74.923767	0.666667	0.000000
NOTE	455	75.077615	0.791667	0.000000
NOTE	456	75.231461	0.291667	0.000000
NOTE	457	75.385307	0.791667	0.000000
NOTE	458	75.462227	0.791667	0.000000
NOTE	459	75.539154	0.208333	0.000000
NOTE	460	75.846848	0.708333	0.000000
NOTE	461	76.000694	0.083333	0.000000
NOTE	462	76.077614	0.708333	0.000000
NOTE	463	76.154541	0.291667	0.000000
NOTE	464	76.308388	0.416667	0.000000
NOTE	465	76.462234	0.916667	0.000000
NOTE	466	76.616081	0.125000	0.000000
NOTE	467	76.769930	0.583333	0.000000
NOTE	468	76.923767	0.500000	0.000000
NOTE	469	77.077614	0.583333	0.000000
NOTE	470	77.231461	0.208333	0.000000
NOTE	471	77.308380	0.125000	0.000000
NOTE	472	77.385309	0.875000	0.000000
NOTE	473	77.539155	0.375000	0.000000
NOTE	474	77.693001	0.291667	0.000000
NOTE	475	77.846848	0.375000	0.000000
NOTE	476	78.000696	0.125000	0.000000
NOTE	477	78.308388	0.833333	0.000000
NOTE	478	78.462234	0.833333	0.000000
NOTE	479	78.539154	0.833333	0.000000
NOTE	480	78.616074	0.166667	0.000000
NOTE	481	78.769920	0.291667	0.000000
NOTE	482	78.923767	0.375000	0.000000
NOTE	483	79.077614	0.416667	0.000000
NOTE	484	79.077621	0.083333	0.000000
NOTE	485	79.231462	0.250000	0.000000
NOTE	486	79.385308	0.708333	0.000000
NOTE	487	79.539155	0.833333	0.000000
NOTE	488	79.693001	0.958333	0.000000
NOTE	489	79.846849	0.708333	0.000000
NOTE	490	80.000695	0.166667	0.000000
NOTE	491	80.154541	0.291667	0.000000
NOTE	492	80.308388	0.125000	0.000000
NOTE	493	80.462227	0.458333	0.000000
NOTE	494	80.616082	0.875000	0.000000
NOTE	495	80.769920	0.458333	0.000000
NOTE	496	80.923775	0.875000	0.000000
NOTE	497	81.077616	0.708333	0.000000
NOTE	498	81.231462	0.166667	0.000000
NOTE	499	81.385308	0.708333	0.000000
NOTE	500	81.539154	0.166667	0.000000
NOTE	501	81.693003	0.333333	0.000000
NOTE	502	81.846849	0.875000	0.000000
NOTE	503	82.000695	0.333333	0.000000
NOTE	504	82.154541	0.875000	0.000000
NOTE	505	82.308390	0.708333	0.000000
NOTE	506	82.462236	0.125000	0.000000
NOTE	507	82.616082	0.708333	0.000000
NOTE	508	82.769928	0.125000	0.000000
NOTE	509	82.846840	0.708333	0.000000
NOTE	510	82.923767	0.291667	0.000000
NOTE	511	83.077614	0.916667	0.000000
NOTE	512	83.231461	0.875000	0.000000
NOTE	513	83.385307	0.750000	0.000000
NOTE	514	83.539156	0.125000	0.000000
NOTE	515	83.693001	0.041667	0.000000
NOTE	516	83.846848	0.083333	0.000000
NOTE	517	84.000694	0.250000	0.000000
NOTE	518	84.154541	0.458333	0.000000
NOTE	519	84.308389	0.875000	0.000000
NOTE	520	84.462234	0.458333	0.000000
NOTE	521	84.616081	0.875000	0.000000
NOTE	522	84.693004	0.875000	0.000000
NOTE	523	84.769930	0.250000	0.000000
NOTE	524	84.923776	0.708333	0.000000
NOTE	525	85.077622	0.250000	0.000000
NOTE	526	85.231468	0.708333	0.000000
NOTE	527	85.385309	0.083333	0.000000
NOTE	528	85.539154	0.083333	0.000000
NOTE	529	85.693001	0.083333	0.000000
NOTE	530	85.846848	0.916667	0.000000
NOTE	531	85.846848	0.083333	0.000000
NOTE	532	86.000696	0.250000	0.000000
NOTE	533	86.154542	0.250000	0.000000
NOTE	534	86.308388	0.791667	0.000000
NOTE	535	86.308388	0.250000	0.000000
NOTE	536	86.462234	0.250000	0.000000
NOTE	537	86.616083	0.375000	0.000000
NOTE	538	86.769920	0.625000	0.000000
NOTE	539	86.923767	0.375000	0.000000
NOTE	540	87.077614	0.625000	0.000000
NOTE	541	87.231461	0.750000	0.000000
NOTE	542	87.231461	0.250000	0.000000
NOTE	543	87.539154	0.958333	0.000000
NOTE	544	87.539154	0.041667	0.000000
NOTE	545	87.846848	0.666667	0.000000
NOTE	546	88.000694	0.666667	0.000000
NOTE	547	88.154541	0.666667	0.000000
NOTE	548	88.308388	0.666667	0.000000
NOTE	549	88.462227	0.416667	0.000000
NOTE	550	88.616074	0.416667	0.000000
NOTE	551	88.769920	0.416667	0.000000
NOTE	552	88.923767	0.416667	0.000000
NOTE	553	89.077614	0.708333	0.461544
NOTE	554	89.077614	0.250000	0.461544
NOTE	555	89.693001	0.208333	0.000000
NOTE	556	89.769928	0.291667	0.000000
NOTE	557	89.846848	0.375000	0.000000
NOTE	558	89.923775	0.458333	0.000000
NOTE	559	90.000694	0.541667	0.000000
NOTE	560	90.077621	0.625000	0.000000
NOTE	561	90.154541	0.708333	0.000000
NOTE	562	90.231461	0.791667	0.000000
NOTE	563	90.308390	0.125000	0.000000
NOTE	564	90.462236	0.125000	0.000000
NOTE	565	90.616082	0.125000	0.000000
NOTE	566	90.769928	0.125000	0.000000
NOTE	567	91.385315	0.875000	0.000000
NOTE	568	91.539156	0.125000	0.000000
NOTE	569	91.646233	0.401945	0.000000
NOTE	570	91.693748	0.526391	0.000000
NOTE	571	91.746284	0.617361	0.000000
NOTE	572	91.795052	0.693058	0.000000
NOTE	573	91.853889	0.736689	0.000000
NOTE	574	91.898872	0.762946	0.000000
NOTE	575	91.952675	0.767015	0.000000
NOTE	576	92.009506	0.737163	0.000000
NOTE	577	92.057747	0.670459	0.000000
NOTE	578	92.099190	0.590805	0.000000
NOTE	579	92.154543	0.500000	0.000000
NOTE	580	92.193004	0.500000	0.000000
NOTE	581	92.231466	0.500000	0.000000
NOTE	582	92.269927	0.500000	0.000000
NOTE	583	92.423774	0.125000	0.000000
NOTE	584	92.423775	0.875000	0.000000
NOTE	585	92.769920	0.750000	0.000000
NOTE	586	92.769930	0.250000	0.000000
NOTE	587	92.923776	0.750000	0.000000
NOTE	588	93.077622	0.250000	0.000000
NOTE	589	93.231468	0.750000	0.000000
NOTE	590	93.385309	0.916667	0.000000
NOTE	591	93.539155	0.500000	0.000000
NOTE	592	93.693001	0.416667	0.000000
NOTE	593	93.693001	0.916667	0.000000
NOTE	594	93.846848	0.500000	0.000000
NOTE	595	94.000694	0.666667	0.000000
NOTE	596	94.154541	0.791667	0.000000
NOTE	597	94.154542	0.250000	0.000000
NOTE	598	94.308388	0.250000	0.000000
NOTE	599	94.462234	0.791667	0.000000
NOTE	600	94.462234	0.250000	0.000000
NOTE	601	94.616074	0.083333	0.153846
NOTE	602	94.923767	0.916667	0.153853
NOTE	603	95.231461	0.750000	0.000000
NOTE	604	95.231462	0.166667	0.000000
NOTE	605	95.385308	0.333333	0.000000
NOTE	606	95.539155	0.500000	0.000000
NOTE	607	95.693001	0.750000	0.000000
NOTE	608	95.846849	0.625000	0.000000
NOTE	609	96.000695	0.208333	0.000000
NOTE	610	96.154542	0.625000	0.000000
NOTE	611	96.308388	0.833333	0.000000
NOTE	612	96.308388	0.083333	0.000000
NOTE	613	96.462236	0.625000	0.000000
NOTE	614	96.616082	0.375000	0.000000
NOTE	615	96.769920	0.833333	0.000000
NOTE	616	96.923767	0.125000	0.000000
NOTE	617	97.000687	0.208333	0.000000
NOTE	618	97.077616	0.666667	0.000000
NOTE	619	97.231462	0.458333	0.000000
NOTE	620	97.385308	0.541667	0.000000
NOTE	621	97.539154	0.625000	0.000000
NOTE	622	97.693003	0.916667	0.000000
NOTE	623	97.693003	0.375000	0.000000
NOTE	624	97.846849	0.291667	0.000000
NOTE	625	98.000694	0.208333	0.000000
NOTE	626	98.154541	0.125000	0.000000
NOTE	627	98.154541	0.750000	0.000000
NOTE	628	98.462236	0.583333	0.000000
NOTE	629	98.616082	0.500000	0.000000
NOTE	630	98.769928	0.416667	0.000000
NOTE	631	98.769928	0.875000	0.000000
NOTE	632	98.923776	0.166667	0.000000
NOTE	633	99.077614	0.708333	0.000000
NOTE	634	99.154546	0.166667	0.000000
NOTE	635	99.231461	0.708333	0.000000
NOTE	636	99.385307	0.708333	0.000000
NOTE	637	99.539154	0.416667	0.000000
NOTE	638	99.693001	0.583333	0.000000
NOTE	639	99.846848	0.416667	0.000000
NOTE	640	100.000694	0.583333	0.000000
NOTE	641	100.154543	0.750000	0.461541
NOTE	642	100.308389	0.291667	0.000000
NOTE	643	100.462234	0.291667	0.000000
NOTE	644	100.616081	0.291667	0.000000
NOTE	645	100.769930	0.125000	0.461538
NOTE	646	101.231468	0.583333	0.000000
NOTE	647	101.385309	0.333333	0.000000
NOTE	648	101.385309	0.750000	0.461544
NOTE	649	101.539154	0.250000	0.000000
NOTE	650	101.846848	0.333333	0.000000
NOTE	651	102.154541	0.916667	0.000000
NOTE	652	102.308388	0.125000	0.000000
NOTE	653	102.462234	0.125000	0.000000
NOTE	654	102.616083	0.291667	0.461539
NOTE	655	102.769920	0.666667	0.000000
NOTE	656	102.923767	0.750000	0.000000
NOTE	657	103.077614	0.666667	0.000000
NOTE	658	103.231461	0.500000	0.461544
NOTE	659	103.385308	0.125000	0.000000
NOTE	660	103.539155	0.041667	0.000000
NOTE	661	103.693001	0.125000	0.000000
NOTE	662	103.846849	0.791667	0.000000
NOTE	663	103.846849	0.250000	0.000000
NOTE	664	104.000695	0.875000	0.000000
NOTE	665	104.154542	0.875000	0.000000
NOTE	666	104.308388	0.250000	0.000000
NOTE	667	104.308388	0.791667	0.000000
NOTE	668	104.616082	0.375000	0.000000
NOTE	669	104.769920	0.625000	0.000000
NOTE	670	104.923775	0.375000	0.000000
NOTE	671	105.077614	0.125000	0.000000
NOTE	672	105.077614	0.875000	0.000000
NOTE	673	105.231461	0.083333	0.000000
NOTE	674	105.231461	0.916667	0.000000
NOTE	675	105.385307	0.166667	0.000000
NOTE	676	105.385307	0.833333	0.000000
NOTE	677	105.539154	0.875000	0.000000
NOTE	678	105.539154	0.125000	0.000000
NOTE	679	106.154541	0.416667	0.000000
NOTE	680	106.154541	0.583333	0.000000
NOTE	681	106.308390	0.750000	0.000000
NOTE	682	106.308390	0.250000	0.000000
NOTE	683	106.462236	0.875000	0.000000
NOTE	684	106.462236	0.125000	0.000000
NOTE	685	106.769928	0.166667	0.000000
NOTE	686	106.846840	0.791667	0.000000
NOTE	687	106.923776	0.333333	0.000000
NOTE	688	107.077623	0.500000	0.000000
NOTE	689	107.231461	0.666667	0.000000
NOTE	690	107.385315	0.500000	0.000000
NOTE	691	107.539156	0.083333	0.000000
NOTE	692	107.577614	0.166667	0.000000
NOTE	693	107.616081	0.250000	0.000000
NOTE	694	107.693002	0.916667	0.000000
NOTE	695	107.731464	0.833333	0.000000
NOTE	696	107.769928	0.750000	0.000000
NOTE	697	107.846848	0.083333	0.000000
NOTE	698	107.885307	0.166667	0.000000
NOTE	699	107.923775	0.250000	0.000000
NOTE	700	108.000694	0.916667	0.000000
NOTE	701	108.039154	0.833333	0.000000
NOTE	702	108.077614	0.750000	0.000000
NOTE	703	108.154543	0.500000	0.000000
NOTE	704	108.308389	0.500000	0.000000
NOTE	705	108.462234	0.500000	0.000000
NOTE	706	108.616081	0.500000	0.000000
NOTE	707	108.769920	0.125000	0.000000
NOTE	708	108.923776	0.875000	0.000000
NOTE	709	109.000699	0.125000	0.000000
NOTE	710	109.077622	0.875000	0.000000
NOTE	711	109.231461	0.875000	0.000000
NOTE	712	109.385309	0.250000	0.000000
NOTE	713	109.539154	0.416667	0.000000
NOTE	714	109.693001	0.583333	0.000000
NOTE	715	109.846848	0.750000	0.000000
NOTE	716	110.000696	0.958333	0.000000
NOTE	717	110.000696	0.458333	0.000000
NOTE	718	110.462234	0.166667	0.000000
NOTE	719	110.616083	0.833333	0.000000
NOTE	720	110.769929	0.416667	0.000000
NOTE	721	110.923775	0.666667	0.000000
NOTE	722	111.077621	0.250000	0.000000
NOTE	723	111.231461	0.458333	0.000000
NOTE	724	111.385308	0.083333	0.000000
NOTE	725	111.539154	0.541667	0.000000
NOTE	726	111.693001	0.166667	0.000000
NOTE	727	111.846849	0.416667	0.000000
NOTE	728	112.000695	0.708333	0.000000
NOTE	729	112.077621	0.791667	0.000000
NOTE	730	112.154541	0.875000	0.000000
NOTE	731	112.231468	0.958333	0.000000
NOTE	732	112.308388	0.875000	0.000000
NOTE	733	112.385307	0.791667	0.000000
NOTE	734	112.462236	0.208333	0.000000
NOTE	735	112.769929	0.583333	0.000000
NOTE	736	112.923767	0.208333	0.000000
NOTE	737	113.000687	0.291667	0.000000
NOTE	738	113.077623	0.416667	0.000000
NOTE	739	113.231469	0.875000	0.000000
NOTE	740	113.385307	0.333333	0.000000
NOTE	741	113.539162	0.791667	0.000000
NOTE	742	113.693003	0.541667	0.000000
NOTE	743	113.846849	0.541667	0.000000
NOTE	744	114.000695	0.166667	0.000000
NOTE	745	114.154541	0.166667	0.000000
NOTE	746	114.308380	0.958333	0.000000
NOTE	747	114.385307	0.833333	0.000000
NOTE	748	114.462227	0.708333	0.000000
NOTE	749	114.539154	0.583333	0.000000
NOTE	750	114.616074	0.458333	0.000000
NOTE	751	114.693001	0.333333	0.000000
NOTE	752	114.769920	0.208333	0.000000
NOTE	753	114.846840	0.083333	0.000000
NOTE	754	114.923767	0.833333	0.153846
NOTE	755	115.385315	0.166667	0.000000
NOTE	756	115.846848	0.375000	0.153850
NOTE	757	116.154543	0.583333	0.000000
NOTE	758	116.231468	0.375000	0.000000
NOTE	759	116.308388	0.166667	0.000000
NOTE	760	116.385315	0.083333	0.000000
NOTE	761	116.462234	0.041667	0.000000
NOTE	762	116.539162	0.083333	0.000000
NOTE	763	116.616081	0.208333	0.000000
NOTE	764	116.693001	0.375000	0.000000
NOTE	765	116.769930	0.625000	0.000000
NOTE	766	116.923776	0.625000	0.000000
NOTE	767	117.077622	0.625000	0.000000
NOTE	768	117.231468	0.625000	0.000000
NOTE	769	117.385309	0.083333	0.000000
NOTE	770	117.539155	0.208333	0.000000
NOTE	771	117.693001	0.333333	0.000000
NOTE	772	117.846848	0.083333	0.000000
NOTE	773	117.846848	0.458333	0.000000
NOTE	774	118.000694	0.833333	0.000000
NOTE	775	118.154541	0.708333	0.000000
NOTE	776	118.308388	0.583333	0.000000
NOTE	777	118.462234	0.500000	0.000000
NOTE	778	118.539154	0.375000	0.000000
NOTE	779	118.616074	0.250000	0.000000
NOTE	780	118.769920	0.083333	0.000000
NOTE	781	118.923767	0.083333	0.000000
NOTE	782	119.077614	0.208333	0.000000
NOTE	783	119.231462	0.333333	0.000000
NOTE	784	119.308388	0.458333	0.000000
NOTE	785	119.385307	0.583333	0.000000
NOTE	786	119.462234	0.708333	0.000000
NOTE	787	119.539155	0.333333	0.000000
NOTE	788	119.616081	0.458333	0.000000
NOTE	789	119.693001	0.583333	0.000000
NOTE	790	119.769920	0.708333	0.000000
NOTE	791	119.846849	0.875000	0.461542
NOTE	792	120.308388	0.125000	0.000000
NOTE	793	120.462236	0.333333	0.461540
NOTE	794	120.769920	0.583333	0.000000
NOTE	795	120.923775	0.666667	0.000000
NOTE	796	121.077623	0.083333	0.000000
NOTE	797	121.231469	0.166667	0.000000
NOTE	798	121.231469	0.875000	0.000000
NOTE	799	121.385316	0.208333	0.000000
NOTE	800	121.385316	0.916667	0.000000
NOTE	801	121.539162	0.125000	0.000000
NOTE	802	121.539162	0.833333	0.000000
NOTE	803	121.693001	0.666667	0.000000
NOTE	804	121.693003	0.291667	0.000000
NOTE	805	121.846849	0.375000	0.000000
NOTE	806	122.000694	0.458333	0.000000
NOTE	807	122.077621	0.541667	0.000000
NOTE	808	122.154541	0.625000	0.000000
NOTE	809	122.231461	0.708333	0.000000
NOTE	810	122.308390	0.916667	0.000000
NOTE	811	122.308390	0.083333	0.000000
NOTE	812	122.462236	0.208333	0.000000
NOTE	813	122.616082	0.916667	0.000000
NOTE	814	122.616082	0.083333	0.000000
NOTE	815	122.769928	0.208333	0.000000
NOTE	816	122.923767	0.666667	0.000000
NOTE	817	122.923767	0.333333	0.000000
NOTE	818	123.077623	0.500000	0.000000
NOTE	819	123.231469	0.500000	0.000000
NOTE	820	123.385307	0.500000	0.000000
NOTE	821	123.539154	0.916667	0.000000
NOTE	822	123.693001	0.083333	0.000000
NOTE	823	123.693001	0.916667	0.000000
NOTE	824	123.846848	0.916667	0.000000
NOTE	825	124.000694	0.916667	0.000000
NOTE	826	124.000694	0.083333	0.000000
NOTE	827	124.154541	0.333333	0.000000
NOTE	828	124.308388	0.708333	0.000000
NOTE	829	124.462234	0.708333	0.000000
NOTE	830	124.539162	0.583333	0.000000
NOTE	831	124.616081	0.458333	0.000000
NOTE	832	124.693001	0.333333	0.000000
NOTE	833	124.769930	0.875000	0.000000
NOTE	834	124.923776	0.125000	0.000000
NOTE	835	125.077614	0.875000	0.000000
NOTE	836	125.154541	0.791667	0.000000
NOTE	837	125.231461	0.708333	0.000000
NOTE	838	125.308380	0.625000	0.000000
NOTE	839	125.385307	0.208333	0.000000
NOTE	840	125.539155	0.375000	0.000000
NOTE	841	125.693001	0.541667	0.000000
NOTE	842	125.846848	0.708333	0.000000
NOTE	843	126.000696	0.125000	0.000000
NOTE	844	126.154541	0.125000	0.000000
NOTE	845	126.231468	0.125000	0.000000
NOTE	846	126.308388	0.166667	0.000000
NOTE	847	126.385315	0.250000	0.000000
NOTE	848	126.462234	0.375000	0.000000
NOTE	849	126.539154	0.500000	0.000000
NOTE	850	126.616083	0.666667	0.000000
NOTE	851	126.769920	0.708333	0.000000
NOTE	852	126.923767	0.625000	0.000000
NOTE	853	127.077621	0.666667	0.000000
NOTE	854	127.231470	0.083333	0.000000
NOTE	855	127.308380	0.250000	0.000000
NOTE	856	127.385307	0.083333	0.000000
NOTE	857	127.462234	0.250000	0.000000
NOTE	858	127.539146	0.083333	0.000000
NOTE	859	127.693001	0.416667	0.000000
NOTE	860	127.769920	0.583333	0.000000
NOTE	861	127.846840	0.750000	0.000000
NOTE	862	127.923767	0.916667	0.000000
NOTE	863	128.000695	0.750000	0.000000
NOTE	864	128.077606	0.916667	0.000000
NOTE	865	128.154541	0.750000	0.000000
NOTE	866	128.231461	0.583333	0.000000
NOTE	867	128.308380	0.416667	0.000000
NOTE	868	128.385300	0.250000	0.000000
NOTE	869	128.465988	0.041667	0.000000
NOTE	870	128.568558	0.166667	0.000000
NOTE	871	128.671127	0.291667	0.000000
NOTE	872	128.773682	0.041667	0.000000
NOTE	873	128.876251	0.166667	0.000000
NOTE	874	128.978806	0.291667	0.000000
NOTE	875	129.077616	0.458333	0.000000
NOTE	876	129.154541	0.583333	0.000000
NOTE	877	129.231461	0.708333	0.000000
NOTE	878	129.308380	0.833333	0.000000
NOTE	879	129.385315	0.708333	0.000000
NOTE	880	129.462234	0.583333	0.000000
NOTE	881	129.539154	0.458333	0.000000
NOTE	882	129.616074	0.333333	0.000000
NOTE	883	129.692993	0.166667	0.461543
LINK 35 36
LINK 41 42
LINK 51 52 53
LINK 55 56 57 58
LINK 102 103
LINK 120 121 122 123 124 125 126
LINK 184 185 186 187 188 189 190 191
LINK 192 193 194 195 196 197 198 199
LINK 204 205 206 207
LINK 212 213 214 215
LINK 220 221 222 223
LINK 264 265 266 267 268 269 270 271
LINK 272 273 274 275 276 277 278 279
LINK 343 344 345 346
LINK 470 471
LINK 478 479
LINK 555 556 557 558 559 560 561 562
LINK 569 570 571 572 573 574 575 576 577 578
LINK 579 580 581 582
LINK 616 617
LINK 692 693
LINK 695 696
LINK 698 699
LINK 701 702
LINK 728 729 730 731 732 733
LINK 736 737
LINK 746 747 748 749 750 751 752 753
LINK 757 758 759 760 761 762 763 764
LINK 777 778
LINK 779 780 781 782
LINK 783 784 785 786
LINK 787 788 789 790
LINK 806 807 808 809
LINK 829 830 831 832
LINK 835 836 837 838
LINK 844 845 846 847 848 849
LINK 854 855 856 857 858
LINK 859 860
LINK 861 862 863 864 865 866 867 868
LINK 869 870 871
LINK 872 873 874
LINK 875 876 877 878 879 880 881 882
