VERSION 2
BPM 195.000000
PAGE_SHIFT 0.807000
PAGE_SIZE 0.615385
NOTE	0	1.693000	0.208333	0.000000
NOTE	1	1.846846	0.500000	0.000000
NOTE	2	2.000692	0.708333	0.000000
NOTE	3	2.154539	0.791667	0.000000
NOTE	4	2.731462	0.291667	0.000000
NOTE	5	2.923769	0.833333	0.000000
NOTE	6	2.923769	0.125000	0.000000
NOTE	7	3.077615	0.666667	0.000000
NOTE	8	3.385308	0.833333	0.000000
NOTE	9	3.693000	0.125000	0.000000
NOTE	10	3.846846	0.458333	0.000000
NOTE	11	4.000692	0.250000	0.000000
NOTE	12	4.154539	0.875000	0.000000
NOTE	13	4.193000	0.750000	0.000000
NOTE	14	4.308385	0.083333	0.000000
NOTE	15	4.462231	0.708333	0.000000
NOTE	16	4.616077	0.291667	0.000000
NOTE	17	4.616077	0.833333	0.000000
NOTE	18	4.923769	0.500000	0.000000
NOTE	19	5.077615	0.166667	0.000000
NOTE	20	5.231462	0.625000	0.000000
NOTE	21	5.385308	0.791667	0.000000
NOTE	22	5.385308	0.083333	0.000000
NOTE	23	5.539154	0.875000	0.000000
NOTE	24	5.846847	0.083333	0.000000
NOTE	25	5.846847	0.791667	0.000000
NOTE	26	6.000693	0.583333	0.000000
NOTE	27	6.154539	0.291667	0.000000
NOTE	28	6.308385	0.416667	0.000000
NOTE	29	6.462231	0.666667	0.000000
NOTE	30	6.616077	0.125000	0.000000
NOTE	31	6.769923	0.250000	0.000000
NOTE	32	6.923769	0.875000	0.000000
NOTE	33	7.077615	0.125000	0.000000
NOTE	34	7.077615	0.750000	0.000000
NOTE	35	7.693000	0.625000	0.000000
NOTE	36	7.846846	0.916667	0.000000
NOTE	37	7.846846	0.375000	0.000000
NOTE	38	8.000692	0.250000	0.307692
NOTE	39	8.308385	0.750000	0.000000
NOTE	40	8.385307	0.833333	0.000000
NOTE	41	8.462231	0.083333	0.000000
NOTE	42	8.616078	0.500000	0.000000
NOTE	43	8.769924	0.625000	0.000000
NOTE	44	8.923770	0.666667	0.000000
NOTE	45	9.077616	0.083333	0.000000
NOTE	46	9.116077	0.208333	0.000000
NOTE	47	9.231462	0.916667	0.000000
NOTE	48	9.385308	0.291667	0.000000
NOTE	49	9.539154	0.916667	0.000000
NOTE	50	9.539154	0.125000	0.000000
NOTE	51	9.846846	0.750000	0.000000
NOTE	52	10.000692	0.708333	0.000000
NOTE	53	10.154538	0.583333	0.000000
NOTE	54	10.308385	0.375000	0.000000
NOTE	55	10.462231	0.208333	0.000000
NOTE	56	10.539154	0.166667	0.000000
NOTE	57	10.616077	0.208333	0.000000
NOTE	58	10.769923	0.375000	0.000000
NOTE	59	10.923769	0.625000	0.000000
NOTE	60	11.077615	0.791667	0.000000
NOTE	61	11.231462	0.875000	0.000000
NOTE	62	11.385307	0.791667	0.000000
NOTE	63	11.539154	0.125000	0.000000
NOTE	64	11.693000	0.583333	0.000000
NOTE	65	11.846846	0.125000	0.000000
NOTE	66	12.000692	0.583333	0.000000
NOTE	67	12.077615	0.125000	0.000000
NOTE	68	12.154539	0.791667	0.000000
NOTE	69	12.308385	0.291667	0.000000
NOTE	70	12.462231	0.791667	0.000000
NOTE	71	12.769924	0.916667	0.000000
NOTE	72	12.923769	0.458333	0.000000
NOTE	73	13.077616	0.916667	0.000000
NOTE	74	13.231462	0.458333	0.000000
NOTE	75	13.308386	0.916667	0.000000
NOTE	76	13.385307	0.250000	0.000000
NOTE	77	13.423769	0.166667	0.000000
NOTE	78	13.462231	0.250000	0.000000
NOTE	79	13.500691	0.208333	0.000000
NOTE	80	13.539154	0.250000	0.000000
NOTE	81	13.693000	0.750000	0.000000
NOTE	82	13.846847	0.750000	0.000000
NOTE	83	14.000693	0.083333	0.000000
NOTE	84	14.154539	0.541667	0.000000
NOTE	85	14.308385	0.083333	0.000000
NOTE	86	14.462232	0.541667	0.000000
NOTE	87	14.539155	0.083333	0.000000
NOTE	88	14.616076	0.916667	0.000000
NOTE	89	14.769922	0.291667	0.000000
NOTE	90	14.923769	0.791667	0.153846
NOTE	91	15.231462	0.583333	0.000000
NOTE	92	15.385308	0.583333	0.000000
NOTE	93	15.539154	0.125000	0.000000
NOTE	94	15.693001	0.125000	0.000000
NOTE	95	15.846846	0.291667	0.000000
NOTE	96	15.923770	0.583333	0.000000
NOTE	97	16.000694	0.875000	0.000000
NOTE	98	16.154539	0.291667	0.000000
NOTE	99	16.308385	0.291667	0.000000
NOTE	100	16.462233	0.708333	0.000000
NOTE	101	16.616077	0.125000	0.000000
NOTE	102	16.769923	0.708333	0.000000
NOTE	103	16.923769	0.125000	0.000000
NOTE	104	17.000692	0.708333	0.000000
NOTE	105	17.077616	0.333333	0.000000
NOTE	106	17.231462	0.916667	0.000000
NOTE	107	17.385308	0.333333	0.000000
NOTE	108	17.693001	0.750000	0.000000
NOTE	109	17.846847	0.125000	0.000000
NOTE	110	18.000692	0.750000	0.000000
NOTE	111	18.154539	0.125000	0.000000
NOTE	112	18.231462	0.750000	0.000000
NOTE	113	18.308386	0.500000	0.000000
NOTE	114	18.462232	0.500000	0.000000
NOTE	115	18.616077	0.500000	0.000000
NOTE	116	18.769924	0.500000	0.000000
NOTE	117	18.923771	0.625000	0.000000
NOTE	118	18.923771	0.375000	0.000000
NOTE	119	19.077618	0.208333	0.000000
NOTE	120	19.077618	0.791667	0.000000
NOTE	121	19.231463	0.083333	0.000000
NOTE	122	19.231463	0.916667	0.000000
NOTE	123	19.385309	0.750000	0.000000
NOTE	124	19.385309	0.250000	0.000000
NOTE	125	19.539154	0.500000	0.000000
NOTE	126	19.693000	0.416667	0.000000
NOTE	127	19.693000	0.583333	0.000000
NOTE	128	19.846846	0.666667	0.000000
NOTE	129	19.846846	0.333333	0.000000
NOTE	130	20.000692	0.250000	0.000000
NOTE	131	20.000692	0.750000	0.000000
NOTE	132	20.154539	0.083333	0.000000
NOTE	133	20.231462	0.916667	0.000000
NOTE	134	20.308385	0.083333	0.000000
NOTE	135	20.385308	0.916667	0.000000
NOTE	136	20.462231	0.083333	0.000000
NOTE	137	20.539154	0.916667	0.000000
NOTE	138	20.616077	0.083333	0.000000
NOTE	139	20.693001	0.916667	0.000000
NOTE	140	20.769924	0.250000	0.000000
NOTE	141	20.808386	0.375000	0.000000
NOTE	142	20.846848	0.500000	0.000000
NOTE	143	20.885309	0.625000	0.000000
NOTE	144	20.923771	0.750000	0.000000
NOTE	145	20.962233	0.625000	0.000000
NOTE	146	21.000692	0.500000	0.000000
NOTE	147	21.039154	0.375000	0.000000
NOTE	148	21.077616	0.250000	0.153847
NOTE	149	21.385309	0.500000	0.000000
NOTE	150	21.539155	0.875000	0.000000
NOTE	151	21.693001	0.041667	0.000000
NOTE	152	21.846848	0.916667	0.000000
NOTE	153	22.000692	0.708333	0.000000
NOTE	154	22.154538	0.208333	0.000000
NOTE	155	22.308384	0.541667	0.000000
NOTE	156	22.462231	0.375000	0.000000
NOTE	157	22.616077	0.916667	0.000000
NOTE	158	22.769923	0.166667	0.000000
NOTE	159	22.923770	0.791667	0.000000
NOTE	160	23.077616	0.333333	0.000000
NOTE	161	23.231462	0.833333	0.000000
NOTE	162	23.308385	0.125000	0.000000
NOTE	163	23.385308	0.625000	0.000000
NOTE	164	23.539155	0.625000	0.000000
NOTE	165	23.693001	0.625000	0.000000
NOTE	166	23.846847	0.125000	0.000000
NOTE	167	24.000694	0.875000	0.000000
NOTE	168	24.154540	0.333333	0.000000
NOTE	169	24.308386	0.500000	0.000000
NOTE	170	24.462232	0.208333	0.000000
NOTE	171	24.616079	0.750000	0.000000
NOTE	172	24.769925	0.583333	0.000000
NOTE	173	24.923771	0.750000	0.000000
NOTE	174	25.077616	0.166667	0.000000
NOTE	175	25.154539	0.125000	0.000000
NOTE	176	25.231462	0.916667	0.000000
NOTE	177	25.385307	0.166667	0.000000
NOTE	178	25.539154	0.583333	0.000000
NOTE	179	25.693001	0.875000	0.000000
NOTE	180	25.693001	0.208333	0.000000
NOTE	181	25.846848	0.791667	0.000000
NOTE	182	26.000692	0.708333	0.000000
NOTE	183	26.000693	0.375000	0.000000
NOTE	184	26.154539	0.625000	0.000000
NOTE	185	26.308386	0.416667	0.000000
NOTE	186	26.462232	0.916667	0.000000
NOTE	187	26.616078	0.083333	0.000000
NOTE	188	26.769924	0.375000	0.000000
NOTE	189	26.923771	0.541667	0.000000
NOTE	190	27.077617	0.791667	0.000000
NOTE	191	27.231463	0.250000	0.000000
NOTE	192	27.385309	0.500000	0.000000
NOTE	193	27.539156	0.166667	0.000000
NOTE	194	27.693002	0.875000	0.000000
NOTE	195	27.846848	0.416667	0.000000
NOTE	196	28.000694	0.958333	0.000000
NOTE	197	28.154539	0.166667	0.000000
NOTE	198	28.231462	0.791667	0.000000
NOTE	199	28.308386	0.250000	0.000000
NOTE	200	28.462231	0.250000	0.000000
NOTE	201	28.616077	0.250000	0.000000
NOTE	202	28.769924	0.916667	0.000000
NOTE	203	28.923771	0.416667	0.000000
NOTE	204	29.077616	0.916667	0.000000
NOTE	205	29.231462	0.416667	0.000000
NOTE	206	29.385309	0.708333	0.000000
NOTE	207	29.539156	0.125000	0.000000
NOTE	208	29.693001	0.708333	0.000000
NOTE	209	29.846848	0.125000	0.000000
NOTE	210	30.000692	0.250000	0.000000
NOTE	211	30.000692	0.875000	0.000000
NOTE	212	30.077616	0.875000	0.000000
NOTE	213	30.154539	0.375000	0.000000
NOTE	214	30.154539	0.875000	0.000000
NOTE	215	30.231461	0.875000	0.000000
NOTE	216	30.308384	0.375000	0.000000
NOTE	217	30.308384	0.875000	0.000000
NOTE	218	30.385307	0.875000	0.000000
NOTE	219	30.462231	0.291667	0.000000
NOTE	220	30.462231	0.875000	0.000000
NOTE	221	30.539154	0.875000	0.000000
NOTE	222	30.616077	0.125000	0.000000
NOTE	223	30.616077	0.666667	0.000000
NOTE	224	30.693000	0.125000	0.000000
NOTE	225	30.769923	0.583333	0.000000
NOTE	226	30.769923	0.125000	0.000000
NOTE	227	30.846847	0.125000	0.000000
NOTE	228	30.923770	0.583333	0.000000
NOTE	229	30.923770	0.125000	0.000000
NOTE	230	31.000693	0.125000	0.000000
NOTE	231	31.077616	0.708333	0.000000
NOTE	232	31.077616	0.125000	0.000000
NOTE	233	31.154539	0.125000	0.000000
NOTE	234	31.231462	0.916667	0.000000
NOTE	235	31.308385	0.375000	0.000000
NOTE	236	31.385308	0.916667	0.000000
NOTE	237	31.462232	0.375000	0.000000
NOTE	238	31.539155	0.916667	0.000000
NOTE	239	31.693001	0.208333	0.000000
NOTE	240	31.769924	0.583333	0.000000
NOTE	241	31.846847	0.083333	0.000000
NOTE	242	31.923770	0.416667	0.000000
NOTE	243	32.000694	0.083333	0.000000
NOTE	244	32.154541	0.583333	0.000000
NOTE	245	32.231464	0.708333	0.000000
NOTE	246	32.308388	0.583333	0.000000
NOTE	247	32.385307	0.708333	0.000000
NOTE	248	32.462231	0.416667	0.000000
NOTE	249	32.539154	0.916667	0.000000
NOTE	250	32.616077	0.416667	0.000000
NOTE	251	32.693001	0.916667	0.000000
NOTE	252	32.769924	0.416667	0.000000
NOTE	253	32.923771	0.625000	0.000000
NOTE	254	33.000694	0.208333	0.000000
NOTE	255	33.077616	0.791667	0.000000
NOTE	256	33.154539	0.416667	0.000000
NOTE	257	33.231462	0.791667	0.000000
NOTE	258	33.385307	0.208333	0.000000
NOTE	259	33.462231	0.083333	0.000000
NOTE	260	33.539154	0.208333	0.000000
NOTE	261	33.616077	0.083333	0.000000
NOTE	262	33.693001	0.916667	0.000000
NOTE	263	33.769924	0.333333	0.000000
NOTE	264	33.846848	0.916667	0.000000
NOTE	265	33.923771	0.333333	0.000000
NOTE	266	34.000694	0.916667	0.000000
NOTE	267	34.154541	0.333333	0.000000
NOTE	268	34.231464	0.750000	0.000000
NOTE	269	34.308384	0.458333	0.000000
NOTE	270	34.385307	0.875000	0.000000
NOTE	271	34.462231	0.458333	0.000000
NOTE	272	34.616077	0.625000	0.000000
NOTE	273	34.693001	0.750000	0.000000
NOTE	274	34.769924	0.625000	0.000000
NOTE	275	34.846848	0.750000	0.000000
NOTE	276	34.923767	0.125000	0.000000
NOTE	277	35.000690	0.875000	0.000000
NOTE	278	35.077614	0.125000	0.000000
NOTE	279	35.154537	0.875000	0.000000
NOTE	280	35.231461	0.125000	0.000000
NOTE	281	35.385307	0.333333	0.000000
NOTE	282	35.462231	0.875000	0.000000
NOTE	283	35.539156	0.166667	0.000000
NOTE	284	35.616077	0.625000	0.000000
NOTE	285	35.693001	0.208333	0.000000
NOTE	286	35.846848	0.250000	0.000000
NOTE	287	35.923771	0.708333	0.000000
NOTE	288	36.000694	0.291667	0.000000
NOTE	289	36.077618	0.750000	0.000000
NOTE	290	36.154539	0.500000	0.000000
NOTE	291	36.308385	0.458333	0.000000
NOTE	292	36.308385	0.916667	0.000000
NOTE	293	36.462231	0.416667	0.000000
NOTE	294	36.462231	0.875000	0.000000
NOTE	295	36.616077	0.833333	0.000000
NOTE	296	36.616077	0.375000	0.000000
NOTE	297	36.769920	0.708333	0.000000
NOTE	298	36.923767	0.208333	0.000000
NOTE	299	36.923772	0.666667	0.000000
NOTE	300	37.077618	0.166667	0.000000
NOTE	301	37.077618	0.625000	0.000000
NOTE	302	37.231461	0.125000	0.000000
NOTE	303	37.231464	0.583333	0.000000
NOTE	304	37.385309	0.333333	0.000000
NOTE	305	37.539155	0.375000	0.000000
NOTE	306	37.693001	0.416667	0.000000
NOTE	307	37.846848	0.458333	0.000000
NOTE	308	38.000692	0.750000	0.000000
NOTE	309	38.000692	0.250000	0.000000
NOTE	310	38.154537	0.708333	0.000000
NOTE	311	38.308384	0.666667	0.000000
NOTE	312	38.308384	0.333333	0.000000
NOTE	313	38.462231	0.625000	0.000000
NOTE	314	38.462231	0.375000	0.000000
NOTE	315	38.616079	0.500000	0.000000
NOTE	316	38.769925	0.083333	0.000000
NOTE	317	38.769925	0.916667	0.000000
NOTE	318	38.923771	0.166667	0.000000
NOTE	319	38.923771	0.833333	0.000000
NOTE	320	39.077618	0.916667	0.000000
NOTE	321	39.077618	0.083333	0.000000
NOTE	322	39.231461	0.708333	0.000000
NOTE	323	39.231462	0.291667	0.000000
NOTE	324	39.385308	0.375000	0.000000
NOTE	325	39.385308	0.625000	0.000000
NOTE	326	39.539154	0.583333	0.000000
NOTE	327	39.539154	0.416667	0.000000
NOTE	328	39.693001	0.625000	0.000000
NOTE	329	39.693001	0.375000	0.000000
NOTE	330	39.846849	0.916667	0.000000
NOTE	331	39.846849	0.083333	0.000000
NOTE	332	39.923767	0.208333	0.000000
NOTE	333	40.000690	0.083333	0.000000
NOTE	334	40.000695	0.916667	0.000000
NOTE	335	40.077614	0.208333	0.000000
NOTE	336	40.154542	0.916667	0.000000
NOTE	337	40.154542	0.083333	0.000000
NOTE	338	40.231461	0.208333	0.000000
NOTE	339	40.308388	0.916667	0.000000
NOTE	340	40.308388	0.083333	0.000000
NOTE	341	40.385307	0.208333	0.000000
NOTE	342	40.462231	0.750000	0.000000
NOTE	343	40.462232	0.375000	0.000000
NOTE	344	40.539154	0.625000	0.000000
NOTE	345	40.616077	0.750000	0.000000
NOTE	346	40.616079	0.375000	0.000000
NOTE	347	40.693001	0.625000	0.000000
NOTE	348	40.769924	0.750000	0.000000
NOTE	349	40.769925	0.375000	0.000000
NOTE	350	40.846848	0.625000	0.000000
NOTE	351	40.923771	0.375000	0.000000
NOTE	352	40.923771	0.750000	0.000000
NOTE	353	41.000694	0.625000	0.000000
NOTE	354	41.077616	0.166667	0.000000
NOTE	355	41.385307	0.083333	0.000000
NOTE	356	41.385308	0.916667	0.000000
NOTE	357	41.539154	0.166667	0.000000
NOTE	358	41.616077	0.833333	0.000000
NOTE	359	41.693003	0.333333	0.000000
NOTE	360	41.846848	0.500000	0.000000
NOTE	361	42.000695	0.333333	0.000000
NOTE	362	42.000695	0.750000	0.000000
NOTE	363	42.154541	0.750000	0.000000
NOTE	364	42.308386	0.916667	0.000000
NOTE	365	42.462231	0.541667	0.000000
NOTE	366	42.616077	0.125000	0.000000
NOTE	367	42.616078	0.916667	0.000000
NOTE	368	42.769924	0.125000	0.000000
NOTE	369	42.846847	0.916667	0.000000
NOTE	370	42.923773	0.291667	0.000000
NOTE	371	43.000696	0.750000	0.000000
NOTE	372	43.077619	0.291667	0.000000
NOTE	373	43.231465	0.750000	0.000000
NOTE	374	43.231465	0.291667	0.000000
NOTE	375	43.385311	0.291667	0.000000
NOTE	376	43.539156	0.583333	0.000000
NOTE	377	43.693001	0.916667	0.000000
NOTE	378	43.846848	0.916667	0.000000
NOTE	379	43.846848	0.083333	0.000000
NOTE	380	44.000694	0.583333	0.000000
NOTE	381	44.077617	0.083333	0.000000
NOTE	382	44.154539	0.750000	0.000000
NOTE	383	44.231462	0.250000	0.000000
NOTE	384	44.308385	0.750000	0.000000
NOTE	385	44.462231	0.750000	0.000000
NOTE	386	44.462231	0.250000	0.000000
NOTE	387	44.616077	0.750000	0.000000
NOTE	388	44.769920	0.916667	0.000000
NOTE	389	44.769926	0.083333	0.000000
NOTE	390	44.923772	0.083333	0.000000
NOTE	391	45.077614	0.916667	0.000000
NOTE	392	45.231464	0.083333	0.000000
NOTE	393	45.308387	0.916667	0.000000
NOTE	394	45.385307	0.333333	0.000000
NOTE	395	45.462231	0.666667	0.000000
NOTE	396	45.539154	0.333333	0.000000
NOTE	397	45.616077	0.666667	0.000000
NOTE	398	45.693001	0.500000	0.000000
NOTE	399	45.846848	0.500000	0.000000
NOTE	400	46.000692	0.208333	0.000000
NOTE	401	46.154538	0.750000	0.000000
NOTE	402	46.308385	0.083333	0.000000
NOTE	403	46.308385	0.833333	0.000000
NOTE	404	46.462231	0.208333	0.000000
NOTE	405	46.539154	0.750000	0.000000
NOTE	406	46.616077	0.416667	0.000000
NOTE	407	46.693002	0.916667	0.000000
NOTE	408	46.769924	0.500000	0.000000
NOTE	409	46.923771	0.583333	0.000000
NOTE	410	46.923771	0.250000	0.000000
NOTE	411	47.077618	0.333333	0.000000
NOTE	412	47.231461	0.708333	0.000000
NOTE	413	47.385308	0.125000	0.000000
NOTE	414	47.539154	0.833333	0.000000
NOTE	415	47.693001	0.125000	0.000000
NOTE	416	47.769924	0.833333	0.000000
NOTE	417	47.846844	0.375000	0.000000
NOTE	418	47.923767	0.666667	0.000000
NOTE	419	48.000690	0.291667	0.000000
NOTE	420	48.154537	0.375000	0.000000
NOTE	421	48.154542	0.666667	0.000000
NOTE	422	48.308384	0.666667	0.000000
NOTE	423	48.462231	0.500000	0.000000
NOTE	424	48.616077	0.791667	0.000000
NOTE	425	48.616077	0.208333	0.000000
NOTE	426	48.769925	0.083333	0.000000
NOTE	427	48.769925	0.916667	0.000000
NOTE	428	48.923771	0.083333	0.000000
NOTE	429	48.923771	0.916667	0.000000
NOTE	430	49.077616	0.500000	0.000000
NOTE	431	49.231461	0.416667	0.000000
NOTE	432	49.231461	0.583333	0.000000
NOTE	433	49.385307	0.666667	0.000000
NOTE	434	49.385307	0.333333	0.000000
NOTE	435	49.539154	0.250000	0.000000
NOTE	436	49.539154	0.750000	0.000000
NOTE	437	49.693003	0.500000	0.000000
NOTE	438	49.846848	0.125000	0.000000
NOTE	439	49.846848	0.916667	0.000000
NOTE	440	49.923771	0.083333	0.000000
NOTE	441	49.923772	0.958333	0.000000
NOTE	442	50.000694	0.125000	0.000000
NOTE	443	50.000694	0.916667	0.000000
NOTE	444	50.154541	0.500000	0.000000
NOTE	445	50.308386	0.333333	0.000000
NOTE	446	50.462232	0.666667	0.000000
NOTE	447	50.616078	0.333333	0.000000
NOTE	448	50.769924	0.666667	0.000000
NOTE	449	50.923767	0.500000	0.000000
NOTE	450	51.077619	0.875000	0.000000
NOTE	451	51.231461	0.500000	0.000000
NOTE	452	51.385311	0.875000	0.000000
NOTE	453	51.539156	0.708333	0.461541
NOTE	454	51.693002	0.250000	0.000000
NOTE	455	51.846848	0.125000	0.000000
NOTE	456	52.000694	0.250000	0.000000
NOTE	457	52.154539	0.416667	0.461543
NOTE	458	52.308385	0.916667	0.000000
NOTE	459	52.462231	0.583333	0.000000
NOTE	460	52.616077	0.916667	0.000000
NOTE	461	52.769926	0.750000	0.461540
NOTE	462	52.923772	0.125000	0.000000
NOTE	463	53.077614	0.208333	0.000000
NOTE	464	53.231464	0.125000	0.000000
NOTE	465	53.385307	0.791667	0.000000
NOTE	466	53.385307	0.291667	0.000000
NOTE	467	53.539154	0.625000	0.000000
NOTE	468	53.693001	0.458333	0.000000
NOTE	469	53.846848	0.291667	0.000000
NOTE	470	54.000696	0.125000	0.153847
NOTE	471	54.154542	0.791667	0.000000
NOTE	472	54.308388	0.791667	0.153846
NOTE	473	54.462234	0.125000	0.000000
NOTE	474	54.616079	0.916667	0.000000
NOTE	475	54.616079	0.291667	0.461541
NOTE	476	54.769925	0.625000	0.000000
NOTE	477	55.077618	0.625000	0.000000
NOTE	478	55.385308	0.916667	0.000000
NOTE	479	55.539154	0.125000	0.000000
NOTE	480	55.693001	0.750000	0.000000
NOTE	481	55.846849	0.333333	0.000000
NOTE	482	56.000690	0.375000	0.000000
NOTE	483	56.154537	0.291667	0.000000
NOTE	484	56.308384	0.333333	0.000000
NOTE	485	56.308388	0.875000	0.000000
NOTE	486	56.462231	0.083333	0.000000
NOTE	487	56.616079	0.666667	0.000000
NOTE	488	56.769925	0.083333	0.000000
NOTE	489	56.923771	0.666667	0.000000
NOTE	490	57.077619	0.875000	0.000000
NOTE	491	57.077619	0.333333	0.000000
NOTE	492	57.231466	0.916667	0.000000
NOTE	493	57.385312	0.833333	0.000000
NOTE	494	57.539158	0.875000	0.000000
NOTE	495	57.616077	0.333333	0.000000
NOTE	496	57.693003	0.708333	0.000000
NOTE	497	57.846849	0.541667	0.000000
NOTE	498	58.000695	0.375000	0.000000
NOTE	499	58.154541	0.208333	0.000000
NOTE	500	58.308384	0.291667	0.000000
NOTE	501	58.308386	0.083333	0.461542
NOTE	502	58.462231	0.500000	0.000000
NOTE	503	58.616077	0.666667	0.000000
NOTE	504	58.769924	0.833333	0.000000
NOTE	505	58.923767	0.916667	0.461540
NOTE	506	59.077614	0.583333	0.000000
NOTE	507	59.231461	0.416667	0.000000
NOTE	508	59.385307	0.250000	0.000000
NOTE	509	59.539156	0.083333	0.000000
NOTE	510	59.616077	0.833333	0.000000
NOTE	511	59.693002	0.083333	0.000000
NOTE	512	59.769924	0.625000	0.000000
NOTE	513	59.846848	0.083333	0.000000
NOTE	514	59.923771	0.416667	0.000000
NOTE	515	60.000694	0.083333	0.000000
NOTE	516	60.077618	0.333333	0.000000
NOTE	517	60.154537	0.666667	0.000000
NOTE	518	60.231461	0.916667	0.000000
NOTE	519	60.308384	0.583333	0.000000
NOTE	520	60.385307	0.916667	0.000000
NOTE	521	60.462231	0.375000	0.000000
NOTE	522	60.539154	0.916667	0.000000
NOTE	523	60.616077	0.166667	0.000000
NOTE	524	60.693001	0.916667	0.000000
NOTE	525	60.769920	0.291667	0.461544
NOTE	526	62.000696	0.750000	0.461540
NOTE	527	63.231462	0.625000	0.461543
NOTE	528	64.462236	0.166667	0.461538
NOTE	529	65.693003	0.333333	0.461541
NOTE	530	66.923769	0.875000	0.461544
NOTE	531	68.154543	0.708333	0.461539
NOTE	532	69.385309	0.416667	0.461542
NOTE	533	69.385309	0.583333	0.461542
NOTE	534	70.154541	0.125000	0.000000
NOTE	535	70.308388	0.875000	0.000000
NOTE	536	70.462234	0.125000	0.000000
NOTE	537	70.616083	0.291667	0.000000
NOTE	538	70.769929	0.666667	0.000000
NOTE	539	70.923775	0.750000	0.000000
NOTE	540	71.231461	0.583333	0.000000
NOTE	541	71.231462	0.125000	0.000000
NOTE	542	71.385308	0.250000	0.000000
NOTE	543	71.539155	0.125000	0.000000
NOTE	544	71.693001	0.916667	0.000000
NOTE	545	71.693001	0.500000	0.000000
NOTE	546	71.846849	0.791667	0.000000
NOTE	547	72.000695	0.291667	0.000000
NOTE	548	72.154541	0.958333	0.000000
NOTE	549	72.154542	0.625000	0.000000
NOTE	550	72.308388	0.541667	0.000000
NOTE	551	72.462236	0.791667	0.000000
NOTE	552	72.616082	0.125000	0.000000
NOTE	553	72.616082	0.375000	0.000000
NOTE	554	72.769929	0.791667	0.000000
NOTE	555	72.923775	0.125000	0.000000
NOTE	556	72.923775	0.375000	0.000000
NOTE	557	73.077614	0.791667	0.000000
NOTE	558	73.385307	0.541667	0.000000
NOTE	559	73.693001	0.250000	0.000000
NOTE	560	73.693003	0.916667	0.000000
NOTE	561	73.846848	0.375000	0.000000
NOTE	562	74.000695	0.750000	0.000000
NOTE	563	74.154541	0.125000	0.000000
NOTE	564	74.154541	0.625000	0.000000
NOTE	565	74.308390	0.333333	0.000000
NOTE	566	74.462236	0.916667	0.000000
NOTE	567	74.616082	0.916667	0.000000
NOTE	568	74.616082	0.500000	0.000000
NOTE	569	74.769920	0.125000	0.000000
NOTE	570	74.923767	0.666667	0.000000
NOTE	571	75.077615	0.791667	0.000000
NOTE	572	75.077615	0.291667	0.000000
NOTE	573	75.231461	0.291667	0.000000
NOTE	574	75.385307	0.583333	0.000000
NOTE	575	75.462227	0.583333	0.000000
NOTE	576	75.539154	0.208333	0.000000
NOTE	577	75.846848	0.708333	0.000000
NOTE	578	76.000694	0.083333	0.000000
NOTE	579	76.077614	0.708333	0.000000
NOTE	580	76.154541	0.291667	0.000000
NOTE	581	76.308388	0.416667	0.000000
NOTE	582	76.462234	0.916667	0.000000
NOTE	583	76.616081	0.125000	0.000000
NOTE	584	76.616081	0.791667	0.000000
NOTE	585	76.769930	0.583333	0.000000
NOTE	586	76.923767	0.500000	0.000000
NOTE	587	77.077614	0.583333	0.000000
NOTE	588	77.231461	0.666667	0.000000
NOTE	589	77.231461	0.208333	0.000000
NOTE	590	77.308380	0.125000	0.000000
NOTE	591	77.385309	0.875000	0.000000
NOTE	592	77.539155	0.375000	0.000000
NOTE	593	77.693001	0.291667	0.000000
NOTE	594	77.846848	0.375000	0.000000
NOTE	595	78.000696	0.125000	0.000000
NOTE	596	78.308388	0.833333	0.000000
NOTE	597	78.462234	0.833333	0.000000
NOTE	598	78.539158	0.833333	0.000000
NOTE	599	78.616074	0.166667	0.000000
NOTE	600	78.769920	0.291667	0.000000
NOTE	601	78.923767	0.375000	0.000000
NOTE	602	79.077614	0.416667	0.000000
NOTE	603	79.077621	0.083333	0.000000
NOTE	604	79.231462	0.250000	0.000000
NOTE	605	79.385308	0.708333	0.000000
NOTE	606	79.539154	0.583333	0.000000
NOTE	607	79.539155	0.833333	0.000000
NOTE	608	79.693001	0.958333	0.000000
NOTE	609	79.693001	0.458333	0.000000
NOTE	610	79.846849	0.708333	0.000000
NOTE	611	80.000695	0.166667	0.000000
NOTE	612	80.154541	0.291667	0.000000
NOTE	613	80.308388	0.125000	0.000000
NOTE	614	80.462227	0.458333	0.000000
NOTE	615	80.616082	0.875000	0.000000
NOTE	616	80.769920	0.458333	0.000000
NOTE	617	80.923775	0.875000	0.000000
NOTE	618	81.077616	0.708333	0.000000
NOTE	619	81.231462	0.166667	0.000000
NOTE	620	81.385308	0.708333	0.000000
NOTE	621	81.539154	0.166667	0.000000
NOTE	622	81.693003	0.333333	0.000000
NOTE	623	81.846849	0.875000	0.000000
NOTE	624	82.000695	0.333333	0.000000
NOTE	625	82.154541	0.875000	0.000000
NOTE	626	82.308390	0.708333	0.000000
NOTE	627	82.462236	0.125000	0.000000
NOTE	628	82.616082	0.708333	0.000000
NOTE	629	82.769928	0.125000	0.000000
NOTE	630	82.846840	0.708333	0.000000
NOTE	631	82.923767	0.291667	0.000000
NOTE	632	83.077614	0.458333	0.000000
NOTE	633	83.077614	0.916667	0.000000
NOTE	634	83.231461	0.875000	0.000000
NOTE	635	83.231461	0.416667	0.000000
NOTE	636	83.385307	0.291667	0.000000
NOTE	637	83.385307	0.750000	0.000000
NOTE	638	83.539154	0.625000	0.000000
NOTE	639	83.539156	0.125000	0.000000
NOTE	640	83.693001	0.541667	0.000000
NOTE	641	83.693001	0.041667	0.000000
NOTE	642	83.846848	0.583333	0.000000
NOTE	643	83.846848	0.083333	0.000000
NOTE	644	84.000694	0.250000	0.000000
NOTE	645	84.000694	0.750000	0.000000
NOTE	646	84.154541	0.458333	0.000000
NOTE	647	84.308389	0.875000	0.000000
NOTE	648	84.462234	0.458333	0.000000
NOTE	649	84.616081	0.875000	0.000000
NOTE	650	84.693004	0.875000	0.000000
NOTE	651	84.769920	0.291667	0.000000
NOTE	652	84.846848	0.250000	0.000000
NOTE	653	84.923767	0.708333	0.000000
NOTE	654	84.923767	0.291667	0.000000
NOTE	655	85.000694	0.750000	0.000000
NOTE	656	85.077614	0.291667	0.000000
NOTE	657	85.077614	0.708333	0.000000
NOTE	658	85.154541	0.250000	0.000000
NOTE	659	85.231461	0.750000	0.000000
NOTE	660	85.231461	0.291667	0.000000
NOTE	661	85.308380	0.708333	0.000000
NOTE	662	85.385309	0.083333	0.000000
NOTE	663	85.539154	0.083333	0.000000
NOTE	664	85.693001	0.083333	0.000000
NOTE	665	85.846848	0.916667	0.000000
NOTE	666	85.846848	0.083333	0.000000
NOTE	667	86.000696	0.250000	0.000000
NOTE	668	86.154542	0.250000	0.000000
NOTE	669	86.308388	0.250000	0.000000
NOTE	670	86.308388	0.791667	0.000000
NOTE	671	86.462234	0.250000	0.000000
NOTE	672	86.616083	0.375000	0.000000
NOTE	673	86.769920	0.625000	0.000000
NOTE	674	86.923767	0.375000	0.000000
NOTE	675	87.077614	0.625000	0.000000
NOTE	676	87.231461	0.250000	0.000000
NOTE	677	87.231461	0.750000	0.000000
NOTE	678	87.385307	0.500000	0.000000
NOTE	679	87.539154	0.041667	0.000000
NOTE	680	87.539154	0.958333	0.000000
NOTE	681	87.693001	0.500000	0.000000
NOTE	682	87.846848	0.750000	0.000000
NOTE	683	87.846848	0.208333	0.000000
NOTE	684	87.923775	0.250000	0.000000
NOTE	685	88.000694	0.666667	0.000000
NOTE	686	88.000694	0.291667	0.000000
NOTE	687	88.077621	0.333333	0.000000
NOTE	688	88.154541	0.666667	0.000000
NOTE	689	88.154541	0.375000	0.000000
NOTE	690	88.231468	0.333333	0.000000
NOTE	691	88.308388	0.750000	0.000000
NOTE	692	88.308388	0.291667	0.000000
NOTE	693	88.385307	0.250000	0.000000
NOTE	694	88.462236	0.875000	0.000000
NOTE	695	88.462236	0.125000	0.000000
NOTE	696	88.539154	0.083333	0.000000
NOTE	697	88.616074	0.041667	0.000000
NOTE	698	88.616082	0.958333	0.000000
NOTE	699	88.693001	0.000000	0.000000
NOTE	700	88.769920	0.041667	0.000000
NOTE	701	88.769929	0.958333	0.000000
NOTE	702	88.846848	0.083333	0.000000
NOTE	703	88.923767	0.875000	0.000000
NOTE	704	88.923775	0.125000	0.000000
NOTE	705	89.000687	0.166667	0.000000
NOTE	706	89.085304	0.666667	0.000000
NOTE	707	89.187866	0.500000	0.000000
NOTE	708	89.290428	0.333333	0.000000
NOTE	709	89.392998	0.666667	0.000000
NOTE	710	89.495560	0.500000	0.000000
NOTE	711	89.598122	0.333333	0.000000
NOTE	712	89.693001	0.875000	0.000000
NOTE	713	89.769926	0.125000	0.000000
NOTE	714	89.846848	0.875000	0.000000
NOTE	715	89.923772	0.125000	0.000000
NOTE	716	90.000694	0.875000	0.000000
NOTE	717	90.077618	0.125000	0.000000
NOTE	718	90.154541	0.875000	0.000000
NOTE	719	90.231464	0.125000	0.000000
NOTE	720	90.308380	0.708333	0.000000
NOTE	721	90.462227	0.500000	0.000000
NOTE	722	90.616074	0.291667	0.000000
NOTE	723	90.769920	0.500000	0.000000
NOTE	724	91.385315	0.875000	0.000000
NOTE	725	91.539156	0.125000	0.000000
NOTE	726	91.646233	0.401945	0.000000
NOTE	727	91.693748	0.526391	0.000000
NOTE	728	91.746284	0.617361	0.000000
NOTE	729	91.795052	0.693058	0.000000
NOTE	730	91.853889	0.736689	0.000000
NOTE	731	91.898872	0.762946	0.000000
NOTE	732	91.952675	0.767015	0.000000
NOTE	733	92.009506	0.737163	0.000000
NOTE	734	92.057747	0.670459	0.000000
NOTE	735	92.099190	0.590805	0.000000
NOTE	736	92.154543	0.500000	0.000000
NOTE	737	92.193004	0.500000	0.000000
NOTE	738	92.231466	0.500000	0.000000
NOTE	739	92.269927	0.500000	0.000000
NOTE	740	92.423774	0.125000	0.000000
NOTE	741	92.423774	0.500000	0.000000
NOTE	742	92.423775	0.875000	0.000000
NOTE	743	92.769920	0.750000	0.000000
NOTE	744	92.769930	0.250000	0.000000
NOTE	745	92.923776	0.750000	0.000000
NOTE	746	93.077622	0.250000	0.000000
NOTE	747	93.231468	0.750000	0.000000
NOTE	748	93.308391	0.250000	0.000000
NOTE	749	93.385309	0.916667	0.000000
NOTE	750	93.539155	0.500000	0.000000
NOTE	751	93.693001	0.916667	0.000000
NOTE	752	93.693001	0.416667	0.000000
NOTE	753	93.846848	0.500000	0.000000
NOTE	754	94.000694	0.666667	0.000000
NOTE	755	94.154541	0.791667	0.000000
NOTE	756	94.154542	0.250000	0.000000
NOTE	757	94.308388	0.250000	0.000000
NOTE	758	94.462234	0.791667	0.000000
NOTE	759	94.462234	0.250000	0.000000
NOTE	760	94.619846	0.041667	0.000000
NOTE	761	94.671120	0.958333	0.000000
NOTE	762	94.722404	0.041667	0.000000
NOTE	763	94.773682	0.958333	0.000000
NOTE	764	94.824966	0.041667	0.000000
NOTE	765	94.876251	0.958333	0.000000
NOTE	766	94.927528	0.041667	0.000000
NOTE	767	94.978813	0.958333	0.000000
NOTE	768	95.030098	0.041667	0.000000
NOTE	769	95.081375	0.958333	0.000000
NOTE	770	95.231462	0.708333	0.000000
NOTE	771	95.231462	0.166667	0.000000
NOTE	772	95.385308	0.333333	0.000000
NOTE	773	95.539155	0.500000	0.000000
NOTE	774	95.693001	0.791667	0.000000
NOTE	775	95.769920	0.333333	0.000000
NOTE	776	95.846849	0.625000	0.000000
NOTE	777	96.000695	0.208333	0.000000
NOTE	778	96.154542	0.625000	0.000000
NOTE	779	96.308388	0.083333	0.000000
NOTE	780	96.308388	0.833333	0.000000
NOTE	781	96.462236	0.625000	0.000000
NOTE	782	96.616082	0.375000	0.000000
NOTE	783	96.769920	0.833333	0.000000
NOTE	784	96.923767	0.125000	0.000000
NOTE	785	97.000687	0.208333	0.000000
NOTE	786	97.077616	0.666667	0.000000
NOTE	787	97.231462	0.458333	0.000000
NOTE	788	97.385308	0.541667	0.000000
NOTE	789	97.539154	0.625000	0.000000
NOTE	790	97.693003	0.916667	0.000000
NOTE	791	97.693003	0.375000	0.000000
NOTE	792	97.846849	0.291667	0.000000
NOTE	793	98.000694	0.208333	0.000000
NOTE	794	98.154541	0.125000	0.000000
NOTE	795	98.154541	0.750000	0.000000
NOTE	796	98.462236	0.583333	0.000000
NOTE	797	98.616082	0.500000	0.000000
NOTE	798	98.769928	0.416667	0.000000
NOTE	799	98.769928	0.875000	0.000000
NOTE	800	98.923776	0.166667	0.000000
NOTE	801	99.077614	0.708333	0.000000
NOTE	802	99.154546	0.166667	0.000000
NOTE	803	99.231461	0.708333	0.000000
NOTE	804	99.385307	0.708333	0.000000
NOTE	805	99.539154	0.875000	0.000000
NOTE	806	99.539154	0.416667	0.000000
NOTE	807	99.693001	0.125000	0.000000
NOTE	808	99.693001	0.583333	0.000000
NOTE	809	99.846848	0.416667	0.000000
NOTE	810	99.846848	0.875000	0.000000
NOTE	811	100.000694	0.583333	0.000000
NOTE	812	100.000694	0.125000	0.000000
NOTE	813	100.154543	0.750000	0.461541
NOTE	814	100.308389	0.291667	0.000000
NOTE	815	100.462234	0.291667	0.000000
NOTE	816	100.616081	0.291667	0.000000
NOTE	817	100.769930	0.125000	0.461538
NOTE	818	100.923776	0.583333	0.000000
NOTE	819	101.077622	0.458333	0.000000
NOTE	820	101.231468	0.583333	0.000000
NOTE	821	101.385309	0.333333	0.000000
NOTE	822	101.385309	0.750000	0.461544
NOTE	823	101.539154	0.250000	0.000000
NOTE	824	101.846848	0.333333	0.000000
NOTE	825	102.000696	0.916667	0.000000
NOTE	826	102.077619	0.125000	0.000000
NOTE	827	102.154542	0.916667	0.000000
NOTE	828	102.308388	0.125000	0.000000
NOTE	829	102.462234	0.125000	0.000000
NOTE	830	102.616083	0.291667	0.461539
NOTE	831	102.769920	0.666667	0.000000
NOTE	832	102.923767	0.750000	0.000000
NOTE	833	103.077614	0.666667	0.000000
NOTE	834	103.231461	0.500000	0.461544
NOTE	835	103.385308	0.125000	0.000000
NOTE	836	103.539155	0.041667	0.000000
NOTE	837	103.693001	0.125000	0.000000
NOTE	838	103.846849	0.250000	0.000000
NOTE	839	103.846849	0.791667	0.000000
NOTE	840	104.000695	0.875000	0.000000
NOTE	841	104.154542	0.875000	0.000000
NOTE	842	104.308388	0.791667	0.000000
NOTE	843	104.308388	0.250000	0.000000
NOTE	844	104.462227	0.625000	0.000000
NOTE	845	104.616082	0.375000	0.000000
NOTE	846	104.769920	0.625000	0.000000
NOTE	847	104.923775	0.375000	0.000000
NOTE	848	105.077614	0.125000	0.000000
NOTE	849	105.077614	0.875000	0.000000
NOTE	850	105.231461	0.083333	0.000000
NOTE	851	105.231461	0.916667	0.000000
NOTE	852	105.385307	0.166667	0.000000
NOTE	853	105.385307	0.833333	0.000000
NOTE	854	105.539154	0.125000	0.000000
NOTE	855	105.539154	0.875000	0.000000
NOTE	856	105.846849	0.500000	0.000000
NOTE	857	106.000695	0.500000	0.000000
NOTE	858	106.154541	0.416667	0.000000
NOTE	859	106.154541	0.583333	0.000000
NOTE	860	106.308390	0.750000	0.000000
NOTE	861	106.308390	0.250000	0.000000
NOTE	862	106.462236	0.125000	0.000000
NOTE	863	106.462236	0.875000	0.000000
NOTE	864	106.769920	0.833333	0.000000
NOTE	865	106.769928	0.166667	0.000000
NOTE	866	106.846840	0.791667	0.000000
NOTE	867	106.846851	0.208333	0.000000
NOTE	868	106.923767	0.666667	0.000000
NOTE	869	106.923776	0.333333	0.000000
NOTE	870	107.077623	0.500000	0.000000
NOTE	871	107.231461	0.333333	0.000000
NOTE	872	107.231461	0.666667	0.000000
NOTE	873	107.385315	0.500000	0.000000
NOTE	874	107.539156	0.083333	0.000000
NOTE	875	107.577614	0.166667	0.000000
NOTE	876	107.616081	0.250000	0.000000
NOTE	877	107.693002	0.916667	0.000000
NOTE	878	107.731464	0.833333	0.000000
NOTE	879	107.769928	0.750000	0.000000
NOTE	880	107.846848	0.083333	0.000000
NOTE	881	107.885307	0.166667	0.000000
NOTE	882	107.923775	0.250000	0.000000
NOTE	883	108.000694	0.916667	0.000000
NOTE	884	108.039154	0.833333	0.000000
NOTE	885	108.077614	0.750000	0.000000
NOTE	886	108.154543	0.500000	0.000000
NOTE	887	108.308389	0.500000	0.000000
NOTE	888	108.346848	0.583333	0.000000
NOTE	889	108.385315	0.666667	0.000000
NOTE	890	108.462234	0.500000	0.000000
NOTE	891	108.500694	0.416667	0.000000
NOTE	892	108.539162	0.333333	0.000000
NOTE	893	108.616081	0.500000	0.000000
NOTE	894	108.654541	0.583333	0.000000
NOTE	895	108.693001	0.666667	0.000000
NOTE	896	108.769920	0.125000	0.000000
NOTE	897	108.923776	0.875000	0.000000
NOTE	898	109.000699	0.125000	0.000000
NOTE	899	109.077622	0.875000	0.000000
NOTE	900	109.231461	0.875000	0.000000
NOTE	901	109.385309	0.250000	0.000000
NOTE	902	109.539154	0.416667	0.000000
NOTE	903	109.693001	0.583333	0.000000
NOTE	904	109.846848	0.750000	0.000000
NOTE	905	110.000696	0.958333	0.000000
NOTE	906	110.000696	0.458333	0.000000
NOTE	907	110.462234	0.166667	0.000000
NOTE	908	110.539158	0.166667	0.000000
NOTE	909	110.616083	0.833333	0.000000
NOTE	910	110.769929	0.416667	0.000000
NOTE	911	110.923775	0.666667	0.000000
NOTE	912	111.077621	0.250000	0.000000
NOTE	913	111.231461	0.458333	0.000000
NOTE	914	111.385308	0.083333	0.000000
NOTE	915	111.539154	0.541667	0.000000
NOTE	916	111.693001	0.166667	0.000000
NOTE	917	111.846849	0.416667	0.000000
NOTE	918	112.000695	0.708333	0.000000
NOTE	919	112.077621	0.791667	0.000000
NOTE	920	112.154541	0.875000	0.000000
NOTE	921	112.231468	0.958333	0.000000
NOTE	922	112.308388	0.875000	0.000000
NOTE	923	112.385307	0.791667	0.000000
NOTE	924	112.462236	0.208333	0.000000
NOTE	925	112.616082	0.208333	0.000000
NOTE	926	112.769929	0.583333	0.000000
NOTE	927	112.923767	0.208333	0.000000
NOTE	928	113.000687	0.291667	0.000000
NOTE	929	113.077623	0.416667	0.000000
NOTE	930	113.231469	0.875000	0.000000
NOTE	931	113.385307	0.333333	0.000000
NOTE	932	113.539162	0.791667	0.000000
NOTE	933	113.693003	0.541667	0.000000
NOTE	934	113.846849	0.541667	0.000000
NOTE	935	114.000695	0.166667	0.000000
NOTE	936	114.154541	0.166667	0.000000
NOTE	937	114.308380	0.791667	0.000000
NOTE	938	114.385307	0.666667	0.000000
NOTE	939	114.462227	0.541667	0.000000
NOTE	940	114.539154	0.666667	0.000000
NOTE	941	114.616082	0.375000	0.000000
NOTE	942	114.693001	0.500000	0.000000
NOTE	943	114.769920	0.375000	0.000000
NOTE	944	114.846840	0.250000	0.000000
NOTE	945	114.923776	0.083333	0.153846
NOTE	946	115.308392	0.875000	0.000000
NOTE	947	115.385307	0.833333	0.000000
NOTE	948	115.385315	0.166667	0.000000
NOTE	949	115.846848	0.375000	0.153850
NOTE	950	116.000694	0.875000	0.000000
NOTE	951	116.077614	0.750000	0.000000
NOTE	952	116.154543	0.583333	0.000000
NOTE	953	116.231468	0.375000	0.000000
NOTE	954	116.308388	0.166667	0.000000
NOTE	955	116.385315	0.083333	0.000000
NOTE	956	116.462234	0.041667	0.000000
NOTE	957	116.539162	0.083333	0.000000
NOTE	958	116.616081	0.208333	0.000000
NOTE	959	116.693001	0.375000	0.000000
NOTE	960	116.769920	0.541667	0.000000
NOTE	961	116.808380	0.708333	0.000000
NOTE	962	116.923767	0.541667	0.000000
NOTE	963	116.962227	0.791667	0.000000
NOTE	964	117.077614	0.541667	0.000000
NOTE	965	117.116074	0.875000	0.000000
NOTE	966	117.231461	0.541667	0.000000
NOTE	967	117.269920	0.958333	0.000000
NOTE	968	117.385309	0.083333	0.000000
NOTE	969	117.539155	0.208333	0.000000
NOTE	970	117.693001	0.333333	0.000000
NOTE	971	117.846848	0.083333	0.000000
NOTE	972	117.846848	0.458333	0.000000
NOTE	973	118.000696	0.791667	0.000000
NOTE	974	118.154542	0.666667	0.000000
NOTE	975	118.308388	0.541667	0.000000
NOTE	976	118.462234	0.541667	0.000000
NOTE	977	118.539154	0.625000	0.000000
NOTE	978	118.616074	0.250000	0.000000
NOTE	979	118.616074	0.750000	0.000000
NOTE	980	118.769920	0.083333	0.000000
NOTE	981	118.769920	0.916667	0.000000
NOTE	982	118.923767	0.083333	0.000000
NOTE	983	118.923767	0.916667	0.000000
NOTE	984	119.077614	0.791667	0.000000
NOTE	985	119.077614	0.208333	0.000000
NOTE	986	119.231462	0.333333	0.000000
NOTE	987	119.308388	0.458333	0.000000
NOTE	988	119.385307	0.583333	0.000000
NOTE	989	119.462234	0.708333	0.000000
NOTE	990	119.539155	0.333333	0.000000
NOTE	991	119.616081	0.458333	0.000000
NOTE	992	119.693001	0.583333	0.000000
NOTE	993	119.769920	0.708333	0.000000
NOTE	994	119.846849	0.875000	0.461542
NOTE	995	120.000695	0.125000	0.000000
NOTE	996	120.154542	0.208333	0.000000
NOTE	997	120.308388	0.125000	0.000000
NOTE	998	120.462236	0.333333	0.461540
NOTE	999	120.616082	0.666667	0.000000
NOTE	1000	120.769920	0.583333	0.000000
NOTE	1001	120.923775	0.666667	0.000000
NOTE	1002	121.077623	0.083333	0.000000
NOTE	1003	121.231469	0.166667	0.000000
NOTE	1004	121.231469	0.875000	0.000000
NOTE	1005	121.385316	0.916667	0.000000
NOTE	1006	121.385316	0.208333	0.000000
NOTE	1007	121.539162	0.125000	0.000000
NOTE	1008	121.539162	0.833333	0.000000
NOTE	1009	121.693001	0.666667	0.000000
NOTE	1010	121.693003	0.291667	0.000000
NOTE	1011	121.846849	0.375000	0.000000
NOTE	1012	122.000695	0.375000	0.000000
NOTE	1013	122.077621	0.625000	0.000000
NOTE	1014	122.154541	0.541667	0.000000
NOTE	1015	122.231461	0.750000	0.000000
NOTE	1016	122.308390	0.083333	0.000000
NOTE	1017	122.308390	0.916667	0.000000
NOTE	1018	122.462236	0.208333	0.000000
NOTE	1019	122.616082	0.083333	0.000000
NOTE	1020	122.616082	0.916667	0.000000
NOTE	1021	122.769928	0.208333	0.000000
NOTE	1022	122.923767	0.666667	0.000000
NOTE	1023	122.923767	0.333333	0.000000
NOTE	1024	123.077614	0.666667	0.000000
NOTE	1025	123.154541	0.500000	0.000000
NOTE	1026	123.231461	0.333333	0.000000
NOTE	1027	123.385315	0.666667	0.000000
NOTE	1028	123.385315	0.333333	0.000000
NOTE	1029	123.539154	0.916667	0.000000
NOTE	1030	123.693001	0.916667	0.000000
NOTE	1031	123.693001	0.083333	0.000000
NOTE	1032	123.846848	0.916667	0.000000
NOTE	1033	124.000694	0.083333	0.000000
NOTE	1034	124.000694	0.916667	0.000000
NOTE	1035	124.154541	0.333333	0.000000
NOTE	1036	124.308388	0.708333	0.000000
NOTE	1037	124.462234	0.708333	0.000000
NOTE	1038	124.539158	0.583333	0.000000
NOTE	1039	124.616081	0.458333	0.000000
NOTE	1040	124.693001	0.333333	0.000000
NOTE	1041	124.769930	0.875000	0.000000
NOTE	1042	124.923776	0.125000	0.000000
NOTE	1043	125.077614	0.875000	0.000000
NOTE	1044	125.154541	0.791667	0.000000
NOTE	1045	125.231461	0.708333	0.000000
NOTE	1046	125.308380	0.625000	0.000000
NOTE	1047	125.385307	0.208333	0.000000
NOTE	1048	125.539155	0.375000	0.000000
NOTE	1049	125.693001	0.541667	0.153851
NOTE	1050	125.846848	0.708333	0.000000
NOTE	1051	126.000696	0.125000	0.000000
NOTE	1052	126.154541	0.916667	0.000000
NOTE	1053	126.154542	0.125000	0.000000
NOTE	1054	126.231468	0.833333	0.000000
NOTE	1055	126.308388	0.125000	0.000000
NOTE	1056	126.385315	0.250000	0.000000
NOTE	1057	126.462234	0.375000	0.000000
NOTE	1058	126.539154	0.500000	0.000000
NOTE	1059	126.616083	0.666667	0.000000
NOTE	1060	126.769920	0.708333	0.000000
NOTE	1061	126.923767	0.625000	0.000000
NOTE	1062	127.077621	0.666667	0.000000
NOTE	1063	127.231470	0.083333	0.000000
NOTE	1064	127.308380	0.250000	0.000000
NOTE	1065	127.385307	0.083333	0.000000
NOTE	1066	127.462234	0.250000	0.000000
NOTE	1067	127.539146	0.416667	0.000000
NOTE	1068	127.693001	0.416667	0.000000
NOTE	1069	127.769920	0.583333	0.000000
NOTE	1070	127.846840	0.750000	0.000000
NOTE	1071	127.923767	0.916667	0.000000
NOTE	1072	128.000695	0.750000	0.000000
NOTE	1073	128.077606	0.916667	0.000000
NOTE	1074	128.154542	0.750000	0.000000
NOTE	1075	128.231461	0.625000	0.000000
NOTE	1076	128.308380	0.500000	0.000000
NOTE	1077	128.385300	0.375000	0.000000
NOTE	1078	128.465988	0.041667	0.000000
NOTE	1079	128.568558	0.166667	0.000000
NOTE	1080	128.671127	0.291667	0.000000
NOTE	1081	128.773682	0.041667	0.000000
NOTE	1082	128.876251	0.166667	0.000000
NOTE	1083	128.978806	0.291667	0.000000
NOTE	1084	129.077616	0.458333	0.000000
NOTE	1085	129.154541	0.583333	0.000000
NOTE	1086	129.231461	0.708333	0.000000
NOTE	1087	129.308380	0.833333	0.000000
NOTE	1088	129.385315	0.500000	0.000000
NOTE	1089	129.462234	0.625000	0.000000
NOTE	1090	129.539154	0.750000	0.000000
NOTE	1091	129.616074	0.875000	0.000000
NOTE	1092	129.692993	0.208333	0.461543
LINK 12 13
LINK 39 40
LINK 45 46
LINK 56 57
LINK 59 60 61 62
LINK 76 77 78 79 80
LINK 115 116
LINK 140 141 142 143 144 145 146 147
LINK 211 212 214 215 217 218 220 221
LINK 222 224 226 227 229 230 232 233
LINK 244 245 246 247
LINK 258 259 260 261
LINK 272 273 274 275
LINK 331 332 333 335 337 338 340 341
LINK 342 344 345 347 348 350 352 353
LINK 440 442
LINK 441 443
LINK 589 590
LINK 652 654
LINK 655 657
LINK 658 660
LINK 659 661
LINK 683 684 686 687 689 690 692 693
LINK 695 696 697 699 700 702 704 705
LINK 707 708
LINK 710 711
LINK 720 721 722 723
LINK 726 727 728 729 730 731 732 733 734 735
LINK 736 737 738 739
LINK 760 761 762 763 764 765 766 767 768 769
LINK 784 785
LINK 875 876
LINK 878 879
LINK 881 882
LINK 884 885
LINK 888 889
LINK 891 892
LINK 894 895
LINK 918 919 920 921 922 923
LINK 927 928
LINK 937 938 939 940
LINK 941 942 943 944
LINK 950 951
LINK 952 953 954 955 956 957 958 959
LINK 960 961
LINK 962 963
LINK 964 965
LINK 966 967
LINK 976 977
LINK 978 980 982 985
LINK 979 981 983 984
LINK 986 987 988 989
LINK 990 991 992 993
LINK 1012 1013 1014 1015
LINK 1024 1025 1026
LINK 1043 1044 1045 1046
LINK 1052 1054
LINK 1056 1057 1058
LINK 1063 1064 1065 1066
LINK 1068 1069
LINK 1070 1071 1072 1073
LINK 1075 1076 1077
LINK 1078 1079 1080
LINK 1081 1082 1083
LINK 1084 1085 1086 1087
