VERSION 2
BPM 280
PAGE_SHIFT -0.360000014305115
PAGE_SIZE 0.857142857142857
NOTE	0	2.1281726360321	0.400000005960464	0
NOTE	1	2.55674386024475	0.400000005960464	0
NOTE	2	2.985315444214	0.650000035762787	0
NOTE	3	3.4138868536268	0.650000035762787	0
NOTE	4	3.84245813105788	0.300000011920929	0
NOTE	5	4.27102954047067	0.300000011920929	0
NOTE	6	4.69960105632033	0.699999988079071	0
NOTE	7	5.12817246573312	0.699999988079071	0
NOTE	8	5.55674398158278	0.200000002980232	0
NOTE	9	5.77102947235107	0.200000002980232	0
NOTE	10	5.98531532287598	0.200000002980232	0
NOTE	11	6.19960110528128	0.200000002980232	0
NOTE	12	6.41388690684523	0.800000011920929	0
NOTE	13	6.62817262751715	0.800000011920929	0
NOTE	14	6.84245831625802	0.800000011920929	0
NOTE	15	7.05674403054374	0.800000011920929	0
NOTE	16	7.27102994918823	0.400000005960464	0
NOTE	17	7.48531532287598	0.600000023841858	0
NOTE	18	7.69960117340088	0.400000005960464	0
NOTE	19	7.91388702392578	0.600000023841858	0
NOTE	20	8.12817192077637	0.450000017881393	0
NOTE	21	8.34245777130127	0.550000011920929	0
NOTE	22	8.55674362182617	0.450000017881393	0
NOTE	23	8.77102947235107	0.550000011920929	0
NOTE	24	8.98531568263258	0.200000002980232	0
NOTE	25	9.09245854616165	0.800000011920929	0
NOTE	26	9.19960140330451	0.200000002980232	0
NOTE	27	9.41388709204537	0.200000002980232	0
NOTE	28	9.62817280633109	0.200000002980232	0
NOTE	29	9.30674426044737	0.800000011920929	0
NOTE	30	9.52102994918823	0.800000011920929	0
NOTE	31	9.73531566347395	0.800000011920929	0
NOTE	32	9.84245813105788	0.349999994039536	0
NOTE	33	9.94960117340088	0.650000035762787	0
NOTE	34	10.0567436218262	0.349999994039536	0
NOTE	35	10.2710295404707	0.349999994039536	0
NOTE	36	10.4853152547564	0.349999994039536	0
NOTE	37	10.1638867088727	0.650000035762787	0
NOTE	38	10.3781723976135	0.650000035762787	0
NOTE	39	10.5924581118992	0.650000035762787	0
NOTE	40	10.6996015331575	0.2500000	0
NOTE	41	10.8067443966866	0.7500000	0
NOTE	42	10.9138872538294	0.150000005960464	0
NOTE	43	11.1281729425703	0.150000005960464	0
NOTE	44	11.342458656856	0.2500000	0
NOTE	45	11.0210301109723	0.850000023841858	0
NOTE	46	11.2353157997131	0.850000023841858	0
NOTE	47	11.4496015139988	0.7500000	0
NOTE	48	11.5567439815828	0.349999994039536	0
NOTE	49	11.6638868451118	0.650000035762787	0
NOTE	50	11.7710294723511	0.450000017881393	0
NOTE	51	11.8781728744507	0.550000011920929	0
NOTE	52	11.985315322876	0.450000017881393	0
NOTE	53	12.0924587249756	0.550000011920929	0
NOTE	54	12.1996011052813	0.349999994039536	0
NOTE	55	12.3067439624241	0.650000035762787	0
NOTE	56	12.4138873836824	0.2500000	0
NOTE	57	12.5210294723511	0.179166674613953	0
NOTE	58	12.6281719207764	0.120833337306976	0
NOTE	59	12.735315322876	0.100000001490116	0
NOTE	60	12.8424577713013	0.100000001490116	0
NOTE	61	12.9496011734009	0.120833337306976	0
NOTE	62	13.0567436218262	0.179166674613953	0
NOTE	63	13.1638860702515	0.2500000	0
NOTE	64	12.4674587249756	0.7500000	0
NOTE	65	12.5746021270752	0.820833325386047	0
NOTE	66	12.6817445755005	0.879166722297668	0
NOTE	67	12.7888879776001	0.900000035762787	0
NOTE	68	12.8960304260254	0.900000035762787	0
NOTE	69	13.003173828125	0.879166722297668	0
NOTE	70	13.1103162765503	0.820833325386047	0
NOTE	71	13.2161417007446	0.7500000	0
NOTE	72	13.2710298321077	0.349999994039536	0
NOTE	73	13.3781719207764	0.300000011920929	0
NOTE	74	13.4853143692017	0.270833343267441	0
NOTE	75	13.5924577713013	0.2500000	0
NOTE	76	13.6996002197266	0.2500000	0
NOTE	77	13.8067436218262	0.270833343267441	0
NOTE	78	13.9138860702515	0.300000011920929	0
NOTE	79	14.021029812949	0.349999994039536	0
NOTE	80	13.3246021270752	0.650000035762787	0
NOTE	81	13.4317445755005	0.699999988079071	0
NOTE	82	13.5388870239258	0.729166686534882	0
NOTE	83	13.6460304260254	0.7500000	0
NOTE	84	13.7531728744507	0.7500000	0
NOTE	85	13.8603162765503	0.729166686534882	0
NOTE	86	13.9674587249756	0.699999988079071	0
NOTE	87	14.0732851028442	0.650000035762787	0
NOTE	88	14.1281719207764	0.400000005960464	0
NOTE	89	14.2888879776001	0.550000011920929	0
NOTE	90	14.3424577713013	0.450000017881393	0
NOTE	91	14.5031709671021	0.600000023841858	0
NOTE	92	14.5567436218262	0.400000005960464	0
NOTE	93	14.7174596786499	0.550000011920929	0
NOTE	94	14.7710294723511	0.450000017881393	0
NOTE	95	14.9304275512695	0.600000023841858	0
NOTE	96	14.1817426681519	0.600000023841858	0
NOTE	97	14.235315322876	0.450000017881393	0
NOTE	98	14.3960304260254	0.550000011920929	0
NOTE	99	14.4496011734009	0.400000005960464	0
NOTE	100	14.6103143692017	0.600000023841858	0
NOTE	101	14.6638870239258	0.450000017881393	0
NOTE	102	14.8246021270752	0.550000011920929	0
NOTE	103	14.8781719207764	0.400000005960464	0
NOTE	104	14.9853143692017	0.300000011920929	0
NOTE	105	15.0924577713013	0.7500000	0
NOTE	106	14.9853143692017	0.699999988079071	0
NOTE	107	15.0924577713013	0.2500000	0
NOTE	108	15.1996002197266	0.7500000	0
NOTE	109	15.3067436218262	0.300000011920929	0
NOTE	110	15.1996002197266	0.2500000	0
NOTE	111	15.3067436218262	0.699999988079071	0
NOTE	112	15.8424577713013	0.2500000	0
NOTE	113	15.9496011734009	0.349999994039536	0
NOTE	114	16.0567436218262	0.420833349227905	0
NOTE	115	16.1638870239258	0.450000017881393	0
NOTE	116	16.2710304260254	0.200000002980232	0
NOTE	117	16.378173828125	0.22916667163372	0
NOTE	118	16.485315322876	0.300000011920929	0
NOTE	119	16.5924587249756	0.400000005960464	0
NOTE	120	15.8424577713013	0.150000005960464	0.4285716
NOTE	121	16.6996021270752	0.650000035762787	0
NOTE	122	16.9138889312744	0.841666638851166	0
NOTE	123	16.9853172323533	0.5000000	0
NOTE	124	17.1996021292039	0.900000035762787	0
NOTE	125	17.2710304302828	0.533333420753479	0
NOTE	126	17.4674587249756	0.7500000	0
NOTE	127	16.771031063937	0.7500000	0
NOTE	128	16.8424600007988	0.533333420753479	0
NOTE	129	17.0567455334323	0.900000035762787	0
NOTE	130	17.128173828125	0.5000000	0
NOTE	131	17.3424587249756	0.841666638851166	0
NOTE	132	17.3960304260254	0.650000035762787	0
NOTE	133	17.6103134155273	0.220833331346512	0
NOTE	134	17.6638870239258	0.170833334326744	0
NOTE	135	17.7710304260254	0.100000001490116	0
NOTE	136	17.8781719207764	0.100000001490116	0
NOTE	137	17.985315322876	0.150000005960464	0
NOTE	138	18.0924587249756	0.220833331346512	0
NOTE	139	18.1996002197266	0.341666698455811	0
NOTE	140	18.3067436218262	0.591666638851166	0
NOTE	141	17.5567436218262	0.291666686534882	0
NOTE	142	17.717456817627	0.120833337306976	0
NOTE	143	17.8246002197266	0.0875000059604645	0
NOTE	144	17.9317417144775	0.120833337306976	0
NOTE	145	18.0388851165771	0.179166674613953	0
NOTE	146	18.1460285186768	0.270833343267441	0
NOTE	147	18.2531700134277	0.441666692495346	0
NOTE	148	18.4138870239258	0.699999988079071	0
NOTE	149	18.5210304260254	0.770833313465118	0
NOTE	150	18.628173828125	0.679166674613953	0
NOTE	151	18.7888889312744	0.883333265781403	0
NOTE	152	18.8424587930952	0.633333504199982	0
NOTE	153	18.9710300464715	0.629166722297668	0
NOTE	154	19.0996013679675	0.741666615009308	0
NOTE	155	18.467456817627	0.891666650772095	0
NOTE	156	18.5746040344238	0.716666758060455	0
NOTE	157	18.6817436218262	0.883333265781403	0
NOTE	158	18.735315322876	0.645833432674408	0
NOTE	159	18.9067443857236	0.854166567325592	0
NOTE	160	19.0353157120092	0.791666626930237	0
NOTE	161	19.1638870239258	0.62500011920929	0
NOTE	162	19.271030785782	0.200000002980232	0.4285714
NOTE	163	19.2710304260254	0.2500000	0
NOTE	164	19.378173828125	0.270833343267441	0
NOTE	165	19.4853172302246	0.349999994039536	0
NOTE	166	19.5924587249756	0.450000017881393	0
NOTE	167	19.6996021270752	0.200000002980232	0
NOTE	168	19.8067455291748	0.300000011920929	0
NOTE	169	19.9138870239258	0.379166662693024	0
NOTE	170	20.0210304260254	0.400000005960464	0
NOTE	171	20.1281719207764	0.7500000	0
NOTE	172	20.235315322876	0.650000035762787	0
NOTE	173	20.3424587249756	0.600000023841858	0
NOTE	174	20.4496002197266	0.7500000	0
NOTE	175	20.5567436218262	0.699999988079071	0
NOTE	176	20.6638870239258	0.600000023841858	0
NOTE	177	20.7710285186768	0.600000023841858	0.1071447
NOTE	178	20.985315322876	0.279166668653488	0
NOTE	179	21.0388867855072	0.358333319425583	0
NOTE	180	21.0924582481384	0.400000005960464	0
NOTE	181	21.1460297107697	0.429166674613953	0
NOTE	182	21.1996011734009	0.441666692495346	0
NOTE	183	21.2531726360321	0.420833349227905	0
NOTE	184	21.3067440986633	0.349999994039536	0
NOTE	185	21.3603155612946	0.233333334326744	0
NOTE	186	21.6281728063311	0.5000000	0.1071442
NOTE	187	21.4138870920454	0.150000005960464	0.2142863
NOTE	188	21.8424587249756	0.2500000	0
NOTE	189	21.9067443857236	0.2500000	0
NOTE	190	21.9710300464715	0.279166668653488	0
NOTE	191	22.0353157120092	0.32083335518837	0
NOTE	192	22.0996013679675	0.400000005960464	0
NOTE	193	22.1638870239258	0.5000000	0
NOTE	194	22.2710304260254	0.600000023841858	0
NOTE	195	22.3353160867734	0.666666746139526	0
NOTE	196	22.3996017475213	0.712499976158142	0
NOTE	197	22.463887413059	0.720833301544189	0
NOTE	198	22.5281730690173	0.650000035762787	0
NOTE	199	22.5924587249756	0.5000000	0
NOTE	200	22.6996021270752	0.150000005960464	0
NOTE	201	22.8067455291748	0.150000005960464	0
NOTE	202	22.9138889312744	0.150000005960464	0
NOTE	203	23.0210304260254	0.150000005960464	0
NOTE	204	23.128173828125	0.300000011920929	0
NOTE	205	23.2353172302246	0.300000011920929	0
NOTE	206	23.3424587249756	0.300000011920929	0
NOTE	207	23.4496021270752	0.300000011920929	0
NOTE	208	23.7710304260254	0.450000017881393	0
NOTE	209	23.8781719207764	0.550000011920929	0
NOTE	210	24.0924587249756	0.349999994039536	0
NOTE	211	24.1996002197266	0.450000017881393	0
NOTE	212	24.4138873836824	0.850000023841858	0
NOTE	213	24.5210302472115	0.850000023841858	0
NOTE	214	24.6281731043543	0.850000023841858	0
NOTE	215	24.7353159614972	0.699999988079071	0
NOTE	216	24.8424587930952	0.699999988079071	0
NOTE	217	24.949601650238	0.699999988079071	0
NOTE	218	25.0567436218262	0.550000011920929	0.1071440
NOTE	219	25.2710304260254	0.349999994039536	0
NOTE	220	25.378173828125	0.349999994039536	0
NOTE	221	25.4853172302246	0.2500000	0
NOTE	222	25.5924587249756	0.2500000	0
NOTE	223	25.6996021270752	0.150000005960464	0.2142855
NOTE	224	40.7006002197741	0.349166661500931	0
NOTE	225	40.747517181444	0.305833280086517	0
NOTE	226	40.7934346924303	0.276666641235352	0
NOTE	227	40.8393560181139	0.264166653156281	0
NOTE	228	40.8852735291002	0.264166653156281	0
NOTE	229	40.9311910400866	0.276666641235352	0
NOTE	230	40.9771085510729	0.29749995470047	0
NOTE	231	41.0210304260254	0.349999994039536	0
NOTE	232	41.1291738281725	0.649166703224182	0
NOTE	233	41.1760907898424	0.697499930858612	0
NOTE	234	41.2220083008287	0.71916663646698	0
NOTE	235	41.2679258118151	0.731666624546051	0
NOTE	236	41.3138433228014	0.731666624546051	0
NOTE	237	41.359764648485	0.71916663646698	0
NOTE	238	41.4056821594713	0.697499930858612	0
NOTE	239	41.4506002197741	0.649166703224182	0
NOTE	240	26.985315322876	0.650000035762787	0
NOTE	241	27.0322328339098	0.690833330154419	0
NOTE	242	27.0781522522448	0.719999969005585	0
NOTE	243	27.1240697632311	0.732499957084656	0
NOTE	244	27.1699891815661	0.732499957084656	0
NOTE	245	27.2159066925524	0.719999969005585	0
NOTE	246	27.2618242035387	0.699166655540466	0
NOTE	247	27.3067436218262	0.650000035762787	0
NOTE	248	27.4138870239258	0.349999994039536	0
NOTE	249	27.4608045349596	0.299166679382324	0
NOTE	250	27.5067239532946	0.277500003576279	0
NOTE	251	27.5526414642809	0.264999985694885	0
NOTE	252	27.5985608826159	0.264999985694885	0
NOTE	253	27.6444783936022	0.277500003576279	0
NOTE	254	27.6903959045885	0.299166679382324	0
NOTE	255	27.735315322876	0.349999994039536	0
NOTE	256	41.5577436218737	0.399166643619537	0
NOTE	257	42.3067436218262	0.600000023841858	0
NOTE	258	41.6648870239733	0.307500004768372	0
NOTE	259	42.2006002197741	0.690833389759064	0
NOTE	260	41.7720304260729	0.257500052452087	0
NOTE	261	42.0934606323717	0.740833342075348	0
NOTE	262	41.8791738281725	0.249166682362556	0
NOTE	263	41.9863172302721	0.749166667461395	0
NOTE	264	41.7184568176745	0.278333365917206	0
NOTE	265	42.1470304260729	0.719999969005585	0
NOTE	266	41.6113172302721	0.349166631698608	0
NOTE	267	42.2541738281725	0.649166643619537	0
NOTE	268	41.8256002197741	0.249166682362556	0
NOTE	269	42.0398870239733	0.749166667461395	0
NOTE	270	28.6996005794832	0.5000000	0.4285732
NOTE	271	29.5567436218262	0.850000023841858	0.4285726
NOTE	272	29.5567436218262	0.7500000	0
NOTE	273	29.6638870239258	0.650000035762787	0
NOTE	274	29.7710304260254	0.57916671037674	0
NOTE	275	29.8781719207764	0.550000011920929	0
NOTE	276	29.985315322876	0.800000011920929	0
NOTE	277	30.0924587249756	0.770833313465118	0
NOTE	278	30.1996002197266	0.699999988079071	0
NOTE	279	30.3067436218262	0.600000023841858	0
NOTE	280	30.4138870239258	0.400000005960464	0
NOTE	281	30.5567448976494	0.329166650772095	0
NOTE	282	30.6996021292039	0.300000011920929	0
NOTE	283	30.9138870260545	0.279166668653488	0
NOTE	284	31.0567436218262	0.32083335518837	0
NOTE	285	31.1817436218262	0.400000005960464	0
NOTE	286	30.4853159607876	0.150000005960464	0
NOTE	287	30.628173828125	0.220833331346512	0
NOTE	288	30.7710304302828	0.270833343267441	0
NOTE	289	30.8424587249756	0.2500000	0
NOTE	290	30.9853153271334	0.200000002980232	0
NOTE	291	31.128173828125	0.150000005960464	0
NOTE	292	31.2710304260254	0.850000023841858	0
NOTE	293	31.4317436218262	0.558333396911621	0
NOTE	294	31.4853172302246	0.650000035762787	0
NOTE	295	31.6460285186768	0.5000000	0
NOTE	296	31.6996021270752	0.57916671037674	0
NOTE	297	31.860315322876	0.370833337306976	0
NOTE	298	31.9138870239258	0.600000023841858	0
NOTE	299	31.3246040344238	0.5000000	0
NOTE	300	31.378173828125	0.729166686534882	0
NOTE	301	31.5388870239258	0.550000011920929	0
NOTE	302	31.5924587249756	0.600000023841858	0
NOTE	303	31.7531719207764	0.450000017881393	0
NOTE	304	31.8067455291748	0.570833325386047	0
NOTE	305	31.9674606323242	0.2500000	0
NOTE	306	32.0210304260254	0.699999988079071	0
NOTE	307	32.1281741878816	0.150000005960464	0
NOTE	308	32.2353172302246	0.120833337306976	0
NOTE	309	32.3424606323242	0.150000005960464	0
NOTE	310	32.4496040344238	0.220833331346512	0
NOTE	311	32.5567474365234	0.408333331346512	0
NOTE	312	32.7710304260254	0.279166668653488	0
NOTE	313	32.8317451477051	0.349999994039536	0
NOTE	314	32.1817436218262	0.800000011920929	0
NOTE	315	32.288890838623	0.779166698455811	0
NOTE	316	32.3960342407227	0.720833301544189	0
NOTE	317	32.5031776428223	0.600000023841858	0
NOTE	318	32.6281751018195	0.300000011920929	0
NOTE	319	32.6996027671155	0.254166603088379	0
NOTE	320	32.878173828125	0.470833420753479	0
NOTE	321	32.9853137752839	0.800000011920929	0.4285743
NOTE	322	32.9853137752839	0.7500000	0
NOTE	323	33.0924606323242	0.729166686534882	0
NOTE	324	33.1996040344238	0.650000035762787	0
NOTE	325	33.3067474365234	0.550000011920929	0
NOTE	326	33.4138851846967	0.800000011920929	0
NOTE	327	33.5210304260254	0.699999988079071	0
NOTE	328	33.628173828125	0.620833337306976	0
NOTE	329	33.7353172302246	0.600000023841858	0
NOTE	330	33.8424571773836	0.400000005960464	0
NOTE	331	33.9496002197266	0.200000002980232	0
NOTE	332	34.0567436218262	0.400000005960464	0
NOTE	333	34.1638870239258	0.2500000	0
NOTE	334	34.2710304260254	0.400000005960464	0
NOTE	335	34.3781700134277	0.300000011920929	0
NOTE	336	34.4853143010821	0.400000005960464	0.1071457
NOTE	337	34.6996005794832	0.600000023841858	0.2142875
NOTE	338	35.128173828125	0.5000000	0.2142853
NOTE	339	35.342456817627	0.349999994039536	0.1071452
NOTE	340	34.6996002197266	0.650000035762787	0
NOTE	341	34.7621008573721	0.729166686534882	0
NOTE	342	34.8246014950176	0.779166698455811	0
NOTE	343	34.8871021270752	0.791666626930237	0
NOTE	344	34.9496027703087	0.7500000	0
NOTE	345	35.0121033911903	0.679166674613953	0
NOTE	346	35.0746040344238	0.550000011920929	0
NOTE	347	35.5567436218262	0.200000002980232	0
NOTE	348	35.6210296640439	0.150000005960464	0
NOTE	349	35.6853157062616	0.100000001490116	0
NOTE	350	35.749601753269	0.0875000059604645	0
NOTE	351	35.813887790697	0.100000001490116	0
NOTE	352	35.8781725593976	0.162499994039536	0
NOTE	353	35.9853153909956	0.2500000	0
NOTE	354	36.0496025095028	0.349999994039536	0
NOTE	355	36.1138877887811	0.400000005960464	0
NOTE	356	36.1781730728489	0.441666692495346	0
NOTE	357	36.2424583473376	0.470833361148834	0
NOTE	358	36.3067436218262	0.479166656732559	0
NOTE	359	36.4138870239258	0.650000035762787	0
NOTE	360	36.5210304260254	0.7500000	0
NOTE	361	36.628173828125	0.820833325386047	0
NOTE	362	36.7353172302246	0.850000023841858	0
NOTE	363	36.9496002197266	0.679166674613953	0
NOTE	364	36.8424606323242	0.650000035762787	0
NOTE	365	37.0567436218262	0.7500000	0
NOTE	366	37.1638870239258	0.850000023841858	0
NOTE	367	37.4853172302246	0.550000011920929	0
NOTE	368	37.5924606323242	0.450000017881393	0
NOTE	369	37.8067436218262	0.5000000	0
NOTE	370	37.9138870239258	0.400000005960464	0
NOTE	371	38.128173828125	0.2500000	0
NOTE	372	38.2353172302246	0.100000001490116	0
NOTE	373	38.3424606323242	0.300000011920929	0
NOTE	374	38.4496040344238	0.100000001490116	0
NOTE	375	38.5567474365234	0.300000011920929	0
NOTE	376	38.6638870239258	0.150000005960464	0
NOTE	377	38.7710313115801	0.300000011920929	0.1071430
NOTE	378	38.9853175899812	0.5000000	0
NOTE	379	39.0924604535103	0.600000023841858	0
NOTE	380	39.1996033106531	0.699999988079071	0
NOTE	381	39.306746167796	0.800000011920929	0
NOTE	382	39.413888999394	0.850000023841858	0.2142826
NOTE	383	26.5567436218262	0.349999994039536	0
NOTE	384	26.6026619523003	0.300000011920929	0
NOTE	385	26.6485802827745	0.278333336114883	0
NOTE	386	26.694498608459	0.26583331823349	0
NOTE	387	26.7404169437228	0.26583331823349	0
NOTE	388	26.7863352694073	0.278333336114883	0
NOTE	389	26.8322535950919	0.300000011920929	0
NOTE	390	26.8781719207764	0.349999994039536	0
NOTE	391	26.1281719207764	0.650000035762787	0
NOTE	392	26.1740902512505	0.691666662693024	0
NOTE	393	26.2200085817247	0.720833301544189	0
NOTE	394	26.2659269074092	0.733333289623261	0
NOTE	395	26.311845242673	0.733333289623261	0
NOTE	396	26.3577635683575	0.720833301544189	0
NOTE	397	26.4036818940421	0.699999988079071	0
NOTE	398	26.4496002197266	0.650000035762787	0
NOTE	399	39.842456817627	0.349999994039536	0
NOTE	400	39.8893743286608	0.306666612625122	0
NOTE	401	39.9352918396471	0.277499973773956	0
NOTE	402	39.9812131653307	0.264999985694885	0
NOTE	403	40.027130676317	0.264999985694885	0
NOTE	404	40.0730481873034	0.277499973773956	0
NOTE	405	40.1189656982897	0.298333287239075	0
NOTE	406	40.1638870239258	0.349999994039536	0
NOTE	407	40.2710304260254	0.650000035762787	0
NOTE	408	40.3179479370592	0.698333263397217	0
NOTE	409	40.3638654480455	0.719999939203262	0
NOTE	410	40.4097829590319	0.732499957084656	0
NOTE	411	40.4557004700182	0.732499957084656	0
NOTE	412	40.5016217957018	0.719999939203262	0
NOTE	413	40.5475393066881	0.698333263397217	0
NOTE	414	40.592456817627	0.650000035762787	0
NOTE	415	42.4138873836824	0.349999994039536	0
NOTE	416	42.628173828125	0.400000005960464	0
NOTE	417	42.8424606323242	0.600000023841858	0
NOTE	418	42.9496002197266	0.650000035762787	0
NOTE	419	43.0567436218262	0.650000035762787	0
NOTE	420	43.2710304260254	0.5000000	0
NOTE	421	43.6996040344238	0.300000011920929	0.2142838
NOTE	422	44.128173828125	0.5000000	0
NOTE	423	44.5567474365234	0.699999988079071	0
NOTE	424	44.7710304260254	0.699999988079071	0
NOTE	425	45.413890838623	0.400000005960464	0.2142827
NOTE	426	44.9853172302246	0.5000000	0
NOTE	427	45.038890838623	0.379166662693024	0
NOTE	428	45.0924606323242	0.300000011920929	0
NOTE	429	45.1460304260254	0.2500000	0
NOTE	430	45.1996040344238	0.22916667163372	0
NOTE	431	45.253173828125	0.2500000	0
NOTE	432	45.3067474365234	0.300000011920929	0
NOTE	433	45.3424606323242	0.349999994039536	0
NOTE	434	45.8424571773836	0.600000023841858	0
NOTE	435	46.0567428980555	0.600000023841858	0
NOTE	436	46.2710304260254	0.699999988079071	0.2142860
NOTE	437	46.6996002197266	0.150000005960464	0.6428590
NOTE	438	46.6996005794832	0.349999994039536	0.4285733
NOTE	439	47.5567439815828	0.2500000	0.6428585
NOTE	440	47.5567439815828	0.450000017881393	0.4285728
NOTE	441	48.4138873836824	0.850000023841858	0.6428580
NOTE	442	48.4138873836824	0.650000035762787	0.4285722
NOTE	443	49.2710304260254	0.7500000	0.6428575
NOTE	444	49.271030785782	0.550000011920929	0.4285717
NOTE	445	50.1281741878816	0.5000000	0
NOTE	446	50.5567474365234	0.600000023841858	0.2142838
NOTE	447	50.9853172302246	0.5000000	0
NOTE	448	51.413890838623	0.400000005960464	0
NOTE	449	51.628173828125	0.400000005960464	0
NOTE	450	51.842456817627	0.550000011920929	0
NOTE	451	51.8960266113281	0.600000023841858	0
NOTE	452	51.9496002197266	0.650000035762787	0
NOTE	453	52.003173828125	0.699999988079071	0
NOTE	454	52.0567436218262	0.699999988079071	0
NOTE	455	52.1638870239258	0.550000011920929	0
NOTE	456	52.2710304260254	0.349999994039536	0
NOTE	457	52.3781700134277	0.450000017881393	0
NOTE	458	52.4853143010821	0.550000011920929	0
NOTE	459	52.5924571582249	0.650000035762787	0
NOTE	460	52.6996005794832	0.200000002980232	0
NOTE	461	52.9138870239258	0.800000011920929	0.2142866
NOTE	462	53.128171988896	0.200000002980232	0.2142855
NOTE	463	53.5567436218262	0.800000011920929	0.6428586
NOTE	464	53.5567436218262	0.5000000	0
NOTE	465	53.878173828125	0.7500000	0
NOTE	466	54.1996002197266	0.600000023841858	0
NOTE	467	54.4138870239258	0.200000002980232	0.6428580
NOTE	468	54.4138870239258	0.550000011920929	0
NOTE	469	54.7353172302246	0.400000005960464	0
NOTE	470	55.0567436218262	0.2500000	0
NOTE	471	55.2710304260254	0.300000011920929	0
NOTE	472	55.5924606323242	0.450000017881393	0
NOTE	473	55.9138870239258	0.600000023841858	0
NOTE	474	55.271030785782	0.800000011920929	0.6428575
NOTE	475	56.1281741878816	0.200000002980232	0.6428570
NOTE	476	56.1281741878816	0.650000035762787	0
NOTE	477	56.4496027656964	0.7500000	0
NOTE	478	56.7710304260254	0.600000023841858	0
NOTE	479	56.9853175899812	0.5000000	0
NOTE	480	57.413890838623	0.300000011920929	0.2142828
NOTE	481	57.0924606323242	0.400000005960464	0
NOTE	482	57.1460342407227	0.349999994039536	0
NOTE	483	57.1996040344238	0.32083335518837	0
NOTE	484	57.253173828125	0.308333307504654	0
NOTE	485	57.8424571773836	0.5000000	0
NOTE	486	58.2710285867964	0.699999988079071	0
NOTE	487	58.4853143010821	0.699999988079071	0
NOTE	488	58.0567436218262	0.600000023841858	0
NOTE	489	58.6996005794832	0.5000000	0
NOTE	490	58.9138863001551	0.349999994039536	0
NOTE	491	59.128173828125	0.300000011920929	0
NOTE	492	59.3424577031817	0.349999994039536	0
NOTE	493	59.4496005603245	0.650000035762787	0
NOTE	494	59.5567439815828	0.5000000	0
NOTE	495	59.7710304260254	0.650000035762787	0
NOTE	496	59.9853172302246	0.699999988079071	0
NOTE	497	60.1996002197266	0.650000035762787	0
NOTE	498	60.4138870239258	0.150000005960464	0.6428581
NOTE	499	60.4138873836824	0.300000011920929	0
NOTE	500	60.8424606323242	0.450000017881393	0
NOTE	501	60.8960304260254	0.450000017881393	0
NOTE	502	60.9496002197266	0.450000017881393	0
NOTE	503	61.003173828125	0.450000017881393	0
NOTE	504	61.271030785782	0.850000023841858	0.6428576
NOTE	505	61.271030785782	0.699999988079071	0
NOTE	506	61.6996040344238	0.550000011920929	0
NOTE	507	61.753173828125	0.550000011920929	0
NOTE	508	61.8067436218262	0.550000011920929	0
NOTE	509	61.8603172302246	0.550000011920929	0
NOTE	510	62.0210307666234	0.349999994039536	0
NOTE	511	62.1281741878816	0.2500000	0
NOTE	512	62.1281741878816	0.150000005960464	0.6428570
NOTE	513	62.878173828125	0.650000035762787	0
NOTE	514	62.9853175899812	0.7500000	0
NOTE	515	62.9853175899812	0.850000023841858	0.6428565
NOTE	516	62.5567455972944	0.650000035762787	0
NOTE	517	62.6103172302246	0.650000035762787	0
NOTE	518	62.6638870239258	0.650000035762787	0
NOTE	519	62.7174606323242	0.650000035762787	0
NOTE	520	63.413888999394	0.349999994039536	0
NOTE	521	63.4674606323242	0.349999994039536	0
NOTE	522	63.5210304260254	0.349999994039536	0
NOTE	523	63.5746040344238	0.349999994039536	0
NOTE	524	63.8424571773836	0.5000000	0
NOTE	525	64.2710266113281	0.5000000	0.2142899
NOTE	526	64.6996005794832	0.300000011920929	0
NOTE	527	64.9138863001551	0.300000011920929	0
NOTE	528	65.128171988896	0.699999988079071	0
NOTE	529	65.3424577031817	0.699999988079071	0
NOTE	530	65.5567477962801	0.5000000	0
NOTE	531	65.771033516952	0.550000011920929	0
NOTE	532	65.8781763740948	0.450000017881393	0
NOTE	533	65.9853192056928	0.349999994039536	0
NOTE	534	66.0924620628357	0.650000035762787	0
NOTE	535	66.1996049199786	0.550000011920929	0
NOTE	536	66.3067477771214	0.450000017881393	0
NOTE	537	66.4138870239258	0.850000023841858	0
NOTE	538	66.8424606323242	0.850000023841858	0.2142845
NOTE	539	66.628173828125	0.150000005960464	0.2142856
NOTE	540	67.6996002197266	0.699999988079071	0
NOTE	541	68.3419189453125	0.566666752099991	0
NOTE	542	68.5567474365234	0.433333456516266	0
NOTE	543	67.2710266113281	0.699999988079071	0
NOTE	544	67.4853134155273	0.699999988079071	0
NOTE	545	68.128173828125	0.566666781902313	0
NOTE	546	68.3419189453125	0.433333337306976	0
NOTE	547	67.2710269710847	0.300000011920929	0
NOTE	548	67.4853126917567	0.566666662693024	0
NOTE	549	69.8424606323242	0.699999988079071	0
NOTE	550	68.9847717285156	0.566666670640309	0
NOTE	551	68.9847717285156	0.433333341280619	0
NOTE	552	69.1990588114282	0.433333341280619	0
NOTE	553	69.2704849243164	0.633333504199982	0
NOTE	554	69.3419189453125	0.504166841506958	0
NOTE	555	69.4847717285156	0.387499988079071	0
NOTE	556	69.5561981201172	0.57916671037674	0
NOTE	557	69.628173828125	0.499999970197678	0
NOTE	558	69.6990585327148	0.541666626930237	0
NOTE	559	69.7704849243164	0.462500035762787	0
NOTE	560	69.4133453369141	0.516666769981384	0
NOTE	561	69.1990587881633	0.300000011920929	0
NOTE	562	71.1282653808594	0.150000005960464	0
NOTE	563	71.1814270019531	0.200000002980232	0
NOTE	564	71.2350006103516	0.400000005960464	0
NOTE	565	71.28857421875	0.300000011920929	0
NOTE	566	71.3421401977539	0.200000002980232	0
NOTE	567	71.3957138061523	0.400000005960464	0
NOTE	568	71.4492874145508	0.300000011920929	0
NOTE	569	71.5018539428711	0.5000000	0
NOTE	570	71.1282653808594	0.300000011920929	0
NOTE	571	71.1814270019531	0.349999994039536	0
NOTE	572	71.2350006103516	0.2500000	0
NOTE	573	71.28857421875	0.450000017881393	0
NOTE	574	71.3421401977539	0.349999994039536	0
NOTE	575	71.3957138061523	0.2500000	0
NOTE	576	71.4492874145508	0.450000017881393	0
NOTE	577	71.5018539428711	0.349999994039536	0
NOTE	578	70.6996917724609	0.850000023841858	0
NOTE	579	70.7528533935547	0.800000011920929	0
NOTE	580	70.8064270019531	0.600000023841858	0
NOTE	581	70.8600006103516	0.699999988079071	0
NOTE	582	70.91357421875	0.650000035762787	0
NOTE	583	70.9671401977539	0.7500000	0
NOTE	584	71.0207138061523	0.550000011920929	0
NOTE	585	71.0742874145508	0.650000035762787	0
NOTE	586	70.6996917724609	0.699999988079071	0
NOTE	587	70.7528533935547	0.650000035762787	0
NOTE	588	70.8064270019531	0.7500000	0
NOTE	589	70.8600006103516	0.550000011920929	0
NOTE	590	70.91357421875	0.800000011920929	0
NOTE	591	70.9671401977539	0.600000023841858	0
NOTE	592	71.0207138061523	0.699999988079071	0
NOTE	593	71.0742874145508	0.5000000	0
NOTE	594	71.5568389892578	0.7500000	0
NOTE	595	71.6996994018555	0.679166674613953	0
NOTE	596	71.9139862060547	0.7500000	0
NOTE	597	71.6282577514648	0.850000023841858	0
NOTE	598	71.771125793457	0.820833325386047	0
NOTE	599	71.8425445556641	0.650000035762787	0
NOTE	600	71.9854125976563	0.195833340287209	0
NOTE	601	72.1996917724609	0.179166659712791	0
NOTE	602	72.2711181640625	0.300000011920929	0
NOTE	603	72.0568313598633	0.150000005960464	0
NOTE	604	72.1282730102539	0.275000020861626	0
NOTE	605	72.3246994018555	0.258333325386047	0
NOTE	606	72.4139785766602	0.5000000	0
NOTE	607	72.4496765136719	0.658333361148834	0
NOTE	608	72.5211181640625	0.620833337306976	0
NOTE	609	72.5746841430664	0.770833313465118	0
NOTE	610	72.6282653808594	0.691666662693024	0
NOTE	611	72.6818466186523	0.841666638851166	0
NOTE	612	72.7354049682617	0.733333289623261	0
NOTE	613	72.7889862060547	0.870833337306976	0
NOTE	614	72.8425521850586	0.733333289623261	0
NOTE	615	72.8961334228516	0.841666638851166	0
NOTE	616	72.9496917724609	0.691666662693024	0
NOTE	617	73.0032501220703	0.770833313465118	0
NOTE	618	73.0568313598633	0.620833337306976	0
NOTE	619	73.1104125976563	0.658333361148834	0
NOTE	620	73.1639785766602	0.5000000	0
NOTE	621	73.2711171252387	0.32083335518837	0
NOTE	622	73.3246994018555	0.291666686534882	0
NOTE	623	73.3782577514648	0.258333325386047	0
NOTE	624	73.4318237304688	0.200000002980232	0
NOTE	625	73.4854049682617	0.150000005960464	0
NOTE	626	73.5389633178711	0.220833331346512	0
NOTE	627	73.5925445556641	0.275000005960464	0
NOTE	628	73.646110534668	0.283333331346512	0
NOTE	629	73.6996917724609	0.21249994635582	0
NOTE	630	73.771110534668	0.237499997019768	0
NOTE	631	73.8603897094727	0.266666620969772	0
NOTE	632	73.9496917724609	0.32083335518837	0
NOTE	633	74.0211181640625	0.375000059604645	0
NOTE	634	74.0568389892578	0.47500005364418	0
NOTE	635	74.1282643420356	0.600000023841858	0
NOTE	636	74.2354049682617	0.699999988079071	0
NOTE	637	74.3425521850586	0.699999988079071	0
NOTE	638	74.4496917724609	0.600000023841858	0
NOTE	639	74.5568389892578	0.650000035762787	0
NOTE	640	74.6104202270508	0.699999988079071	0
NOTE	641	74.6639785766602	0.7500000	0
NOTE	642	74.7175598144531	0.770833313465118	0
NOTE	643	74.7711181640625	0.758333384990692	0
NOTE	644	74.8246994018555	0.699999988079071	0
NOTE	645	74.8782653808594	0.641666650772095	0
NOTE	646	74.9854049682617	0.150000005960464	0
NOTE	647	75.0925445556641	0.300000011920929	0
NOTE	648	75.1996917724609	0.200000002980232	0
NOTE	649	75.3068313598633	0.349999994039536	0
NOTE	650	75.4139785766602	0.2500000	0
NOTE	651	75.5211181640625	0.400000005960464	0
NOTE	652	75.6282577514648	0.300000011920929	0.1071491
NOTE	653	75.8425521850586	0.600000023841858	0
NOTE	654	75.896110534668	0.699999988079071	0
NOTE	655	75.9496917724609	0.7500000	0
NOTE	656	76.0032577514648	0.770833313465118	0
NOTE	657	76.0568389892578	0.779166698455811	0
NOTE	658	76.1103973388672	0.758333384990692	0
NOTE	659	76.1639785766602	0.729166686534882	0
NOTE	660	76.2175445556641	0.679166674613953	0
NOTE	661	76.271125793457	0.650000035762787	0.2142811
NOTE	662	76.4854049682617	0.5000000	0.1071448
NOTE	663	77.1293411254883	0.578333616256714	0
NOTE	664	77.1934112558375	0.499166876077652	0
NOTE	665	77.2574813861868	0.458333313465118	0
NOTE	666	77.3215515213096	0.450000017881393	0
NOTE	667	77.3856216468853	0.479166656732559	0
NOTE	668	77.4496917724609	0.570833325386047	0
NOTE	669	76.6996917724609	0.699999988079071	0
NOTE	670	76.7639770517392	0.820833325386047	0
NOTE	671	76.8282623310174	0.850000023841858	0
NOTE	672	76.8925476150853	0.850000023841858	0
NOTE	673	76.9568328895739	0.820833325386047	0
NOTE	674	77.0211181640625	0.7500000	0
NOTE	675	77.6639785766602	0.150000005960464	0
NOTE	676	77.6639785766602	0.300000011920929	0
NOTE	677	77.8782653808594	0.150000005960464	0
NOTE	678	77.5568389892578	0.850000023841858	0
NOTE	679	78.1996917724609	0.600000023841858	0
NOTE	680	78.0925521850586	0.2500000	0
NOTE	681	78.3068389892578	0.2500000	0
NOTE	682	78.1996917724609	0.7500000	0
NOTE	683	78.3068389892578	0.400000005960464	0
NOTE	684	77.771125793457	0.850000023841858	0
NOTE	685	77.9854125976563	0.7500000	0
NOTE	686	77.556837950434	0.699999988079071	0
NOTE	687	78.6282653808594	0.450000017881393	0
NOTE	688	78.7354049682617	0.550000011920929	0
NOTE	689	78.9496917724609	0.550000011920929	0
NOTE	690	79.0568313598633	0.450000017881393	0
NOTE	691	79.2711181640625	0.2500000	0
NOTE	692	79.3782577514648	0.7500000	0
NOTE	693	79.4854049682617	0.200000002980232	0
NOTE	694	79.6996917724609	0.2500000	0
NOTE	695	79.5925445556641	0.800000011920929	0
NOTE	696	79.8068313598633	0.7500000	0
NOTE	697	79.9139742680958	0.300000011920929	0.1071502
NOTE	698	80.1282653808594	0.5000000	0
NOTE	699	80.3425521850586	0.600000023841858	0
NOTE	700	80.2354049682617	0.550000011920929	0
NOTE	701	80.4496917724609	0.650000035762787	0
NOTE	702	80.5568389892578	0.699999988079071	0.2142822
NOTE	703	80.9854049682617	0.150000005960464	0
NOTE	704	81.0389862060547	0.300000011920929	0
NOTE	705	81.0925445556641	0.300000011920929	0
NOTE	706	81.146110534668	0.200000002980232	0
NOTE	707	81.1996917724609	0.200000002980232	0
NOTE	708	81.2532730102539	0.300000011920929	0
NOTE	709	81.3068313598633	0.300000011920929	0
NOTE	710	81.3603973388672	0.150000005960464	0
NOTE	711	81.4139785766602	0.349999994039536	0
NOTE	712	81.4675369262695	0.270833343267441	0
NOTE	713	81.5211181640625	0.200000002980232	0
NOTE	714	81.5746765136719	0.150000005960464	0
NOTE	715	81.6282577514648	0.200000002980232	0
NOTE	716	81.6818237304688	0.270833343267441	0
NOTE	717	81.7354049682617	0.349999994039536	0
NOTE	718	81.8961334228516	0.699999988079071	0
NOTE	719	82.0032730102539	0.7500000	0
NOTE	720	82.1104354858398	0.791666626930237	0
NOTE	721	82.2175598144531	0.850000023841858	0
NOTE	722	81.8425521850586	0.850000023841858	0
NOTE	723	82.0032730102539	0.812499940395355	0
NOTE	724	82.0568389892578	0.729166686534882	0
NOTE	725	82.1639785766602	0.650000035762787	0
NOTE	726	82.271125793457	0.650000035762787	0
NOTE	727	82.3246841430664	0.841666638851166	0
NOTE	728	82.3782653808594	0.7500000	0
NOTE	729	82.4318237304688	0.6541668176651	0
NOTE	730	82.4854049682617	0.7500000	0
NOTE	731	82.5389862060547	0.841666638851166	0
NOTE	732	82.5925521850586	0.650000035762787	0
NOTE	733	83.1818466186523	0.695833206176758	0
NOTE	734	83.2354049682617	0.808333158493042	0
NOTE	735	83.3425445556641	0.758333146572113	0
NOTE	736	83.4496917724609	0.695833206176758	0
NOTE	737	83.1282653808594	0.858333170413971	0
NOTE	738	83.2354049682617	0.858333170413971	0
NOTE	739	83.396110534668	0.858333170413971	0
NOTE	740	83.556837950434	0.5000000	0.4285679
NOTE	741	84.1996950932911	0.5000000	0
NOTE	742	82.7532730102539	0.150000005960464	0
NOTE	743	82.9139785766602	0.300000011920929	0
NOTE	744	82.9675598144531	0.212499991059303	0
NOTE	745	83.0746994018555	0.2500000	0
NOTE	746	82.6996907336371	0.349999994039536	0
NOTE	747	82.8068313598633	0.329166650772095	0
NOTE	748	82.8782577514648	0.179166674613953	0
NOTE	749	83.0211181640625	0.279166668653488	0
NOTE	750	97.2711181640625	0.558333396911621	0
NOTE	751	97.3266988525866	0.585833430290222	0
NOTE	752	97.3802572021959	0.585833430290222	0
NOTE	753	97.4338384399889	0.585833430290222	0
NOTE	754	97.4874044189928	0.573333382606506	0
NOTE	755	97.5409627686022	0.535833358764648	0
NOTE	756	97.5925445556641	0.437499940395355	0
NOTE	757	97.6481252441881	0.385833293199539	0
NOTE	758	97.701691223192	0.44416669011116	0
NOTE	759	97.7552495728014	0.535833358764648	0
NOTE	760	97.8088308105944	0.552500069141388	0
NOTE	761	97.8623891602037	0.565000116825104	0
NOTE	762	97.9159703979967	0.577500104904175	0
NOTE	763	97.9695510864258	0.570833325386047	0
NOTE	764	98.0211181640625	0.558333396911621	0
NOTE	765	97.2711181640625	0.441666692495346	0
NOTE	766	97.325699401903	0.420000016689301	0
NOTE	767	97.3792577515123	0.420000016689301	0
NOTE	768	97.4328389893053	0.420000016689301	0
NOTE	769	97.4864049683092	0.432500034570694	0
NOTE	770	97.5399633179186	0.470000028610229	0
NOTE	771	97.5925445556641	0.562499940395355	0
NOTE	772	97.6471257935045	0.620000023394823	0
NOTE	773	97.7006917725084	0.56166660785675	0
NOTE	774	97.7542501221178	0.470000028610229	0
NOTE	775	97.8078313599108	0.453333377838135	0
NOTE	776	97.8613897095202	0.440833359956741	0
NOTE	777	97.9149709473131	0.428333342075348	0
NOTE	778	97.9685516357422	0.429166674613953	0
NOTE	779	98.0211181640625	0.441666692495346	0
NOTE	780	96.8425521850586	0.724999904632568	0
NOTE	781	96.896110534668	0.741666615009308	0
NOTE	782	96.9496917724609	0.7500000	0
NOTE	783	97.0032730102539	0.741666615009308	0
NOTE	784	97.0568313598633	0.729166686534882	0
NOTE	785	97.1103973388672	0.699999988079071	0
NOTE	786	97.1639785766602	0.650000035762787	0
NOTE	787	96.4139785766602	0.850000023841858	0
NOTE	788	96.4675598144531	0.758333384990692	0
NOTE	789	96.5211181640625	0.708333373069763	0
NOTE	790	96.5746994018555	0.679166674613953	0
NOTE	791	96.6282653808594	0.650000035762787	0
NOTE	792	96.6818237304688	0.641666650772095	0
NOTE	793	96.7354049682617	0.650000035762787	0
NOTE	794	96.7889709472656	0.699999988079071	0
NOTE	795	96.4139785766602	0.150000005960464	0
NOTE	796	96.4675598144531	0.241666659712791	0
NOTE	797	96.5211181640625	0.291666686534882	0
NOTE	798	96.5746994018555	0.32083335518837	0
NOTE	799	96.6282653808594	0.349999994039536	0
NOTE	800	96.6818237304688	0.358333319425583	0
NOTE	801	96.7354049682617	0.349999994039536	0
NOTE	802	96.7889862060547	0.300000011920929	0
NOTE	803	96.8425521850586	0.270833343267441	0
NOTE	804	96.896110534668	0.258333325386047	0
NOTE	805	96.9496917724609	0.2500000	0
NOTE	806	97.0032730102539	0.258333325386047	0
NOTE	807	97.0568313598633	0.270833343267441	0
NOTE	808	97.1103973388672	0.300000011920929	0
NOTE	809	97.1639785766602	0.349999994039536	0
NOTE	810	87.8435521851061	0.757500052452087	0
NOTE	811	87.8971105347155	0.778333365917206	0
NOTE	812	87.9496917724609	0.820833325386047	0
NOTE	813	88.0042577515123	0.840833306312561	0
NOTE	814	88.0578389893053	0.840833306312561	0
NOTE	815	88.1114202270983	0.819999992847443	0
NOTE	816	88.1649785767077	0.799166679382324	0
NOTE	817	88.2185445557116	0.757500052452087	0
NOTE	818	88.2721257935045	0.240833327174187	0
NOTE	819	88.3257070312975	0.178333342075348	0
NOTE	820	88.3792653809069	0.136666685342789	0
NOTE	821	88.4318237304688	0.120833337306976	0
NOTE	822	88.4864049683092	0.136666685342789	0
NOTE	823	88.5399862061022	0.178333342075348	0
NOTE	824	88.5925521850586	0.2500000	0
NOTE	825	85.4854049682617	0.450000017881393	0
NOTE	826	85.5568237304688	0.550000011920929	0
NOTE	827	85.6282653808594	0.620833337306976	0
NOTE	828	85.6996917724609	0.650000035762787	0
NOTE	829	85.771110534668	0.658333361148834	0
NOTE	830	85.8425521850586	0.650000035762787	0
NOTE	831	85.9139709472656	0.629166722297668	0
NOTE	832	85.9853973388672	0.57916671037674	0
NOTE	833	86.0568389892578	0.5000000	0
NOTE	834	85.2711181640625	0.5000000	0
NOTE	835	85.3425369262695	0.420833349227905	0
NOTE	836	85.4139785766602	0.379166662693024	0
NOTE	837	85.4854049682617	0.349999994039536	0
NOTE	838	85.5568237304688	0.341666698455811	0
NOTE	839	85.6282653808594	0.349999994039536	0
NOTE	840	85.6996917724609	0.379166662693024	0
NOTE	841	85.771110534668	0.450000017881393	0
NOTE	842	85.8425521850586	0.550000011920929	0
NOTE	843	27.8960301097305	0.650000035762787	0
NOTE	844	28.538887335431	0.349999994039536	0
NOTE	845	27.8424587249756	0.600000023841858	0
NOTE	846	28.5924587249756	0.400000005960464	0
NOTE	847	28.1638870239258	0.7500000	0
NOTE	848	28.2710304260254	0.2500000	0
NOTE	849	28.0031728744507	0.720833301544189	0
NOTE	850	28.4317445755005	0.279166668653488	0
NOTE	851	28.0567442639953	0.741666615009308	0
NOTE	852	28.3781731955352	0.258333325386047	0
NOTE	853	28.1103156343812	0.7500000	0
NOTE	854	28.3246018107803	0.2500000	0
NOTE	855	27.9496014944854	0.691666662693024	0
NOTE	856	28.4853159650451	0.308333307504654	0
NOTE	857	95.612320495653	0.565000116825104	0
NOTE	858	96.0389709472656	0.329166650772095	0
NOTE	859	95.5568389892578	0.520833313465118	0
NOTE	860	95.9854125976563	0.329166650772095	0
NOTE	861	95.8801732788561	0.665000081062317	0
NOTE	862	96.3068389892578	0.479166656732559	0
NOTE	863	95.7194600830553	0.635833382606506	0
NOTE	864	96.1480336914537	0.360833376646042	0
NOTE	865	95.7730336914537	0.656666696071625	0
NOTE	866	96.1996917724609	0.387499988079071	0
NOTE	867	95.8266072998522	0.665000081062317	0
NOTE	868	96.2532730102539	0.429166674613953	0
NOTE	869	95.6658941040514	0.606666743755341	0
NOTE	870	96.0925521850586	0.341666698455811	0
NOTE	871	86.1292653809069	0.649166688323021	0
NOTE	872	86.8792653809069	0.34916664659977	0
NOTE	873	86.2364125977037	0.753333389759064	0
NOTE	874	86.7721410522936	0.245000079274178	0
NOTE	875	86.3435521851061	0.790833339095116	0
NOTE	876	86.5578389893053	0.199166670441628	0
NOTE	877	86.4506917725084	0.799166679382324	0
NOTE	878	86.6113973389147	0.199166670441628	0
NOTE	879	86.1828237305162	0.711666718125343	0
NOTE	880	86.825699401903	0.286666706204414	0
NOTE	881	86.2899709473131	0.778333351016045	0
NOTE	882	86.718536926317	0.219999983906746	0
NOTE	883	86.3971105347155	0.799166679382324	0
NOTE	884	86.6649785767077	0.20750005543232	0
NOTE	885	86.1282653808594	0.349999994039536	0
NOTE	886	86.8782653808594	0.650000035762787	0
NOTE	887	86.1818237304688	0.287499964237213	0
NOTE	888	86.8246994018555	0.712499976158142	0
NOTE	889	86.2354071991784	0.245833292603493	0
NOTE	890	86.7711410522461	0.754166603088379	0
NOTE	891	86.396110534668	0.200000002980232	0
NOTE	892	86.6639785766602	0.791666626930237	0
NOTE	893	86.4496917724609	0.200000002980232	0
NOTE	894	86.6103973388672	0.800000011920929	0
NOTE	895	86.3425521850586	0.208333343267441	0
NOTE	896	86.5568389892578	0.800000011920929	0
NOTE	897	86.2889709472656	0.220833331346512	0
NOTE	898	86.7175369262695	0.779166698455811	0
NOTE	899	86.9854039294379	0.450000017881393	0
NOTE	900	87.0925467865808	0.450000017881393	0
NOTE	901	87.1996896437236	0.470833361148834	0
NOTE	902	87.3068313598633	0.600000023841858	0
NOTE	903	87.4139785766602	0.400000005960464	0
NOTE	904	87.5211181640625	0.529166698455811	0
NOTE	905	87.6282577514648	0.570833325386047	0
NOTE	906	87.7354039294379	0.429166674613953	0
NOTE	907	86.9854039294379	0.550000011920929	0
NOTE	908	87.0925467865808	0.550000011920929	0
NOTE	909	87.1996896437236	0.529166698455811	0
NOTE	910	87.3068313598633	0.400000005960464	0
NOTE	911	87.4139785766602	0.600000023841858	0
NOTE	912	87.5211181640625	0.470833361148834	0
NOTE	913	87.6282577514648	0.429166674613953	0
NOTE	914	87.7354039294379	0.570833325386047	0
NOTE	915	84.8425521850586	0.800000011920929	0
NOTE	916	84.8961334228516	0.800000011920929	0
NOTE	917	84.9496917724609	0.800000011920929	0
NOTE	918	85.0032730102539	0.800000011920929	0
NOTE	919	85.0568313598633	0.800000011920929	0
NOTE	920	85.1104125976563	0.800000011920929	0
NOTE	921	85.1639775378363	0.800000011920929	0
NOTE	922	84.4139775378363	0.200000002980232	0
NOTE	923	84.4675369262695	0.200000002980232	0
NOTE	924	84.5211181640625	0.200000002980232	0
NOTE	925	84.5746841430664	0.200000002980232	0
NOTE	926	84.6282653808594	0.200000002980232	0
NOTE	927	84.6818466186523	0.200000002980232	0
NOTE	928	84.7354049682617	0.200000002980232	0
NOTE	929	84.7889709472656	0.200000002980232	0
NOTE	930	88.6996917724609	0.450000017881393	0
NOTE	931	88.8068313598633	0.541666626930237	0
NOTE	932	88.9139764479228	0.591666638851166	0
NOTE	933	89.0211181640625	0.620833337306976	0
NOTE	934	89.1282653808594	0.591666638851166	0
NOTE	935	89.2354049682617	0.520833313465118	0
NOTE	936	89.3425445556641	0.5000000	0.1071482
NOTE	937	89.556837950434	0.2500000	0.2142823
NOTE	938	89.9854093790054	0.2500000	0.2142801
NOTE	939	89.7711236647197	0.7500000	0.2142812
NOTE	940	90.1996950932911	0.7500000	0.1071438
NOTE	941	89.5568389892578	0.600000023841858	0
NOTE	942	89.6103973388672	0.650000035762787	0
NOTE	943	89.6639785766602	0.699999988079071	0
NOTE	944	89.7175445556641	0.650000035762787	0
NOTE	945	89.771125793457	0.400000005960464	0
NOTE	946	89.8246841430664	0.349999994039536	0
NOTE	947	89.8782653808594	0.300000011920929	0
NOTE	948	89.9318466186523	0.349999994039536	0
NOTE	949	90.8425521850586	0.400000005960464	0.2142834
NOTE	950	90.8436279296875	0.486666679382324	0
NOTE	951	90.9150466918945	0.528333306312561	0
NOTE	952	90.9854125976563	0.541666626930237	0
NOTE	953	91.0579147338867	0.51583331823349	0
NOTE	954	91.1282577514648	0.470833361148834	0
NOTE	955	91.1996994018555	0.400000005960464	0
NOTE	956	90.4139775378363	0.600000023841858	0.2142856
NOTE	957	90.4139775378363	0.5000000	0
NOTE	958	90.4853973388672	0.458333313465118	0
NOTE	959	90.5568389892578	0.458333313465118	0
NOTE	960	90.6282653808594	0.479166656732559	0
NOTE	961	90.6996841430664	0.529166698455811	0
NOTE	962	90.771125793457	0.600000023841858	0
NOTE	963	91.2711171252387	0.200000002980232	0
NOTE	964	91.3782577514648	0.699999988079071	0
NOTE	965	91.5925445556641	0.699999988079071	0
NOTE	966	91.4854049682617	0.850000023841858	0
NOTE	967	91.6996917724609	0.300000011920929	0
NOTE	968	91.806831410953	0.150000005960464	0
NOTE	969	91.9139709472656	0.300000011920929	0
NOTE	970	92.0211171252387	0.800000011920929	0
NOTE	971	92.1282643420356	0.5000000	0
NOTE	972	92.4496929134641	0.550000011920929	0
NOTE	973	92.3425521850586	0.550000011920929	0
NOTE	974	92.6639786277499	0.450000017881393	0
NOTE	975	92.7711214848927	0.450000017881393	0
NOTE	976	93.0925467865808	0.650000035762787	0
NOTE	977	93.1996917724609	0.699999988079071	0
NOTE	978	92.9854039294379	0.699999988079071	0
NOTE	979	93.3068313598633	0.300000011920929	0
NOTE	980	93.4139785766602	0.349999994039536	0
NOTE	981	93.5211181640625	0.300000011920929	0
NOTE	982	93.628261072295	0.5000000	0.1071493
NOTE	983	93.8425521850586	0.699999988079071	0
NOTE	984	94.0568368605205	0.600000023841858	0
NOTE	985	94.1639797176634	0.5000000	0
NOTE	986	93.9496917724609	0.670833349227905	0
NOTE	987	94.2711225748062	0.479166656732559	0
NOTE	988	94.3246841430664	0.400000005960464	0
NOTE	989	94.3782653808594	0.349999994039536	0
NOTE	990	94.4318237304688	0.329166650772095	0
NOTE	991	94.8077474365709	0.607500076293945	0
NOTE	992	95.2354049682617	0.341666698455811	0
NOTE	993	94.8613134155748	0.636666715145111	0
NOTE	994	95.2898870239733	0.361666709184647	0
NOTE	995	94.9148870239733	0.657500028610229	0
NOTE	996	95.3425445556641	0.391666680574417	0
NOTE	997	94.9684606323717	0.665833413600922	0
NOTE	998	95.396125793457	0.429166674613953	0
NOTE	999	95.0220266113756	0.665833413600922	0
NOTE	1000	95.4496917724609	0.479166656732559	0
NOTE	1001	94.6996917724609	0.520833313465118	0
NOTE	1002	95.1282653808594	0.329166650772095	0
NOTE	1003	94.7541738281725	0.565833449363709	0
NOTE	1004	95.1818237304688	0.329166650772095	0
LINK 56 57 58 59 60 61 62 63
LINK 64 65 66 67 68 69 70 71
LINK 72 73 74 75 76 77 78 79
LINK 80 81 82 83 84 85 86 87
LINK 88 89 90 91 92 93 94 95
LINK 96 97 98 99 100 101 102 103
LINK 104 105 110 111
LINK 106 107 108 109
LINK 112 113 114 115
LINK 116 117 118 119
LINK 121 122 123 124 125 126
LINK 127 128 129 130 131 132
LINK 133 134 135 136 137 138 139 140
LINK 141 142 143 144 145 146 147
LINK 148 149 150 151 152 153 154
LINK 155 156 157 158 159 160 161
LINK 163 164 165 166
LINK 167 168 169 170
LINK 178 179 180 181 182 183 184 185
LINK 188 189 190 191 192 193
LINK 194 195 196 197 198 199
LINK 208 209
LINK 210 211
LINK 224 225 226 227 228 229 230 231
LINK 232 233 234 235 236 237 238 239
LINK 240 241 242 243 244 245 246 247
LINK 248 249 250 251 252 253 254 255
LINK 256 257
LINK 258 259
LINK 260 261
LINK 262 263
LINK 264 265
LINK 266 267
LINK 268 269
LINK 272 273 274 275
LINK 276 277 278 279
LINK 280 281 282 283 284 285
LINK 286 287 288 289 290 291
LINK 292 293 294 295 296 297 298
LINK 299 300 301 302 303 304 305 306
LINK 307 308 309 310 311 312 313
LINK 314 315 316 317 318 319 320
LINK 322 323 324 325
LINK 326 327 328 329
LINK 340 341 342 343 344 345 346
LINK 347 348 349 350 351 352
LINK 353 354 355 356 357 358
LINK 383 384 385 386 387 388 389 390
LINK 391 392 393 394 395 396 397 398
LINK 399 400 401 402 403 404 405 406
LINK 407 408 409 410 411 412 413 414
LINK 426 427 428 429 430 431 432 433
LINK 450 451 452 453 454 455
LINK 481 482 483 484
LINK 500 501 502 503
LINK 506 507 508 509
LINK 516 517 518 519
LINK 520 521 522 523
LINK 562 563 564 565 566 567 568 569
LINK 570 571 572 573 574 575 576 577
LINK 578 579 580 581 582 583 584 585
LINK 586 587 588 589 590 591 592 593
LINK 594 595 596
LINK 597 598 599
LINK 600 601 602
LINK 603 604 605
LINK 606 607 608 609 610 611 612 613 614 615 616 617 618 619 620
LINK 621 622 623 624
LINK 625 626 627 628
LINK 629 630
LINK 631 632
LINK 633 634
LINK 635 636 637 638
LINK 639 640 641 642 643 644 645
LINK 653 654 655 656 657 658 659 660
LINK 663 664 665 666 667 668
LINK 669 670 671 672 673 674
LINK 687 688
LINK 689 690
LINK 703 704 705 706 707 708 709 710
LINK 711 712 713 714 715 716 717
LINK 718 719 720 721
LINK 722 723 724 725
LINK 726 727 728 729 730 731 732
LINK 733 734 735 736
LINK 737 738 739
LINK 742 743 744 745
LINK 746 747 748 749
LINK 750 751 752 753 754 755 756 757 758 759 760 761 762 763 764
LINK 765 766 767 768 769 770 771 772 773 774 775 776 777 778 779
LINK 780 781 782 783 784 785 786
LINK 787 788 789 790 791 792 793 794
LINK 795 796 797 798 799 800 801 802
LINK 803 804 805 806 807 808 809
LINK 810 811 812 813 814 815 816 817
LINK 818 819 820 821 822 823 824
LINK 825 826 827 828 829 830 831 832 833
LINK 834 835 836 837 838 839 840 841 842
LINK 843 844
LINK 845 846
LINK 847 848
LINK 849 850
LINK 851 852
LINK 853 854
LINK 855 856
LINK 857 858
LINK 859 860
LINK 861 862
LINK 863 864
LINK 865 866
LINK 867 868
LINK 869 870
LINK 871 872
LINK 873 874
LINK 875 876
LINK 877 878
LINK 879 880
LINK 881 882
LINK 883 884
LINK 885 886
LINK 887 888
LINK 889 890
LINK 891 892
LINK 893 894
LINK 895 896
LINK 897 898
LINK 899 900 901 902 903 904 905 906
LINK 907 908 909 910 911 912 913 914
LINK 915 916 917 918 919 920 921
LINK 922 923 924 925 926 927 928 929
LINK 941 942 943 944 945 946 947 948
LINK 950 951 952 953 954 955
LINK 957 958 959 960 961 962
LINK 987 988 989 990
LINK 991 992
LINK 993 994
LINK 995 996
LINK 997 998
LINK 999 1000
LINK 1001 1002
LINK 1003 1004
