VERSION 2
BPM 284.000000
PAGE_SHIFT 0.470000
PAGE_SIZE 0.845070
NOTE	0	1.044722	0.549805	0.000000
NOTE	1	1.255989	0.400391	0.000000
NOTE	2	1.255989	0.799805	0.000000
NOTE	3	1.572891	0.750000	0.000000
NOTE	4	1.784158	0.400391	0.000000
NOTE	5	1.889792	0.700195	0.000000
NOTE	6	2.101059	0.150391	0.000000
NOTE	7	2.417961	0.200195	0.000000
NOTE	8	2.629228	0.599609	0.000000
NOTE	9	2.734862	0.250000	0.000000
NOTE	10	2.950280	0.849609	0.000000
NOTE	11	3.263031	0.799805	0.000000
NOTE	12	3.372815	0.400391	0.000000
NOTE	13	3.579931	0.750000	0.000000
NOTE	14	3.791199	0.200195	0.000000
NOTE	15	4.108100	0.250000	0.000000
NOTE	16	4.425002	0.299805	0.000000
NOTE	17	4.636269	0.099609	0.000000
NOTE	18	4.636269	0.500000	0.000000
NOTE	19	4.957322	0.549805	0.000000
NOTE	20	5.274223	0.599609	0.000000
NOTE	21	5.485490	0.349609	0.000000
NOTE	22	5.696758	0.700195	0.000000
NOTE	23	5.802392	0.299805	0.000000
NOTE	24	6.013659	0.700195	0.000000
NOTE	25	6.119293	0.250000	0.000000
NOTE	26	6.330560	0.799805	0.000000
NOTE	27	6.647461	0.849609	0.000000
NOTE	28	6.964363	0.900391	0.000000
NOTE	29	7.175631	0.250000	0.000000
NOTE	30	7.175631	0.750000	0.000000
NOTE	31	7.492531	0.299805	0.000000
NOTE	32	7.492531	0.700195	0.000000
NOTE	33	7.809433	0.349609	0.000000
NOTE	34	7.809433	0.650391	0.000000
NOTE	35	8.020700	0.150391	0.000000
NOTE	36	8.020700	0.549805	0.000000
NOTE	37	8.337601	0.549805	0.000000
NOTE	38	8.443234	0.150391	0.000000
NOTE	39	8.654502	0.549805	0.000000
NOTE	40	8.865769	0.400391	0.000000
NOTE	41	9.182671	0.799805	0.000000
NOTE	42	9.393938	0.799805	0.000000
NOTE	43	9.499572	0.400391	0.000000
NOTE	44	9.710839	0.250000	0.000000
NOTE	45	10.027740	0.250000	0.000000
NOTE	46	10.344643	0.250000	0.000000
NOTE	47	10.555910	0.900391	0.000000
NOTE	48	10.872811	0.900391	0.000000
NOTE	49	11.189713	0.900391	0.000000
NOTE	50	11.400980	0.349609	0.000000
NOTE	51	11.400980	0.750000	0.000000
NOTE	52	11.612247	0.349609	0.000000
NOTE	53	11.823515	0.349609	0.000000
NOTE	54	12.034782	0.349609	0.000000
NOTE	55	12.246050	0.650391	0.000000
NOTE	56	12.457317	0.650391	0.000000
NOTE	57	12.668585	0.650391	0.000000
NOTE	58	12.879852	0.650391	0.000000
NOTE	59	13.091120	0.250000	0.000000
NOTE	60	13.196754	0.500000	0.000000
NOTE	61	13.302387	0.200195	0.000000
NOTE	62	13.408021	0.450195	0.000000
NOTE	63	13.513655	0.150391	0.000000
NOTE	64	13.584077	0.200195	0.000000
NOTE	65	13.654501	0.250000	0.000000
NOTE	66	13.724921	0.299805	0.000000
NOTE	67	13.795345	0.349609	0.000000
NOTE	68	13.936191	0.549805	0.000000
NOTE	69	14.041824	0.650391	0.000000
NOTE	70	14.094640	0.700195	0.000000
NOTE	71	14.147458	0.750000	0.000000
NOTE	72	14.200275	0.799805	0.000000
NOTE	73	14.253091	0.849609	0.000000
NOTE	74	14.358725	0.750000	0.292535
NOTE	75	14.781260	0.650391	0.000000
NOTE	76	15.098160	0.500000	0.000000
NOTE	77	15.203795	0.299805	0.211267
NOTE	78	15.415062	0.549805	0.000000
NOTE	79	15.626329	0.150391	0.000000
NOTE	80	15.837597	0.099609	0.000000
NOTE	81	16.048864	0.599609	0.000000
NOTE	82	16.048864	0.099609	0.211267
NOTE	83	16.260132	0.700195	0.000000
NOTE	84	16.471399	0.299805	0.000000
NOTE	85	16.788301	0.450195	0.000000
NOTE	86	16.893934	0.750000	0.211267
NOTE	87	17.105202	0.400391	0.000000
NOTE	88	17.316469	0.849609	0.000000
NOTE	89	17.527737	0.900391	0.000000
NOTE	90	17.739004	0.349609	0.000000
NOTE	91	17.739004	0.900391	0.211267
NOTE	92	17.950272	0.250000	0.000000
NOTE	93	18.161539	0.750000	0.000000
NOTE	94	18.478441	0.599609	0.000000
NOTE	95	18.584074	0.250000	0.211267
NOTE	96	18.795341	0.650391	0.000000
NOTE	97	19.006609	0.200195	0.000000
NOTE	98	19.217876	0.799805	0.000000
NOTE	99	19.429144	0.099609	0.000000
NOTE	100	19.429144	0.799805	0.211267
NOTE	101	19.640411	0.150391	0.000000
NOTE	102	19.851679	0.599609	0.000000
NOTE	103	20.168581	0.400391	0.000000
NOTE	104	20.274214	0.599609	0.211267
NOTE	105	20.485481	0.349609	0.000000
NOTE	106	20.696751	0.700195	0.000000
NOTE	107	20.908018	0.099609	0.000000
NOTE	108	20.978439	0.150391	0.000000
NOTE	109	21.048861	0.200195	0.000000
NOTE	110	21.119286	0.750000	0.000000
NOTE	111	21.119286	0.150391	0.211267
NOTE	112	21.189707	0.700195	0.000000
NOTE	113	21.260130	0.650391	0.000000
NOTE	114	21.330551	0.700195	0.000000
NOTE	115	21.400976	0.750000	0.000000
NOTE	116	21.471397	0.799805	0.000000
NOTE	117	21.541821	0.400391	0.000000
NOTE	118	21.541821	0.900391	0.000000
NOTE	119	21.753088	0.400391	0.000000
NOTE	120	21.964355	0.900391	0.211268
NOTE	121	21.964355	0.400391	0.000000
NOTE	122	22.175623	0.400391	0.000000
NOTE	123	22.386890	0.750000	0.000000
NOTE	124	22.386890	0.250000	0.000000
NOTE	125	22.598158	0.750000	0.000000
NOTE	126	22.809425	0.250000	0.000000
NOTE	127	22.809425	0.750000	0.211268
NOTE	128	23.020693	0.250000	0.000000
NOTE	129	23.231960	0.549805	0.000000
NOTE	130	23.231960	0.099609	0.000000
NOTE	131	23.443228	0.549805	0.000000
NOTE	132	23.654495	0.099609	0.211268
NOTE	133	23.654495	0.549805	0.000000
NOTE	134	23.865763	0.549805	0.000000
NOTE	135	24.077030	0.700195	0.000000
NOTE	136	24.077030	0.299805	0.000000
NOTE	137	24.288298	0.299805	0.000000
NOTE	138	24.499565	0.700195	0.000000
NOTE	139	24.499565	0.299805	0.211268
NOTE	140	24.710833	0.700195	0.000000
NOTE	141	24.922100	0.799805	0.000000
NOTE	142	25.027733	0.200195	0.000000
NOTE	143	25.133368	0.849609	0.000000
NOTE	144	25.239000	0.150391	0.000000
NOTE	145	25.344635	0.849609	0.000000
NOTE	146	25.450268	0.150391	0.000000
NOTE	147	25.555902	0.799805	0.000000
NOTE	148	25.661535	0.200195	0.000000
NOTE	149	25.767170	0.599609	0.000000
NOTE	150	25.872803	0.400391	0.000000
NOTE	151	25.978437	0.650391	0.000000
NOTE	152	26.084070	0.349609	0.000000
NOTE	153	26.189705	0.599609	0.000000
NOTE	154	26.295338	0.400391	0.000000
NOTE	155	26.400972	0.650391	0.000000
NOTE	156	26.506605	0.349609	0.000000
NOTE	157	26.612240	0.799805	0.000000
NOTE	158	26.929140	0.799805	0.000000
NOTE	159	27.140406	0.250000	0.000000
NOTE	160	27.457310	0.150391	0.000000
NOTE	161	27.774212	0.150391	0.000000
NOTE	162	27.985477	0.650391	0.000000
NOTE	163	28.091114	0.650391	0.000000
NOTE	164	28.196745	0.650391	0.000000
NOTE	165	28.302382	0.299805	0.000000
NOTE	166	28.513647	0.299805	0.000000
NOTE	167	28.724915	0.599609	0.000000
NOTE	168	28.830551	0.624023	0.000000
NOTE	169	28.936182	0.700195	0.000000
NOTE	170	29.147449	0.450195	0.000000
NOTE	171	29.358717	0.450195	0.000000
NOTE	172	29.569984	0.849609	0.000000
NOTE	173	29.675619	0.826172	0.000000
NOTE	174	29.781252	0.750000	0.000000
NOTE	175	29.992517	0.650391	0.000000
NOTE	176	30.203785	0.650391	0.000000
NOTE	177	30.415052	0.150391	0.000000
NOTE	178	30.520687	0.175781	0.000000
NOTE	179	30.626324	0.250000	0.000000
NOTE	180	30.837591	0.750000	0.000000
NOTE	181	31.048857	0.450195	0.000000
NOTE	182	31.154493	0.500000	0.000000
NOTE	183	31.260124	0.500000	0.000000
NOTE	184	31.365761	0.450195	0.000000
NOTE	185	31.471392	0.349609	0.000000
NOTE	186	31.682659	0.650391	0.000000
NOTE	187	31.893930	0.200195	0.000000
NOTE	188	32.105194	0.799805	0.000000
NOTE	189	32.210827	0.774414	0.000000
NOTE	190	32.316463	0.700195	0.000000
NOTE	191	32.527729	0.349609	0.000000
NOTE	192	32.738998	0.599609	0.000000
NOTE	193	32.950264	0.349609	0.000000
NOTE	194	33.055897	0.375977	0.000000
NOTE	195	33.161533	0.450195	0.000000
NOTE	196	33.372799	0.299805	0.000000
NOTE	197	33.584068	0.750000	0.000000
NOTE	198	33.795334	0.150391	0.000000
NOTE	199	33.900967	0.176758	0.000000
NOTE	200	34.006603	0.250000	0.000000
NOTE	201	34.217869	0.700195	0.000000
NOTE	202	34.217869	0.349609	0.000000
NOTE	203	34.323502	0.599609	0.000000
NOTE	204	34.429138	0.700195	0.000000
NOTE	205	34.534771	0.599609	0.000000
NOTE	206	34.640404	0.349609	0.000000
NOTE	207	34.640404	0.700195	0.000000
NOTE	208	34.746040	0.599609	0.000000
NOTE	209	34.851673	0.700195	0.000000
NOTE	210	34.851673	0.349609	0.000000
NOTE	211	35.062939	0.450195	0.000000
NOTE	212	35.274208	0.849609	0.000000
NOTE	213	35.379841	0.799805	0.000000
NOTE	214	35.485474	0.250000	0.000000
NOTE	215	35.591110	0.299805	0.000000
NOTE	216	35.696743	0.799805	0.000000
NOTE	217	35.908009	0.650391	0.000000
NOTE	218	36.119278	0.099609	0.000000
NOTE	219	36.330544	0.599609	0.000000
NOTE	220	36.436180	0.650391	0.000000
NOTE	221	36.541813	0.200195	0.000000
NOTE	222	36.647446	0.250000	0.000000
NOTE	223	36.753078	0.650391	0.000000
NOTE	224	36.964348	0.400391	0.000000
NOTE	225	37.069981	0.450195	0.000000
NOTE	226	37.175613	0.750000	0.000000
NOTE	227	37.281250	0.750000	0.000000
NOTE	228	37.386883	0.349609	0.000000
NOTE	229	37.598148	0.500000	0.000000
NOTE	230	37.809418	0.900391	0.000000
NOTE	231	37.915051	0.849609	0.000000
NOTE	232	38.020683	0.299805	0.000000
NOTE	233	38.126320	0.299805	0.000000
NOTE	234	38.231953	0.849609	0.000000
NOTE	235	38.443218	0.099609	0.000000
NOTE	236	38.654488	0.549805	0.000000
NOTE	237	38.760120	0.599609	0.000000
NOTE	238	38.865753	0.150391	0.000000
NOTE	239	38.971390	0.200195	0.000000
NOTE	240	39.077023	0.599609	0.000000
NOTE	241	39.288288	0.349609	0.000000
NOTE	242	39.499557	0.700195	0.000000
NOTE	243	39.710823	0.700195	0.000000
NOTE	244	39.816460	0.750000	0.000000
NOTE	245	39.922092	0.349609	0.000000
NOTE	246	40.133358	0.849609	0.000000
NOTE	247	40.133358	0.150391	0.000000
NOTE	248	40.450260	0.849609	0.000000
NOTE	249	40.661530	0.150391	0.000000
NOTE	250	40.767162	0.150391	0.000000
NOTE	251	40.978428	0.700195	0.000000
NOTE	252	40.978428	0.299805	0.000000
NOTE	253	41.295330	0.599609	0.000000
NOTE	254	41.295330	0.400391	0.000000
NOTE	255	41.506599	0.700195	0.000000
NOTE	256	41.612232	0.700195	0.000000
NOTE	257	41.612232	0.299805	0.000000
NOTE	258	41.823502	0.049805	0.000000
NOTE	259	41.893925	0.099609	0.000000
NOTE	260	41.964344	0.150391	0.000000
NOTE	261	42.034767	0.200195	0.000000
NOTE	262	42.246037	0.799805	0.000000
NOTE	263	42.668571	0.849609	0.000000
NOTE	264	43.091103	0.450195	0.000000
NOTE	265	43.196739	0.938477	0.000000
NOTE	266	43.249554	0.900391	0.000000
NOTE	267	43.302372	0.849609	0.000000
NOTE	268	43.355190	0.799805	0.000000
NOTE	269	43.408005	0.750000	0.000000
NOTE	270	43.460823	0.700195	0.000000
NOTE	271	43.513641	0.299805	0.000000
NOTE	272	43.936176	0.750000	0.000000
NOTE	273	44.041809	0.700195	0.000000
NOTE	274	44.147442	0.650391	0.000000
NOTE	275	44.253075	0.599609	0.000000
NOTE	276	44.358711	0.250000	0.000000
NOTE	277	44.358711	0.750000	0.000000
NOTE	278	44.429131	0.200195	0.000000
NOTE	279	44.499554	0.150391	0.000000
NOTE	280	44.569981	0.250000	0.000000
NOTE	281	44.640400	0.150391	0.000000
NOTE	282	44.710823	0.200195	0.000000
NOTE	283	44.781246	0.250000	0.000000
NOTE	284	44.781246	0.549805	0.000000
NOTE	285	44.886879	0.599609	0.000000
NOTE	286	44.992512	0.650391	0.000000
NOTE	287	45.098145	0.700195	0.000000
NOTE	288	45.203781	0.799805	0.000000
NOTE	289	45.274204	0.849609	0.000000
NOTE	290	45.344624	0.900391	0.000000
NOTE	291	45.415047	0.950195	0.000000
NOTE	292	45.626316	0.799805	0.000000
NOTE	293	46.048851	0.599609	0.000000
NOTE	294	46.471386	0.299805	0.000000
NOTE	295	46.893921	0.450195	0.000000
NOTE	296	47.316456	0.150391	0.000000
NOTE	297	47.422089	0.599609	0.000000
NOTE	298	47.527721	0.650391	0.000000
NOTE	299	47.633354	0.700195	0.000000
NOTE	300	47.738991	0.799805	0.000000
NOTE	301	47.738991	0.099609	0.000000
NOTE	302	47.844624	0.900391	0.000000
NOTE	303	47.950256	0.950195	0.000000
NOTE	304	48.055889	0.900391	0.000000
NOTE	305	48.161526	0.400391	0.000000
NOTE	306	48.161526	0.799805	0.000000
NOTE	307	48.372791	0.799805	0.000000
NOTE	308	48.584061	0.099609	0.000000
NOTE	309	48.654484	0.150391	0.000000
NOTE	310	48.724907	0.200195	0.000000
NOTE	311	48.795326	0.250000	0.000000
NOTE	312	49.006596	0.549805	0.000000
NOTE	313	49.429131	0.750000	0.000000
NOTE	314	49.851665	0.299805	0.000000
NOTE	315	49.957298	0.900391	0.000000
NOTE	316	50.010117	0.849609	0.000000
NOTE	317	50.062931	0.799805	0.000000
NOTE	318	50.115749	0.750000	0.000000
NOTE	319	50.168568	0.700195	0.000000
NOTE	320	50.221382	0.650391	0.000000
NOTE	321	50.274200	0.150391	0.000000
NOTE	322	50.485466	0.599609	0.000000
NOTE	323	50.696735	0.150391	0.000000
NOTE	324	50.802368	0.150391	0.000000
NOTE	325	50.908001	0.150391	0.000000
NOTE	326	51.119270	0.799805	0.000000
NOTE	327	51.119270	0.400391	0.000000
NOTE	328	51.189693	0.849609	0.000000
NOTE	329	51.260113	0.900391	0.000000
NOTE	330	51.330540	0.799805	0.000000
NOTE	331	51.400959	0.900391	0.000000
NOTE	332	51.471382	0.849609	0.000000
NOTE	333	51.541805	0.400391	0.000000
NOTE	334	51.541805	0.799805	0.000000
NOTE	335	51.647438	0.349609	0.000000
NOTE	336	51.753071	0.299805	0.000000
NOTE	337	51.858707	0.250000	0.000000
NOTE	338	51.964340	0.150391	0.000000
NOTE	339	52.175606	0.150391	0.000000
NOTE	340	52.175606	0.500000	0.000000
NOTE	341	52.281242	0.599609	0.000000
NOTE	342	52.386875	0.549805	0.000000
NOTE	343	52.386875	0.099609	0.000000
NOTE	344	52.492508	0.650391	0.000000
NOTE	345	52.598141	0.099609	0.000000
NOTE	346	52.598141	0.599609	0.000000
NOTE	347	52.703777	0.700195	0.000000
NOTE	348	52.809410	0.799805	0.000000
NOTE	349	52.809410	0.200195	0.000000
NOTE	350	52.915043	0.299805	0.000000
NOTE	351	53.020676	0.799805	0.000000
NOTE	352	53.020676	0.250000	0.000000
NOTE	353	53.126312	0.349609	0.000000
NOTE	354	53.231945	0.299805	0.000000
NOTE	355	53.231945	0.750000	0.000000
NOTE	356	53.337578	0.400391	0.000000
NOTE	357	53.443211	0.750000	0.000000
NOTE	358	53.443211	0.349609	0.000000
NOTE	359	53.548847	0.450195	0.000000
NOTE	360	53.654480	0.900391	0.000000
NOTE	361	53.654480	0.599609	0.000000
NOTE	362	53.865746	0.500000	0.000000
NOTE	363	53.971378	0.500000	0.000000
NOTE	364	54.077019	0.900391	0.000000
NOTE	365	54.182648	0.400391	0.000000
NOTE	366	54.288280	0.400391	0.000000
NOTE	367	54.499554	0.250000	0.000000
NOTE	368	54.499554	0.650391	0.000000
NOTE	369	54.605183	0.200195	0.000000
NOTE	370	54.710815	0.150391	0.000000
NOTE	371	54.816456	0.099609	0.000000
NOTE	372	54.816456	0.700195	0.000000
NOTE	373	54.922085	0.150391	0.000000
NOTE	374	55.027718	0.200195	0.000000
NOTE	375	55.133350	0.750000	0.000000
NOTE	376	55.133350	0.250000	0.000000
NOTE	377	55.344620	0.299805	0.000000
NOTE	378	55.661522	0.349609	0.000000
NOTE	379	55.978424	0.400391	0.000000
NOTE	380	56.189690	0.799805	0.000000
NOTE	381	56.506592	0.900391	0.316902
NOTE	382	56.506592	0.650391	0.000000
NOTE	383	56.717857	0.549805	0.000000
NOTE	384	56.823494	0.500000	0.000000
NOTE	385	57.034760	0.750000	0.316902
NOTE	386	57.457294	0.349609	0.316902
NOTE	387	57.879826	0.250000	0.000000
NOTE	388	58.302361	0.599609	0.000000
NOTE	389	58.513634	0.599609	0.000000
NOTE	390	58.724903	0.150391	0.633797
NOTE	391	59.992504	0.900391	0.000000
NOTE	392	60.062923	0.849609	0.000000
NOTE	393	60.133350	0.799805	0.000000
NOTE	394	60.203777	0.750000	0.000000
NOTE	395	60.415039	0.599609	0.633804
NOTE	396	61.260109	0.250000	0.000000
NOTE	397	61.577011	0.500000	0.000000
NOTE	398	61.893913	0.750000	0.000000
NOTE	399	62.105179	0.349609	0.633804
NOTE	400	64.217857	0.200195	0.000000
NOTE	401	64.640388	0.599609	0.000000
NOTE	402	65.274193	0.400391	0.000000
NOTE	403	65.485458	0.700195	0.000000
NOTE	404	66.330528	0.200195	0.000000
NOTE	405	66.400955	0.250000	0.000000
NOTE	406	66.471375	0.299805	0.000000
NOTE	407	66.541794	0.349609	0.000000
NOTE	408	66.647430	0.599609	0.000000
NOTE	409	66.964333	0.250000	0.000000
NOTE	410	67.069969	0.700195	0.000000
NOTE	411	67.175598	0.400391	0.000000
NOTE	412	67.809402	0.700195	0.000000
NOTE	413	67.915039	0.400391	0.000000
NOTE	414	68.020668	0.849609	0.000000
NOTE	415	68.337570	0.150391	0.000000
NOTE	416	68.654472	0.200195	0.000000
NOTE	417	68.654472	0.799805	0.000000
NOTE	418	68.865738	0.650391	0.000000
NOTE	419	68.865738	0.299805	0.000000
NOTE	420	69.182640	0.650391	0.000000
NOTE	421	69.288277	0.299805	0.000000
NOTE	422	69.499542	0.750000	0.000000
NOTE	423	69.710808	0.900391	0.000000
NOTE	424	69.710808	0.450195	0.000000
NOTE	425	70.027710	0.900391	0.000000
NOTE	426	70.133347	0.450195	0.000000
NOTE	427	70.344612	0.799805	0.000000
NOTE	428	70.555878	0.299805	0.000000
NOTE	429	70.555878	0.650391	0.000000
NOTE	430	70.872780	0.650391	0.000000
NOTE	431	70.978416	0.299805	0.000000
NOTE	432	71.189682	0.750000	0.000000
NOTE	433	71.400948	0.900391	0.000000
NOTE	434	71.400948	0.450195	0.000000
NOTE	435	71.717850	0.900391	0.000000
NOTE	436	71.823486	0.450195	0.000000
NOTE	437	72.034752	0.799805	0.000000
NOTE	438	72.246017	0.700195	0.000000
NOTE	439	72.246017	0.349609	0.000000
NOTE	440	72.562920	0.349609	0.000000
NOTE	441	72.668556	0.700195	0.000000
NOTE	442	72.879822	0.250000	0.000000
NOTE	443	73.091087	0.099609	0.000000
NOTE	444	73.091087	0.549805	0.000000
NOTE	445	73.407990	0.099609	0.000000
NOTE	446	73.513626	0.549805	0.000000
NOTE	447	73.724892	0.200195	0.000000
NOTE	448	73.936157	0.349609	0.000000
NOTE	449	73.936157	0.700195	0.000000
NOTE	450	74.253059	0.349609	0.000000
NOTE	451	74.358696	0.700195	0.000000
NOTE	452	74.569962	0.250000	0.000000
NOTE	453	74.781227	0.099609	0.000000
NOTE	454	74.781227	0.549805	0.000000
NOTE	455	75.098129	0.099609	0.000000
NOTE	456	75.203766	0.549805	0.000000
NOTE	457	75.415031	0.200195	0.000000
NOTE	458	75.626297	0.349609	0.000000
NOTE	459	75.626297	0.700195	0.000000
NOTE	460	75.837570	0.349609	0.000000
NOTE	461	75.837570	0.700195	0.000000
NOTE	462	76.048836	0.349609	0.000000
NOTE	463	76.048836	0.700195	0.000000
NOTE	464	76.260101	0.349609	0.000000
NOTE	465	76.260101	0.700195	0.000000
NOTE	466	76.471367	0.849609	0.000000
NOTE	467	76.471367	0.200195	0.000000
NOTE	468	76.682640	0.200195	0.000000
NOTE	469	76.686188	0.849609	0.000000
NOTE	470	76.893906	0.200195	0.000000
NOTE	471	76.893906	0.849609	0.000000
NOTE	472	77.105171	0.849609	0.000000
NOTE	473	77.105171	0.200195	0.000000
NOTE	474	77.316437	0.599609	0.000000
NOTE	475	77.316437	0.349609	0.000000
NOTE	476	77.527710	0.599609	0.000000
NOTE	477	77.527710	0.349609	0.000000
NOTE	478	77.738976	0.599609	0.000000
NOTE	479	77.738976	0.349609	0.000000
NOTE	480	77.950241	0.599609	0.000000
NOTE	481	77.950241	0.349609	0.000000
NOTE	482	78.161507	0.200195	0.000000
NOTE	483	78.161507	0.750000	0.000000
NOTE	484	78.372780	0.200195	0.000000
NOTE	485	78.372780	0.750000	0.000000
NOTE	486	78.584045	0.750000	0.000000
NOTE	487	78.584045	0.200195	0.000000
NOTE	488	78.795311	0.750000	0.000000
NOTE	489	78.795311	0.200195	0.000000
NOTE	490	79.006577	0.650391	0.000000
NOTE	491	79.112213	0.349609	0.000000
NOTE	492	79.217850	0.599609	0.000000
NOTE	493	79.323479	0.400391	0.000000
NOTE	494	79.429115	0.599609	0.000000
NOTE	495	79.534752	0.400391	0.000000
NOTE	496	79.640381	0.650391	0.000000
NOTE	497	79.746017	0.349609	0.000000
NOTE	498	79.851646	0.750000	0.000000
NOTE	499	79.957283	0.250000	0.000000
NOTE	500	80.062920	0.849609	0.000000
NOTE	501	80.168549	0.150391	0.000000
NOTE	502	80.274185	0.750000	0.000000
NOTE	503	80.379822	0.250000	0.000000
NOTE	504	80.485451	0.849609	0.000000
NOTE	505	80.591087	0.150391	0.000000
NOTE	506	80.696716	0.599609	0.000000
NOTE	507	81.119255	0.400391	0.000000
NOTE	508	81.541786	0.750000	0.422539
NOTE	509	81.964325	0.299805	0.000000
NOTE	510	82.386856	0.849609	0.000000
NOTE	511	82.598129	0.500000	0.000000
NOTE	512	82.703758	0.900391	0.000000
NOTE	513	82.915031	0.450195	0.000000
NOTE	514	83.020660	0.849609	0.000000
NOTE	515	83.126297	0.450195	0.000000
NOTE	516	83.231926	0.750000	0.000000
NOTE	517	83.443199	0.650391	0.000000
NOTE	518	83.548828	0.349609	0.000000
NOTE	519	83.760101	0.299805	0.000000
NOTE	520	83.865730	0.700195	0.000000
NOTE	521	84.077003	0.400391	0.000000
NOTE	522	84.393898	0.799805	0.000000
NOTE	523	84.710800	0.200195	0.000000
NOTE	524	84.922073	0.650391	0.000000
NOTE	525	85.238968	0.450195	0.000000
NOTE	526	85.555870	0.650391	0.000000
NOTE	527	85.767143	0.299805	0.000000
NOTE	528	85.872772	0.849609	0.000000
NOTE	529	86.084038	0.349609	0.000000
NOTE	530	86.400940	0.799805	0.000000
NOTE	531	86.612213	0.250000	0.000000
NOTE	532	86.823479	0.599609	0.000000
NOTE	533	86.929108	0.150391	0.000000
NOTE	534	87.140381	0.599609	0.000000
NOTE	535	87.246010	0.200195	0.000000
NOTE	536	87.457283	0.700195	0.000000
NOTE	537	87.668549	0.400391	0.000000
NOTE	538	87.774178	0.799805	0.000000
NOTE	539	88.091080	0.349609	0.000000
NOTE	540	88.302353	0.700195	0.000000
NOTE	541	88.619247	0.500000	0.000000
NOTE	542	88.936150	0.299805	0.000000
NOTE	543	89.147423	0.549805	0.000000
NOTE	544	89.358688	0.650391	0.000000
NOTE	545	89.464317	0.099609	0.000000
NOTE	546	89.675591	0.200195	0.000000
NOTE	547	89.781219	0.599609	0.000000
NOTE	548	89.992493	0.299805	0.000000
NOTE	549	90.203758	0.400391	0.000000
NOTE	550	90.309387	0.750000	0.000000
NOTE	551	90.520660	0.799805	0.000000
NOTE	552	90.626289	0.349609	0.000000
NOTE	553	90.837563	0.200195	0.000000
NOTE	554	91.048828	0.650391	0.000000
NOTE	555	91.154465	0.250000	0.000000
NOTE	556	91.471359	0.150391	0.000000
NOTE	557	91.682632	0.750000	0.000000
NOTE	558	91.893898	0.349609	0.000000
NOTE	559	91.999535	0.599609	0.000000
NOTE	560	92.210800	0.849609	0.000000
NOTE	561	92.316429	0.450195	0.000000
NOTE	562	92.527702	0.700195	0.000000
NOTE	563	92.844604	0.299805	0.000000
NOTE	564	93.055870	0.750000	0.000000
NOTE	565	93.161499	0.250000	0.000000
NOTE	566	93.372772	0.650391	0.000000
NOTE	567	93.689674	0.150391	0.000000
NOTE	568	93.900940	0.599609	0.000000
NOTE	569	94.006569	0.150391	0.000000
NOTE	570	94.112206	0.150391	0.000000
NOTE	571	94.217842	0.799805	0.000000
NOTE	572	94.217842	0.299805	0.211266
NOTE	573	94.640373	0.700195	0.211266
NOTE	574	94.640373	0.349609	0.000000
NOTE	575	95.062912	0.849609	0.211266
NOTE	576	95.485443	0.150391	0.211266
NOTE	577	95.907982	0.349609	0.000000
NOTE	578	95.907982	0.700195	0.000000
NOTE	579	96.224884	0.700195	0.000000
NOTE	580	96.330513	0.349609	0.000000
NOTE	581	96.541779	0.349609	0.000000
NOTE	582	96.753052	0.150391	0.000000
NOTE	583	96.753052	0.799805	0.000000
NOTE	584	97.069954	0.799805	0.000000
NOTE	585	97.175583	0.150391	0.000000
NOTE	586	97.386848	0.250000	0.000000
NOTE	587	97.598122	0.700195	0.000000
NOTE	588	97.598122	0.349609	0.000000
NOTE	589	97.915024	0.700195	0.000000
NOTE	590	98.020653	0.349609	0.000000
NOTE	591	98.231926	0.349609	0.000000
NOTE	592	98.443192	0.150391	0.000000
NOTE	593	98.443192	0.799805	0.000000
NOTE	594	98.760094	0.799805	0.000000
NOTE	595	98.865723	0.150391	0.000000
NOTE	596	99.076996	0.250000	0.000000
NOTE	597	99.288261	0.400391	0.000000
NOTE	598	99.288261	0.900391	0.000000
NOTE	599	99.605164	0.400391	0.000000
NOTE	600	99.710793	0.900391	0.000000
NOTE	601	99.922066	0.299805	0.000000
NOTE	602	100.133331	0.650391	0.000000
NOTE	603	100.133331	0.150391	0.000000
NOTE	604	100.450233	0.150391	0.000000
NOTE	605	100.555862	0.650391	0.000000
NOTE	606	100.767136	0.750000	0.000000
NOTE	607	100.978401	0.400391	0.000000
NOTE	608	100.978401	0.900391	0.000000
NOTE	609	101.295303	0.400391	0.000000
NOTE	610	101.400932	0.900391	0.000000
NOTE	611	101.612206	0.299805	0.000000
NOTE	612	101.823471	0.150391	0.000000
NOTE	613	101.823471	0.650391	0.000000
NOTE	614	102.140373	0.150391	0.000000
NOTE	615	102.246002	0.650391	0.000000
NOTE	616	102.457275	0.150391	0.000000
NOTE	617	102.457275	0.750000	0.000000
NOTE	618	102.668541	0.849609	0.000000
NOTE	619	102.668541	0.299805	0.000000
NOTE	620	102.985443	0.849609	0.000000
NOTE	621	103.091072	0.299805	0.000000
NOTE	622	103.302345	0.400391	0.000000
NOTE	623	103.513611	0.250000	0.000000
NOTE	624	103.513611	0.700195	0.000000
NOTE	625	103.830513	0.650391	0.000000
NOTE	626	103.936142	0.400391	0.000000
NOTE	627	104.147415	0.500000	0.000000
NOTE	628	104.253044	0.400391	0.000000
NOTE	629	104.358681	0.799805	0.000000
NOTE	630	104.358681	0.299805	0.000000
NOTE	631	104.675583	0.849609	0.000000
NOTE	632	104.781212	0.299805	0.000000
NOTE	633	104.781212	0.799805	0.000000
NOTE	634	104.886848	0.849609	0.000000
NOTE	635	104.992485	0.900391	0.000000
NOTE	636	105.098114	0.849609	0.000000
NOTE	637	105.203751	0.250000	0.000000
NOTE	638	105.203751	0.700195	0.000000
NOTE	639	105.520653	0.650391	0.000000
NOTE	640	105.626282	0.400391	0.000000
NOTE	641	105.837555	0.599609	0.000000
NOTE	642	106.048820	0.200195	0.000000
NOTE	643	106.048820	0.750000	0.000000
NOTE	644	106.365723	0.150391	0.000000
NOTE	645	106.471352	0.549805	0.000000
NOTE	646	106.682625	0.099609	0.000000
NOTE	647	106.893890	0.799805	0.000000
NOTE	648	106.893890	0.250000	0.000000
NOTE	649	107.105156	0.250000	0.000000
NOTE	650	107.210793	0.349609	0.000000
NOTE	651	107.316422	0.700195	0.000000
NOTE	652	107.316422	0.349609	0.000000
NOTE	653	107.422058	0.299805	0.000000
NOTE	654	107.527695	0.299805	0.000000
NOTE	655	107.633316	0.400391	0.000000
NOTE	656	107.738960	0.750000	0.000000
NOTE	657	107.738960	0.500000	0.211258
NOTE	658	108.161499	0.500000	0.211266
NOTE	659	108.161499	0.150391	0.000000
NOTE	660	108.584023	0.299805	0.422546
NOTE	661	109.006569	0.750000	0.000000
NOTE	662	109.112190	0.700195	0.000000
NOTE	663	109.217827	0.650391	0.000000
NOTE	664	109.323471	0.599609	0.000000
NOTE	665	109.429092	0.099609	0.000000
NOTE	666	109.640373	0.450195	0.000000
NOTE	667	109.745995	0.099609	0.000000
NOTE	668	109.851639	0.450195	0.000000
NOTE	669	110.062897	0.500000	0.000000
NOTE	670	110.062897	0.150391	0.000000
NOTE	671	110.168541	0.549805	0.000000
NOTE	672	110.274178	0.250000	0.000000
NOTE	673	110.485443	0.700195	0.000000
NOTE	674	110.591080	0.299805	0.000000
NOTE	675	110.696701	0.750000	0.000000
NOTE	676	110.907967	0.750000	0.000000
NOTE	677	110.907967	0.299805	0.000000
NOTE	678	111.013603	0.799805	0.000000
NOTE	679	111.119247	0.900391	0.000000
NOTE	680	111.330505	0.549805	0.000000
NOTE	681	111.436150	0.900391	0.000000
NOTE	682	111.541771	0.549805	0.000000
NOTE	683	111.753052	0.500000	0.000000
NOTE	684	111.753052	0.849609	0.000000
NOTE	685	111.858673	0.450195	0.000000
NOTE	686	111.964317	0.750000	0.000000
NOTE	687	112.175575	0.349609	0.000000
NOTE	688	112.281219	0.700195	0.000000
NOTE	689	112.386856	0.299805	0.000000
NOTE	690	112.598122	0.299805	0.000000
NOTE	691	112.598122	0.700195	0.000000
NOTE	692	112.703743	0.250000	0.000000
NOTE	693	112.809380	0.900391	0.000000
NOTE	694	112.809380	0.150391	0.000000
NOTE	695	113.020645	0.150391	0.000000
NOTE	696	113.020645	0.900391	0.000000
NOTE	697	113.126282	0.849609	0.000000
NOTE	698	113.231926	0.150391	0.000000
NOTE	699	113.443184	0.150391	0.000000
NOTE	700	113.443184	0.900391	0.000000
NOTE	701	113.548813	0.849609	0.000000
NOTE	702	113.654449	0.650391	0.000000
NOTE	703	113.654449	0.349609	0.000000
NOTE	704	113.865715	0.349609	0.000000
NOTE	705	113.865715	0.650391	0.000000
NOTE	706	113.971352	0.400391	0.000000
NOTE	707	114.076988	0.650391	0.000000
NOTE	708	114.288254	0.349609	0.000000
NOTE	709	114.288254	0.650391	0.000000
NOTE	710	114.393883	0.400391	0.000000
NOTE	711	114.499519	0.799805	0.000000
NOTE	712	114.605156	0.750000	0.000000
NOTE	713	114.710785	0.200195	0.000000
NOTE	714	114.816422	0.250000	0.000000
NOTE	715	114.922058	0.799805	0.000000
NOTE	716	115.027687	0.849609	0.000000
NOTE	717	115.133324	0.200195	0.000000
NOTE	718	115.238953	0.150391	0.000000
NOTE	719	115.344589	0.650391	0.000000
NOTE	720	115.450226	0.700195	0.000000
NOTE	721	115.555855	0.349609	0.000000
NOTE	722	115.661491	0.299805	0.000000
NOTE	723	115.767128	0.700195	0.000000
NOTE	724	115.872757	0.650391	0.000000
NOTE	725	115.978394	0.299805	0.000000
NOTE	726	116.084023	0.349609	0.000000
NOTE	727	116.189659	0.500000	0.633804
LINK 63 64 65 66 67 
LINK 69 70 71 72 73 
LINK 107 108 109 
LINK 112 113 114 115 116 
LINK 167 168 169 
LINK 172 173 174 
LINK 177 178 179 
LINK 181 182 183 184 185 
LINK 188 189 190 
LINK 193 194 195 
LINK 198 199 200 
LINK 201 203 204 205 207 208 209 
LINK 212 213 
LINK 221 222 
LINK 224 225 
LINK 230 231 
LINK 236 237 
LINK 258 259 260 261 
LINK 265 266 267 268 269 270 
LINK 272 273 274 275 
LINK 276 278 279 280 281 282 283 
LINK 284 285 286 287 
LINK 288 289 290 291 
LINK 297 298 299 
LINK 300 302 303 304 306 
LINK 308 309 310 311 
LINK 315 316 317 318 319 320 
LINK 326 328 329 330 331 332 334 
LINK 335 336 337 
LINK 340 341 
LINK 342 344 
LINK 346 347 
LINK 349 350 
LINK 352 353 
LINK 354 356 
LINK 358 359 
LINK 367 369 370 371 373 374 376 
LINK 391 392 393 394 
LINK 404 405 406 407 
LINK 627 628 
LINK 631 633 634 635 636 
LINK 649 650 652 653 654 655 
LINK 661 662 663 664 
LINK 669 671 
LINK 676 678 
LINK 683 685 
LINK 690 692 
LINK 696 697 
LINK 700 701 
LINK 704 706 
LINK 708 710 
LINK 711 712 
LINK 713 714 
LINK 715 716 
LINK 717 718 
