VERSION 2
BPM 370.000000
PAGE_SHIFT 0.000000
PAGE_SIZE 0.648649
NOTE	0	1.990596	0.400391	0.486487
NOTE	1	1.994143	0.849609	0.000000
NOTE	2	2.156305	0.849609	0.000000
NOTE	3	2.318467	0.849609	0.000000
NOTE	4	2.480630	0.849609	0.000000
NOTE	5	2.642792	0.150391	0.000000
NOTE	6	2.804954	0.599609	0.000000
NOTE	7	2.967116	0.150391	0.000000
NOTE	8	3.129278	0.599609	0.000000
NOTE	9	3.291441	0.299805	0.000000
NOTE	10	3.453603	0.299805	0.000000
NOTE	11	3.615765	0.299805	0.000000
NOTE	12	3.777927	0.299805	0.000000
NOTE	13	3.940090	0.799805	0.000000
NOTE	14	4.102252	0.450195	0.000000
NOTE	15	4.264414	0.799805	0.000000
NOTE	16	4.426576	0.450195	0.000000
NOTE	17	4.588739	0.599609	0.000000
NOTE	18	4.750901	0.599609	0.000000
NOTE	19	4.913063	0.599609	0.000000
NOTE	20	5.075225	0.599609	0.000000
NOTE	21	5.237388	0.200195	0.000000
NOTE	22	5.399550	0.849609	0.000000
NOTE	23	5.561712	0.200195	0.000000
NOTE	24	5.723874	0.849609	0.000000
NOTE	25	5.886037	0.400391	0.000000
NOTE	26	6.048199	0.400391	0.000000
NOTE	27	6.210361	0.400391	0.000000
NOTE	28	6.372524	0.400391	0.000000
NOTE	29	6.534685	0.750000	0.000000
NOTE	30	6.696848	0.750000	0.000000
NOTE	31	6.859010	0.750000	0.000000
NOTE	32	7.021172	0.750000	0.000000
NOTE	33	7.183335	0.150391	0.000000
NOTE	34	7.345497	0.599609	0.000000
NOTE	35	7.507659	0.150391	0.000000
NOTE	36	7.669822	0.599609	0.000000
NOTE	37	7.831984	0.349609	0.000000
NOTE	38	7.994146	0.349609	0.000000
NOTE	39	8.156308	0.349609	0.000000
NOTE	40	8.318470	0.349609	0.000000
NOTE	41	8.480633	0.900391	0.000000
NOTE	42	8.642795	0.500000	0.000000
NOTE	43	8.804957	0.900391	0.000000
NOTE	44	8.967119	0.500000	0.000000
NOTE	45	9.129282	0.700195	0.000000
NOTE	46	9.291445	0.700195	0.000000
NOTE	47	9.453606	0.700195	0.000000
NOTE	48	9.615769	0.700195	0.000000
NOTE	49	9.777931	0.900391	0.000000
NOTE	50	9.859012	0.099609	0.000000
NOTE	51	9.940093	0.849609	0.000000
NOTE	52	10.021175	0.200195	0.000000
NOTE	53	10.102256	0.900391	0.000000
NOTE	54	10.183337	0.099609	0.000000
NOTE	55	10.264418	0.849609	0.000000
NOTE	56	10.345499	0.200195	0.000000
NOTE	57	10.426580	0.700195	0.000000
NOTE	58	10.507661	0.299805	0.000000
NOTE	59	10.588743	0.599609	0.000000
NOTE	60	10.669824	0.349609	0.000000
NOTE	61	10.750904	0.700195	0.000000
NOTE	62	10.831986	0.299805	0.000000
NOTE	63	10.913067	0.599609	0.000000
NOTE	64	10.994148	0.349609	0.000000
NOTE	65	11.075229	0.799805	0.000000
NOTE	66	11.237392	0.200195	0.000000
NOTE	67	11.399554	0.799805	0.000000
NOTE	68	11.399554	0.200195	0.000000
NOTE	69	11.561715	0.799805	0.000000
NOTE	70	11.723878	0.299805	0.000000
NOTE	71	11.886040	0.299805	0.000000
NOTE	72	12.048203	0.299805	0.000000
NOTE	73	12.048203	0.700195	0.000000
NOTE	74	12.210365	0.700195	0.000000
NOTE	75	12.213609	0.299805	0.000000
NOTE	76	12.368979	0.150391	0.486487
NOTE	77	12.372527	0.849609	0.000000
NOTE	78	12.696852	0.849609	0.000000
NOTE	79	13.021176	0.400391	0.000000
NOTE	80	13.345500	0.400391	0.000000
NOTE	81	13.669825	0.250000	0.000000
NOTE	82	13.994148	0.549805	0.000000
NOTE	83	14.156311	0.650391	0.000000
NOTE	84	14.318474	0.750000	0.000000
NOTE	85	14.399555	0.799805	0.000000
NOTE	86	14.480637	0.849609	0.000000
NOTE	87	14.642799	0.849609	0.000000
NOTE	88	14.804960	0.750000	0.000000
NOTE	89	14.886042	0.700195	0.000000
NOTE	90	14.967123	0.150391	0.000000
NOTE	91	15.291449	0.150391	0.000000
NOTE	92	15.615772	0.299805	0.000000
NOTE	93	15.696854	0.349609	0.000000
NOTE	94	15.777933	0.400391	0.000000
NOTE	95	15.940096	0.549805	0.000000
NOTE	96	16.264421	0.750000	0.000000
NOTE	97	16.426582	0.849609	0.000000
NOTE	98	16.588745	0.750000	0.000000
NOTE	99	16.750906	0.650391	0.000000
NOTE	100	16.913069	0.250000	0.000000
NOTE	101	17.075233	0.150391	0.000000
NOTE	102	17.237394	0.250000	0.000000
NOTE	103	17.399557	0.349609	0.000000
NOTE	104	17.483883	0.400391	0.000000
NOTE	105	17.561718	0.599609	0.000000
NOTE	106	17.646044	0.650391	0.000000
NOTE	107	17.723881	0.700195	0.000000
NOTE	108	17.886044	0.599609	0.000000
NOTE	109	18.048206	0.500000	0.000000
NOTE	110	18.210367	0.349609	0.000000
NOTE	111	18.534693	0.349609	0.000000
NOTE	112	18.859016	0.250000	0.000000
NOTE	113	19.021179	0.150391	0.000000
NOTE	114	19.183342	0.150391	0.000000
NOTE	115	19.345503	0.250000	0.000000
NOTE	116	19.507666	0.750000	0.000000
NOTE	117	19.669828	0.849609	0.000000
NOTE	118	19.831991	0.849609	0.000000
NOTE	119	19.994152	0.750000	0.000000
NOTE	120	20.078478	0.700195	0.000000
NOTE	121	20.156315	0.299805	0.000000
NOTE	122	20.480639	0.299805	0.000000
NOTE	123	20.804964	0.549805	0.000000
NOTE	124	21.129288	0.549805	0.000000
NOTE	125	21.453613	0.349609	0.000000
NOTE	126	21.453613	0.650391	0.000000
NOTE	127	21.777937	0.349609	0.000000
NOTE	128	21.777937	0.650391	0.000000
NOTE	129	21.940100	0.750000	0.000000
NOTE	130	22.021181	0.650391	0.000000
NOTE	131	22.102262	0.349609	0.000000
NOTE	132	22.183344	0.250000	0.000000
NOTE	133	22.264423	0.450195	0.000000
NOTE	134	22.345505	0.549805	0.000000
NOTE	135	22.426586	0.200195	0.000000
NOTE	136	22.426586	0.799805	0.000000
NOTE	137	22.588749	0.549805	0.000000
NOTE	138	22.669830	0.450195	0.000000
NOTE	139	22.750912	0.700195	0.000000
NOTE	140	22.750912	0.299805	0.000000
NOTE	141	23.075235	0.099609	0.000000
NOTE	142	23.156317	0.150391	0.000000
NOTE	143	23.237398	0.200195	0.000000
NOTE	144	23.318480	0.250000	0.000000
NOTE	145	23.399559	0.750000	0.000000
NOTE	146	23.480640	0.799805	0.000000
NOTE	147	23.561722	0.849609	0.000000
NOTE	148	23.642803	0.900391	0.000000
NOTE	149	23.723885	0.400391	0.000000
NOTE	150	23.889292	0.500000	0.000000
NOTE	151	24.048208	0.799805	0.000000
NOTE	152	24.372534	0.599609	0.000000
NOTE	153	24.534695	0.500000	0.000000
NOTE	154	24.696857	0.400391	0.000000
NOTE	155	24.859020	0.299805	0.000000
NOTE	156	25.021183	0.750000	0.000000
NOTE	157	25.102264	0.700195	0.000000
NOTE	158	25.183344	0.650391	0.000000
NOTE	159	25.264425	0.599609	0.000000
NOTE	160	25.345507	0.400391	0.000000
NOTE	161	25.426588	0.349609	0.000000
NOTE	162	25.507669	0.299805	0.000000
NOTE	163	25.588751	0.250000	0.000000
NOTE	164	25.669832	0.500000	0.000000
NOTE	165	25.750912	0.549805	0.000000
NOTE	166	25.831993	0.599609	0.000000
NOTE	167	25.913074	0.650391	0.000000
NOTE	168	25.994156	0.750000	0.000000
NOTE	169	26.156319	0.849609	0.000000
NOTE	170	26.318480	0.099609	0.000000
NOTE	171	26.480642	0.200195	0.000000
NOTE	172	26.642805	0.650391	0.000000
NOTE	173	26.804968	0.750000	0.000000
NOTE	174	26.967129	0.250000	0.000000
NOTE	175	27.129292	0.349609	0.000000
NOTE	176	27.291454	0.450195	0.000000
NOTE	177	27.453615	0.549805	0.000000
NOTE	178	27.615778	0.549805	0.000000
NOTE	179	27.777941	0.450195	0.000000
NOTE	180	27.940104	0.200195	0.000000
NOTE	181	28.264427	0.200195	0.000000
NOTE	182	28.588755	0.750000	0.000000
NOTE	183	28.913076	0.750000	0.000000
NOTE	184	29.237400	0.299805	0.000000
NOTE	185	29.561726	0.299805	0.000000
NOTE	186	29.886051	0.599609	0.000000
NOTE	187	30.210377	0.599609	0.000000
NOTE	188	30.534698	0.200195	0.000000
NOTE	189	30.696861	0.849609	0.000000
NOTE	190	30.859020	0.200195	0.000000
NOTE	191	31.021183	0.849609	0.000000
NOTE	192	31.183350	0.400391	0.000000
NOTE	193	31.345509	0.700195	0.000000
NOTE	194	31.507671	0.400391	0.000000
NOTE	195	31.669834	0.700195	0.000000
NOTE	196	31.828447	0.599609	0.486490
NOTE	197	31.831993	0.250000	0.000000
NOTE	198	31.994160	0.250000	0.000000
NOTE	199	32.156322	0.250000	0.000000
NOTE	200	32.237404	0.250000	0.000000
NOTE	201	32.318485	0.250000	0.000000
NOTE	202	32.399563	0.250000	0.000000
NOTE	203	32.480644	0.849609	0.000000
NOTE	204	32.561726	0.849609	0.000000
NOTE	205	32.642807	0.849609	0.000000
NOTE	206	32.723892	0.849609	0.000000
NOTE	207	32.804974	0.400391	0.000000
NOTE	208	32.886051	0.849609	0.000000
NOTE	209	32.967133	0.400391	0.000000
NOTE	210	33.048210	0.849609	0.000000
NOTE	211	33.125748	0.250000	0.486488
NOTE	212	33.129295	0.700195	0.000000
NOTE	213	33.453617	0.700195	0.000000
NOTE	214	33.777943	0.799805	0.000000
NOTE	215	33.940105	0.150391	0.000000
NOTE	216	34.264431	0.549805	0.000000
NOTE	217	34.588757	0.250000	0.000000
NOTE	218	34.750916	0.849609	0.000000
NOTE	219	35.075241	0.299805	0.000000
NOTE	220	35.237404	0.599609	0.000000
NOTE	221	35.561729	0.400391	0.000000
NOTE	222	35.886055	0.650391	0.000000
NOTE	223	36.048214	0.150391	0.000000
NOTE	224	36.372540	0.750000	0.000000
NOTE	225	36.534702	0.349609	0.000000
NOTE	226	36.859028	0.799805	0.000000
NOTE	227	37.183350	0.150391	0.000000
NOTE	228	37.345512	0.650391	0.000000
NOTE	229	37.507675	0.250000	0.000000
NOTE	230	37.669838	0.849609	0.000000
NOTE	231	37.832001	0.849609	0.000000
NOTE	232	38.156326	0.349609	0.000000
NOTE	233	38.480648	0.700195	0.000000
NOTE	234	38.642811	0.250000	0.000000
NOTE	235	38.967136	0.299805	0.000000
NOTE	236	39.129299	0.599609	0.000000
NOTE	237	39.453621	0.849609	0.000000
NOTE	238	39.777946	0.349609	0.000000
NOTE	239	39.940109	0.750000	0.000000
NOTE	240	40.264435	0.849609	0.000000
NOTE	241	40.426598	0.400391	0.000000
NOTE	242	40.750919	0.200195	0.000000
NOTE	243	41.075245	0.650391	0.000000
NOTE	244	41.237408	0.200195	0.000000
NOTE	245	41.561733	0.299805	0.000000
NOTE	246	41.723892	0.549805	0.000000
NOTE	247	42.048218	0.849609	0.000000
NOTE	248	42.372543	0.700195	0.000000
NOTE	249	42.534706	0.299805	0.000000
NOTE	250	42.696869	0.849609	0.000000
NOTE	251	42.859032	0.150391	0.000000
NOTE	252	43.021191	0.150391	0.000000
NOTE	253	43.345516	0.599609	0.000000
NOTE	254	43.507679	0.799805	0.000000
NOTE	255	43.669842	0.900391	0.000000
NOTE	256	43.832005	0.799805	0.000000
NOTE	257	43.994167	0.700195	0.000000
NOTE	258	44.318489	0.450195	0.000000
NOTE	259	44.480652	0.349609	0.000000
NOTE	260	44.642815	0.450195	0.000000
NOTE	261	44.967140	0.799805	0.000000
NOTE	262	45.129303	0.900391	0.000000
NOTE	263	45.291462	0.799805	0.000000
NOTE	264	45.615788	0.549805	0.000000
NOTE	265	45.777950	0.450195	0.000000
NOTE	266	45.940113	0.549805	0.000000
NOTE	267	46.264439	0.150391	0.000000
NOTE	268	46.426598	0.250000	0.000000
NOTE	269	46.588760	0.150391	0.000000
NOTE	270	46.913086	0.799805	0.000000
NOTE	271	47.075249	0.900391	0.000000
NOTE	272	47.237411	0.799805	0.000000
NOTE	273	47.561733	0.500000	0.000000
NOTE	274	47.723896	0.400391	0.000000
NOTE	275	47.886059	0.500000	0.000000
NOTE	276	48.210384	0.200195	0.000000
NOTE	277	48.372547	0.299805	0.000000
NOTE	278	48.534710	0.200195	0.000000
NOTE	279	48.859032	0.849609	0.000000
NOTE	280	49.021194	0.750000	0.000000
NOTE	281	49.183357	0.849609	0.000000
NOTE	282	49.507683	0.400391	0.000000
NOTE	283	49.669846	0.299805	0.000000
NOTE	284	49.832008	0.400391	0.000000
NOTE	285	50.156330	0.599609	0.000000
NOTE	286	50.196873	0.700195	0.000000
NOTE	287	50.480656	0.799805	0.000000
NOTE	288	50.521194	0.900391	0.000000
NOTE	289	50.804981	0.450195	0.000000
NOTE	290	50.845520	0.349609	0.000000
NOTE	291	51.129303	0.349609	0.000000
NOTE	292	51.169846	0.250000	0.000000
NOTE	293	51.453629	0.849609	0.000000
NOTE	294	51.494171	0.750000	0.000000
NOTE	295	51.777954	0.200195	0.000000
NOTE	296	51.818493	0.299805	0.000000
NOTE	297	52.102280	0.599609	0.000000
NOTE	298	52.142818	0.500000	0.000000
NOTE	299	52.426601	0.099609	0.000000
NOTE	300	52.467144	0.200195	0.000000
NOTE	301	52.750927	0.450195	0.000000
NOTE	302	52.791466	0.349609	0.000000
NOTE	303	53.075253	0.700195	0.000000
NOTE	304	53.115791	0.799805	0.000000
NOTE	305	53.399574	0.150391	0.000000
NOTE	306	53.440117	0.250000	0.000000
NOTE	307	53.723900	0.900391	0.000000
NOTE	308	53.764442	0.799805	0.000000
NOTE	309	53.882515	0.700195	0.486488
NOTE	310	53.886063	0.400391	0.000000
NOTE	311	54.048225	0.400391	0.000000
NOTE	312	54.210388	0.400391	0.000000
NOTE	313	54.372551	0.400391	0.000000
NOTE	314	54.534714	0.599609	0.000000
NOTE	315	54.696873	0.599609	0.000000
NOTE	316	54.859035	0.150391	0.000000
NOTE	317	55.021198	0.599609	0.000000
NOTE	318	55.183361	0.250000	0.000000
NOTE	319	55.345520	0.700195	0.000000
NOTE	320	55.507687	0.250000	0.000000
NOTE	321	55.669849	0.700195	0.000000
NOTE	322	55.832012	0.400391	0.000000
NOTE	323	55.994167	0.400391	0.000000
NOTE	324	56.156330	0.849609	0.000000
NOTE	325	56.318493	0.400391	0.000000
NOTE	326	56.480659	0.599609	0.000000
NOTE	327	56.642822	0.250000	0.000000
NOTE	328	56.804985	0.599609	0.000000
NOTE	329	56.967140	0.250000	0.000000
NOTE	330	57.129303	0.750000	0.000000
NOTE	331	57.291466	0.750000	0.000000
NOTE	332	57.453632	0.750000	0.000000
NOTE	333	57.615795	0.750000	0.000000
NOTE	334	57.777958	0.400391	0.000000
NOTE	335	57.940121	0.900391	0.000000
NOTE	336	58.102276	0.400391	0.000000
NOTE	337	58.264439	0.900391	0.000000
NOTE	338	58.426605	0.200195	0.000000
NOTE	339	58.588768	0.750000	0.000000
NOTE	340	58.750931	0.200195	0.000000
NOTE	341	58.913094	0.750000	0.000000
NOTE	342	59.075256	0.650391	0.000000
NOTE	343	59.237411	0.299805	0.000000
NOTE	344	59.318493	0.549805	0.000000
NOTE	345	59.480659	0.650391	0.000000
NOTE	346	59.561741	0.599609	0.000000
NOTE	347	59.723904	0.349609	0.000000
NOTE	348	59.804985	0.299805	0.000000
NOTE	349	59.967148	0.849609	0.000000
NOTE	350	60.048229	0.150391	0.000000
NOTE	351	60.210392	0.750000	0.000000
NOTE	352	60.372547	0.200195	0.000000
NOTE	353	60.534714	0.450195	0.000000
NOTE	354	60.615795	0.500000	0.000000
NOTE	355	60.777958	0.750000	0.000000
NOTE	356	60.859039	0.200195	0.000000
NOTE	357	61.021202	0.500000	0.000000
NOTE	358	61.102283	0.549805	0.000000
NOTE	359	61.264446	0.150391	0.000000
NOTE	360	61.345528	0.849609	0.000000
NOTE	361	61.507690	0.299805	0.000000
NOTE	362	61.669849	0.650391	0.000000
NOTE	363	61.832012	0.400391	0.000000
NOTE	364	61.913097	0.650391	0.000000
NOTE	365	62.075260	0.250000	0.000000
NOTE	366	62.156338	0.299805	0.000000
NOTE	367	62.318501	0.150391	0.000000
NOTE	368	62.399578	0.650391	0.000000
NOTE	369	62.561749	0.799805	0.000000
NOTE	370	62.642826	0.750000	0.000000
NOTE	371	62.804981	0.400391	0.000000
NOTE	372	62.967152	0.799805	0.000000
NOTE	373	63.129314	0.250000	0.000000
NOTE	374	63.210392	0.250000	0.000000
NOTE	375	63.372555	0.450195	0.000000
NOTE	376	63.453632	0.750000	0.000000
NOTE	377	63.615795	0.349609	0.000000
NOTE	378	63.696880	0.299805	0.000000
NOTE	379	63.859043	0.900391	0.000000
NOTE	380	63.940121	0.400391	0.000000
NOTE	381	64.102287	0.650391	0.000000
NOTE	382	64.264442	0.200195	0.000000
NOTE	383	64.426605	0.799805	0.000000
NOTE	384	64.507690	0.150391	0.000000
NOTE	385	64.669846	0.650391	0.000000
NOTE	386	64.750938	0.599609	0.000000
NOTE	387	64.913094	0.450195	0.000000
NOTE	388	64.994186	0.900391	0.000000
NOTE	389	65.156342	0.750000	0.000000
NOTE	390	65.237411	0.700195	0.000000
NOTE	391	65.399574	0.299805	0.000000
NOTE	392	65.561752	0.700195	0.000000
NOTE	393	65.723907	0.500000	0.000000
NOTE	394	65.804993	0.849609	0.000000
NOTE	395	65.967155	0.599609	0.000000
NOTE	396	66.048225	0.349609	0.000000
NOTE	397	66.210396	0.700195	0.000000
NOTE	398	66.291473	0.750000	0.000000
NOTE	399	66.453644	0.200195	0.000000
NOTE	400	66.534721	0.200195	0.000000
NOTE	401	66.696877	0.549805	0.000000
NOTE	402	66.859039	0.299805	0.000000
NOTE	403	67.021210	0.799805	0.000000
NOTE	404	67.102287	0.750000	0.000000
NOTE	405	67.264442	0.650391	0.000000
NOTE	406	67.345535	0.250000	0.000000
NOTE	407	67.507690	0.799805	0.000000
NOTE	408	67.588776	0.400391	0.000000
NOTE	409	67.750938	0.549805	0.000000
NOTE	410	67.832024	0.299805	0.000000
NOTE	411	67.994179	0.150391	0.000000
NOTE	412	68.156342	0.599609	0.000000
NOTE	413	68.318504	0.700195	0.000000
NOTE	414	68.399590	0.150391	0.000000
NOTE	415	68.561752	0.200195	0.000000
NOTE	416	68.642822	0.250000	0.000000
NOTE	417	68.804993	0.799805	0.000000
NOTE	418	68.886070	0.799805	0.000000
NOTE	419	69.048241	0.349609	0.000000
NOTE	420	69.129318	0.400391	0.000000
NOTE	421	69.291473	0.799805	0.000000
NOTE	422	69.453644	0.099609	0.000000
NOTE	423	69.534721	0.650391	0.000000
NOTE	424	69.615807	0.099609	0.000000
NOTE	425	69.696877	0.549805	0.000000
NOTE	426	69.777969	0.200195	0.000000
NOTE	427	69.859039	0.650391	0.000000
NOTE	428	69.940125	0.099609	0.000000
NOTE	429	70.021210	0.650391	0.000000
NOTE	430	70.102287	0.349609	0.000000
NOTE	431	70.183372	0.900391	0.000000
NOTE	432	70.264458	0.349609	0.000000
NOTE	433	70.345535	0.799805	0.000000
NOTE	434	70.426605	0.450195	0.000000
NOTE	435	70.507690	0.900391	0.000000
NOTE	436	70.588776	0.349609	0.000000
NOTE	437	70.669853	0.900391	0.000000
NOTE	438	70.750938	0.150391	0.000000
NOTE	439	70.832024	0.700195	0.000000
NOTE	440	70.913094	0.049805	0.000000
NOTE	441	70.994186	0.599609	0.000000
NOTE	442	71.075256	0.049805	0.000000
NOTE	443	71.156342	0.599609	0.000000
NOTE	444	71.237427	0.150391	0.000000
NOTE	445	71.318504	0.700195	0.000000
NOTE	446	71.399590	0.299805	0.000000
NOTE	447	71.480659	0.849609	0.000000
NOTE	448	71.561752	0.400391	0.000000
NOTE	449	71.642822	0.950195	0.000000
NOTE	450	71.723907	0.400391	0.000000
NOTE	451	71.804993	0.950195	0.000000
NOTE	452	71.886070	0.299805	0.000000
NOTE	453	71.967155	0.849609	0.000000
NOTE	454	72.048241	0.200195	0.000000
NOTE	455	72.129318	0.750000	0.000000
NOTE	456	72.210403	0.200195	0.000000
NOTE	457	72.291473	0.750000	0.000000
NOTE	458	72.372566	0.200195	0.000000
NOTE	459	72.453644	0.750000	0.000000
NOTE	460	72.534721	0.200195	0.000000
NOTE	461	72.615807	0.750000	0.000000
NOTE	462	72.696877	0.400391	0.000000
NOTE	463	72.777969	0.599609	0.000000
NOTE	464	72.859039	0.400391	0.000000
NOTE	465	72.940125	0.599609	0.000000
NOTE	466	73.021210	0.400391	0.000000
NOTE	467	73.102287	0.599609	0.000000
NOTE	468	73.183372	0.400391	0.000000
NOTE	469	73.264458	0.599609	0.000000
NOTE	470	73.345535	0.250000	0.000000
NOTE	471	73.345535	0.799805	0.000000
NOTE	472	73.507690	0.250000	0.000000
NOTE	473	73.588783	0.250000	0.000000
NOTE	474	73.750938	0.799805	0.000000
NOTE	475	73.832024	0.799805	0.000000
NOTE	476	73.994186	0.400391	0.000000
NOTE	477	74.075256	0.400391	0.000000
NOTE	478	74.237427	0.650391	0.000000
NOTE	479	74.318504	0.650391	0.000000
NOTE	480	74.480675	0.400391	0.000000
NOTE	481	74.639290	0.150391	0.486488
NOTE	482	74.642838	0.750000	0.000000
NOTE	483	74.805000	0.849609	0.000000
NOTE	484	74.886070	0.900391	0.000000
NOTE	485	75.048241	0.849609	0.000000
NOTE	486	75.129318	0.799805	0.000000
NOTE	487	75.291473	0.400391	0.000000
NOTE	488	75.372566	0.450195	0.000000
NOTE	489	75.534721	0.750000	0.000000
NOTE	490	75.615807	0.400391	0.000000
NOTE	491	75.777969	0.299805	0.000000
NOTE	492	75.940125	0.500000	0.000000
NOTE	493	76.102287	0.599609	0.000000
NOTE	494	76.183372	0.150391	0.000000
NOTE	495	76.345535	0.200195	0.000000
NOTE	496	76.426620	0.650391	0.000000
NOTE	497	76.588783	0.299805	0.000000
NOTE	498	76.669853	0.349609	0.000000
NOTE	499	76.832024	0.349609	0.000000
NOTE	500	76.913101	0.799805	0.000000
NOTE	501	77.075272	0.700195	0.000000
NOTE	502	77.237434	0.349609	0.000000
NOTE	503	77.399590	0.250000	0.000000
NOTE	504	77.480675	0.650391	0.000000
NOTE	505	77.642838	0.599609	0.000000
NOTE	506	77.723907	0.150391	0.000000
NOTE	507	77.886070	0.799805	0.000000
NOTE	508	77.967155	0.750000	0.000000
NOTE	509	78.129318	0.150391	0.000000
NOTE	510	78.210403	0.500000	0.000000
NOTE	511	78.372566	0.650391	0.000000
NOTE	512	78.534721	0.200195	0.000000
NOTE	513	78.696892	0.349609	0.000000
NOTE	514	78.777969	0.750000	0.000000
NOTE	515	78.940125	0.849609	0.000000
NOTE	516	79.021217	0.250000	0.000000
NOTE	517	79.183372	0.650391	0.000000
NOTE	518	79.264458	0.599609	0.000000
NOTE	519	79.426620	0.599609	0.000000
NOTE	520	79.507706	0.150391	0.000000
NOTE	521	79.669853	0.450195	0.000000
NOTE	522	79.832024	0.700195	0.000000
NOTE	523	79.994186	0.799805	0.000000
NOTE	524	80.075272	0.250000	0.000000
NOTE	525	80.237434	0.150391	0.000000
NOTE	526	80.318504	0.750000	0.000000
NOTE	527	80.480675	0.250000	0.000000
NOTE	528	80.561752	0.299805	0.000000
NOTE	529	80.723923	0.400391	0.000000
NOTE	530	80.805000	0.700195	0.000000
NOTE	531	80.967155	0.450195	0.000000
NOTE	532	81.129318	0.799805	0.000000
NOTE	533	81.291489	0.250000	0.000000
NOTE	534	81.372566	0.549805	0.000000
NOTE	535	81.534721	0.750000	0.000000
NOTE	536	81.615807	0.400391	0.000000
NOTE	537	81.777969	0.599609	0.000000
NOTE	538	81.859055	0.549805	0.000000
NOTE	539	82.021217	0.200195	0.000000
NOTE	540	82.102287	0.750000	0.000000
NOTE	541	82.264458	0.299805	0.000000
NOTE	542	82.426620	0.650391	0.000000
NOTE	543	82.588783	0.400391	0.000000
NOTE	544	82.669868	0.849609	0.000000
NOTE	545	82.832031	0.650391	0.000000
NOTE	546	82.913101	0.250000	0.000000
NOTE	547	83.075272	0.849609	0.000000
NOTE	548	83.156342	0.799805	0.000000
NOTE	549	83.318504	0.299805	0.000000
NOTE	550	83.399590	0.599609	0.000000
NOTE	551	83.561752	0.500000	0.000000
NOTE	552	83.723923	0.250000	0.000000
NOTE	553	83.886086	0.150391	0.000000
NOTE	554	83.967155	0.750000	0.000000
NOTE	555	84.129318	0.200195	0.000000
NOTE	556	84.210403	0.650391	0.000000
NOTE	557	84.372566	0.400391	0.000000
NOTE	558	84.453651	0.450195	0.000000
NOTE	559	84.615807	0.849609	0.000000
NOTE	560	84.696892	0.400391	0.000000
NOTE	561	84.859055	0.750000	0.000000
NOTE	562	85.021217	0.150391	0.000000
NOTE	563	85.021217	0.599609	0.000000
NOTE	564	85.183372	0.549805	0.000000
NOTE	565	85.264465	0.650391	0.000000
NOTE	566	85.345535	0.200195	0.000000
NOTE	567	85.426620	0.599609	0.000000
NOTE	568	85.507706	0.700195	0.000000
NOTE	569	85.669868	0.250000	0.000000
NOTE	570	85.669868	0.799805	0.000000
NOTE	571	85.750938	0.349609	0.000000
NOTE	572	85.913101	0.900391	0.000000
NOTE	573	85.994186	0.450195	0.000000
NOTE	574	85.994186	0.799805	0.000000
NOTE	575	86.156357	0.799805	0.000000
NOTE	576	86.318520	0.250000	0.000000
NOTE	577	86.318520	0.700195	0.000000
NOTE	578	86.480682	0.349609	0.000000
NOTE	579	86.561752	0.250000	0.000000
NOTE	580	86.642838	0.650391	0.000000
NOTE	581	86.723923	0.450195	0.000000
NOTE	582	86.805000	0.349609	0.000000
NOTE	583	86.967155	0.150391	0.000000
NOTE	584	86.967155	0.849609	0.000000
NOTE	585	87.048248	0.750000	0.000000
NOTE	586	87.210403	0.099609	0.000000
NOTE	587	87.291489	0.849609	0.000000
NOTE	588	87.291489	0.200195	0.000000
NOTE	589	87.453651	0.450195	0.000000
NOTE	590	87.615807	0.799805	0.000000
NOTE	591	87.615807	0.150391	0.000000
NOTE	592	87.777969	0.700195	0.000000
NOTE	593	87.859055	0.599609	0.000000
NOTE	594	87.940140	0.200195	0.000000
NOTE	595	88.021217	0.650391	0.000000
NOTE	596	88.102303	0.750000	0.000000
NOTE	597	88.264465	0.900391	0.000000
NOTE	598	88.264465	0.299805	0.000000
NOTE	599	88.345535	0.400391	0.000000
NOTE	600	88.507706	0.849609	0.000000
NOTE	601	88.588783	0.250000	0.000000
NOTE	602	88.588783	0.750000	0.000000
NOTE	603	88.750954	0.299805	0.000000
NOTE	604	88.913116	0.500000	0.000000
NOTE	605	88.913116	0.900391	0.000000
NOTE	606	89.075272	0.400391	0.000000
NOTE	607	89.156357	0.500000	0.000000
NOTE	608	89.237434	0.700195	0.000000
NOTE	609	89.318520	0.349609	0.000000
NOTE	610	89.399590	0.250000	0.000000
NOTE	611	89.561752	0.150391	0.000000
NOTE	612	89.561752	0.549805	0.000000
NOTE	613	89.642838	0.650391	0.000000
NOTE	614	89.805000	0.250000	0.000000
NOTE	615	89.886086	0.650391	0.000000
NOTE	616	89.886086	0.150391	0.000000
NOTE	617	90.048248	0.700195	0.000000
NOTE	618	90.210403	0.299805	0.000000
NOTE	619	90.372566	0.799805	0.000000
NOTE	620	90.453651	0.450195	0.000000
NOTE	621	90.615807	0.299805	0.000000
NOTE	622	90.696899	0.750000	0.000000
NOTE	623	90.859055	0.400391	0.000000
NOTE	624	90.940140	0.900391	0.000000
NOTE	625	91.102303	0.700195	0.000000
NOTE	626	91.183388	0.299805	0.000000
NOTE	627	91.345535	0.700195	0.000000
NOTE	628	91.507706	0.150391	0.000000
NOTE	629	91.669868	0.549805	0.000000
NOTE	630	91.750954	0.150391	0.000000
NOTE	631	91.913116	0.700195	0.000000
NOTE	632	91.994186	0.250000	0.000000
NOTE	633	92.156357	0.799805	0.000000
NOTE	634	92.237434	0.500000	0.000000
NOTE	635	92.399605	0.900391	0.000000
NOTE	636	92.480682	0.400391	0.000000
NOTE	637	92.642838	0.799805	0.000000
NOTE	638	92.805000	0.450195	0.000000
NOTE	639	92.967171	0.299805	0.000000
NOTE	640	93.048248	0.750000	0.000000
NOTE	641	93.210403	0.250000	0.000000
NOTE	642	93.291496	0.700195	0.000000
NOTE	643	93.453651	0.150391	0.000000
NOTE	644	93.534737	0.549805	0.000000
NOTE	645	93.696899	0.099609	0.000000
NOTE	646	93.777969	0.599609	0.000000
NOTE	647	93.940140	0.250000	0.000000
NOTE	648	94.102303	0.750000	0.000000
NOTE	649	94.426620	0.750000	-0.005218
NOTE	650	94.429871	0.200195	0.155372
NOTE	651	94.750954	0.450195	0.162163
NOTE	652	95.075279	0.299805	0.158615
NOTE	653	95.075279	0.549805	0.000000
NOTE	654	95.156357	0.650391	0.000000
NOTE	655	95.237434	0.549805	0.000000
NOTE	656	95.318520	0.650391	0.000000
NOTE	657	95.396057	0.750000	0.486488
NOTE	658	95.399605	0.150391	0.000000
NOTE	659	95.723930	0.150391	0.000000
NOTE	660	96.048248	0.299805	0.000000
NOTE	661	96.372566	0.450195	0.000000
NOTE	662	96.696899	0.750000	0.000000
NOTE	663	97.021217	0.750000	0.000000
NOTE	664	97.345551	0.599609	0.000000
NOTE	665	97.669868	0.599609	-0.005218
NOTE	666	97.669868	0.299805	0.158623
NOTE	667	97.990654	0.099609	0.486481
NOTE	668	97.994202	0.700195	0.000000
NOTE	669	98.318520	0.849609	0.000000
NOTE	670	98.642838	0.450195	0.000000
NOTE	671	98.967171	0.750000	0.000000
NOTE	672	98.967171	0.349609	0.000000
NOTE	673	99.129333	0.599609	0.000000
NOTE	674	99.291496	0.250000	0.162163
NOTE	675	99.291496	0.799805	0.000000
NOTE	676	99.615814	0.650391	-0.005218
NOTE	677	99.615814	0.150391	0.000000
NOTE	678	99.940147	0.349609	0.162163
NOTE	679	99.940147	0.799805	0.000000
NOTE	680	100.264465	0.900391	0.158623
NOTE	681	100.264465	0.450195	0.000000
NOTE	682	100.585251	0.150391	0.486481
NOTE	683	100.588783	0.650391	0.000000
NOTE	684	100.913116	0.750000	0.000000
NOTE	685	101.237434	0.450195	0.000000
NOTE	686	101.561768	0.200195	-0.005226
NOTE	687	101.561768	0.650391	0.158615
NOTE	688	101.886086	0.849609	0.000000
NOTE	689	102.210419	0.849609	0.000000
NOTE	690	102.534744	0.750000	0.000000
NOTE	691	102.859062	0.349609	0.158623
NOTE	692	102.859062	0.599609	-0.005218
NOTE	693	103.179840	0.750000	0.486488
NOTE	694	103.183388	0.150391	0.000000
NOTE	695	103.507713	0.150391	0.000000
NOTE	696	103.666328	0.299805	0.000000
NOTE	697	103.832031	0.599609	0.000000
NOTE	698	104.156364	0.450195	0.000000
NOTE	699	104.156364	0.849609	0.158616
NOTE	700	104.480682	0.349609	0.000000
NOTE	701	104.805016	0.099609	-0.005226
NOTE	702	104.805016	0.750000	0.000000
NOTE	703	105.129333	0.250000	0.162155
NOTE	704	105.129333	0.799805	0.000000
NOTE	705	105.453651	0.650391	-0.005211
NOTE	706	105.453651	0.299805	0.158623
NOTE	707	105.774437	0.900391	0.486488
NOTE	708	105.777985	0.500000	0.000000
NOTE	709	106.102303	0.400391	0.000000
NOTE	710	106.426636	0.150391	0.000000
NOTE	711	106.750961	0.150391	0.000000
NOTE	712	107.075279	0.349609	0.000000
NOTE	713	107.399612	0.700195	0.000000
NOTE	714	107.723930	0.900391	0.000000
NOTE	715	108.048248	0.450195	0.158623
NOTE	716	108.048248	0.849609	-0.005211
NOTE	717	108.369034	0.700195	0.486496
NOTE	718	108.372581	0.250000	0.000000
NOTE	719	108.696899	0.150391	0.000000
NOTE	720	109.021240	0.599609	0.000000
NOTE	721	109.345566	0.299805	0.000000
NOTE	722	109.666344	0.450195	0.486473
NOTE	723	109.669868	0.900391	0.000000
NOTE	724	109.994202	0.900391	0.000000
NOTE	725	110.314980	0.799805	0.162163
NOTE	726	110.318527	0.250000	0.000000
NOTE	727	110.642860	0.799805	0.158616
NOTE	728	110.642860	0.099609	0.000000
NOTE	729	110.963638	0.650391	0.486488
NOTE	730	110.967178	0.299805	0.000000
NOTE	731	111.132584	0.250000	0.000000
NOTE	732	111.213661	0.200195	0.000000
NOTE	733	111.375832	0.250000	0.000000
NOTE	734	111.456902	0.299805	0.000000
NOTE	735	111.615814	0.900391	0.000000
NOTE	736	111.700150	0.450195	0.000000
NOTE	737	111.862312	0.599609	0.000000
NOTE	738	111.940147	0.900391	0.000000
NOTE	739	112.102303	0.400391	0.000000
NOTE	740	112.264465	0.750000	0.000000
NOTE	741	112.426636	0.099609	0.000000
NOTE	742	112.510963	0.750000	0.000000
NOTE	743	112.673126	0.150391	0.000000
NOTE	744	112.750961	0.799805	0.000000
NOTE	745	112.913132	0.200195	0.000000
NOTE	746	112.994202	0.599609	0.000000
NOTE	747	113.159615	0.450195	0.000000
NOTE	748	113.237457	0.250000	0.000000
NOTE	749	113.399612	0.599609	0.000000
NOTE	750	113.558235	0.349609	0.486473
NOTE	751	113.561775	0.799805	0.000000
NOTE	752	113.642860	0.900391	0.000000
NOTE	753	113.723930	0.799805	0.000000
NOTE	754	113.805016	0.900391	0.000000
NOTE	755	113.886086	0.799805	0.000000
NOTE	756	113.967178	0.900391	0.000000
NOTE	757	114.048248	0.799805	0.000000
NOTE	758	114.129349	0.700195	0.000000
NOTE	759	114.206871	0.599609	0.486496
NOTE	760	114.210419	0.250000	0.000000
NOTE	761	114.291512	0.150391	0.000000
NOTE	762	114.372581	0.250000	0.000000
NOTE	763	114.453674	0.150391	0.000000
NOTE	764	114.534744	0.250000	0.000000
NOTE	765	114.615814	0.150391	0.000000
NOTE	766	114.696915	0.250000	0.000000
NOTE	767	114.777985	0.349609	0.000000
NOTE	768	114.859077	0.799805	0.000000
NOTE	769	115.024490	0.450195	0.000000
NOTE	770	115.102303	0.799805	0.000000
NOTE	771	115.260925	0.450195	0.000000
NOTE	772	115.345566	0.799805	0.000000
NOTE	773	115.507729	0.299805	0.000000
NOTE	774	115.588799	0.700195	0.000000
NOTE	775	115.669868	0.299805	0.000000
NOTE	776	115.750961	0.700195	0.000000
NOTE	777	115.832031	0.299805	0.000000
NOTE	778	115.913132	0.700195	0.000000
NOTE	779	115.994202	0.299805	0.000000
NOTE	780	116.075294	0.700195	0.000000
NOTE	781	116.152817	0.200195	0.486488
NOTE	782	116.156364	0.799805	0.000000
NOTE	783	116.318527	0.900391	0.000000
NOTE	784	116.480682	0.799805	0.000000
NOTE	785	116.805016	0.500000	0.000000
NOTE	786	116.967178	0.400391	0.000000
NOTE	787	117.129349	0.299805	0.000000
NOTE	788	117.291512	0.400391	0.000000
NOTE	789	117.615814	0.700195	0.000000
NOTE	790	117.777985	0.599609	0.000000
NOTE	791	117.940147	0.700195	0.000000
NOTE	792	118.264465	0.099609	0.000000
NOTE	793	118.426636	0.200195	0.000000
NOTE	794	118.588799	0.099609	0.000000
NOTE	795	118.913132	0.500000	0.000000
NOTE	796	119.075294	0.599609	0.000000
NOTE	797	119.237457	0.500000	0.000000
NOTE	798	119.561775	0.250000	0.000000
NOTE	799	119.723930	0.150391	0.000000
NOTE	800	119.886086	0.250000	0.000000
NOTE	801	120.210419	0.750000	0.000000
NOTE	802	120.372581	0.849609	0.000000
NOTE	803	120.534744	0.750000	0.000000
NOTE	804	120.859077	0.599609	0.000000
NOTE	805	121.021240	0.500000	0.000000
NOTE	806	121.183395	0.599609	0.000000
NOTE	807	121.507729	0.150391	0.000000
NOTE	808	121.669868	0.250000	0.000000
NOTE	809	121.832031	0.150391	0.000000
NOTE	810	122.156364	0.549805	0.000000
NOTE	811	122.318527	0.650391	0.000000
NOTE	812	122.480682	0.549805	0.000000
NOTE	813	122.805016	0.349609	0.000000
NOTE	814	122.967178	0.250000	0.000000
NOTE	815	123.129349	0.349609	0.000000
NOTE	816	123.453674	0.650391	0.000000
NOTE	817	123.615829	0.750000	0.000000
NOTE	818	123.777992	0.650391	0.000000
NOTE	819	124.102303	0.450195	0.000000
NOTE	820	124.264465	0.349609	0.000000
NOTE	821	124.426636	0.450195	0.000000
NOTE	822	124.750961	0.849609	0.000000
NOTE	823	124.913132	0.750000	0.000000
NOTE	824	125.075294	0.849609	0.000000
NOTE	825	125.399612	0.250000	0.000000
NOTE	826	125.561775	0.349609	0.000000
NOTE	827	125.723946	0.250000	0.000000
NOTE	828	125.805023	0.200195	0.000000
NOTE	829	126.048264	0.549805	0.000000
NOTE	830	126.210426	0.450195	0.000000
NOTE	831	126.372581	0.549805	0.000000
NOTE	832	126.531197	0.250000	0.486496
NOTE	833	126.531197	0.750000	0.486496
LINK 82 83 
LINK 84 85 86 
LINK 87 88 89 
LINK 92 93 94 
LINK 96 97 
LINK 98 99 
LINK 100 101 
LINK 102 103 104 
LINK 105 106 107 
LINK 108 109 
LINK 112 113 
LINK 114 115 
LINK 116 117 
LINK 118 119 120 
LINK 129 130 
LINK 131 132 
LINK 133 134 
LINK 137 138 
LINK 141 142 143 144 
LINK 145 146 147 148 
LINK 149 150 
LINK 152 153 
LINK 154 155 
LINK 156 157 158 159 
LINK 160 161 162 163 
LINK 164 165 166 167 
LINK 168 169 
LINK 170 171 
LINK 172 173 
LINK 174 175 
LINK 176 177 
LINK 178 179 
LINK 199 200 201 202 
LINK 203 204 205 206 
LINK 254 255 256 257 
LINK 258 259 260 
LINK 261 262 263 
LINK 264 265 266 
LINK 267 268 269 
LINK 270 271 272 
LINK 273 274 275 
LINK 276 277 278 
LINK 279 280 281 
LINK 282 283 284 
LINK 285 286 
LINK 287 288 
LINK 289 290 
LINK 291 292 
LINK 293 294 
LINK 295 296 
LINK 297 298 
LINK 299 300 
LINK 301 302 
LINK 303 304 
LINK 305 306 
LINK 307 308 
LINK 472 473 
LINK 474 475 
LINK 476 477 
LINK 478 479 
LINK 483 484 
LINK 485 486 
LINK 487 488 
LINK 497 498 
LINK 507 508 
LINK 517 518 
LINK 527 528 
LINK 537 538 
LINK 547 548 
LINK 557 558 
LINK 564 565 
LINK 567 568 
LINK 569 571 
LINK 572 574 
LINK 578 579 
LINK 581 582 
LINK 584 585 
LINK 586 588 
LINK 592 593 
LINK 595 596 
LINK 598 599 
LINK 600 602 
LINK 606 607 
LINK 609 610 
LINK 612 613 
LINK 614 616 
LINK 653 654 655 656 
LINK 731 732 
LINK 733 734 
LINK 751 752 753 754 755 756 757 758 
LINK 760 761 762 763 764 765 766 767 
LINK 782 783 784 
LINK 785 786 787 788 
LINK 789 790 791 
LINK 792 793 794 
LINK 795 796 797 
LINK 798 799 800 
LINK 801 802 803 
LINK 804 805 806 
LINK 807 808 809 
LINK 810 811 812 
LINK 813 814 815 
LINK 816 817 818 
LINK 819 820 821 
LINK 822 823 824 
LINK 825 826 827 828 
LINK 829 830 831 
