VERSION 2
BPM 300.000000
PAGE_SHIFT 0.092000
PAGE_SIZE 0.800000
NOTE	0	3.148000	0.100000	0.000000
NOTE	1	3.148000	0.700000	0.000000
NOTE	2	3.348000	0.100000	0.000000
NOTE	3	3.548000	0.600000	0.000000
NOTE	4	3.748000	0.100000	0.000000
NOTE	5	3.948000	0.800000	0.000000
NOTE	6	4.148000	0.200000	0.000000
NOTE	7	4.348000	0.700000	0.000000
NOTE	8	4.548000	0.200000	0.000000
NOTE	9	4.748000	0.900000	0.000000
NOTE	10	4.948000	0.300000	0.000000
NOTE	11	5.148000	0.800000	0.000000
NOTE	12	5.348000	0.300000	0.000000
NOTE	13	5.548000	0.700000	0.000000
NOTE	14	5.748000	0.200000	0.000000
NOTE	15	5.948000	0.550000	0.000000
NOTE	16	6.048000	0.450000	0.000000
NOTE	17	6.148000	0.550000	0.000000
NOTE	18	6.248000	0.650000	0.000000
NOTE	19	6.348000	0.200000	0.000000
NOTE	20	6.548000	0.800000	0.000000
NOTE	21	6.748000	0.300000	0.000000
NOTE	22	6.948000	0.800000	0.000000
NOTE	23	7.148000	0.400000	0.000000
NOTE	24	7.348000	0.500000	0.000000
NOTE	25	7.548000	0.600000	0.000000
NOTE	26	7.748000	0.500000	0.000000
NOTE	27	7.948000	0.300000	0.000000
NOTE	28	8.048000	0.200000	0.000000
NOTE	29	8.148000	0.100000	0.000000
NOTE	30	8.248000	0.200000	0.000000
NOTE	31	8.348000	0.300000	0.000000
NOTE	32	8.448000	0.200000	0.000000
NOTE	33	8.548000	0.100000	0.000000
NOTE	34	8.648000	0.200000	0.000000
NOTE	35	8.748000	0.700000	0.000000
NOTE	36	8.848000	0.800000	0.000000
NOTE	37	8.948000	0.900000	0.000000
NOTE	38	9.048000	0.800000	0.000000
NOTE	39	9.148000	0.700000	0.000000
NOTE	40	9.248000	0.800000	0.000000
NOTE	41	9.348000	0.900000	0.000000
NOTE	42	9.448000	0.800000	0.000000
NOTE	43	9.548000	0.200000	0.000000
NOTE	44	9.548000	0.700000	0.000000
NOTE	45	9.948000	0.300000	0.000000
NOTE	46	10.348000	0.600000	0.000000
NOTE	47	10.748000	0.400000	0.000000
NOTE	48	11.148000	0.800000	0.000000
NOTE	49	11.548000	0.200000	0.000000
NOTE	50	11.948000	0.500000	0.000000
NOTE	51	12.148000	0.400000	0.000000
NOTE	52	12.248000	0.500000	0.000000
NOTE	53	12.348000	0.600000	0.000000
NOTE	54	12.448000	0.700000	0.000000
NOTE	55	12.548000	0.600000	0.000000
NOTE	56	12.648000	0.500000	0.000000
NOTE	57	12.748000	0.900000	0.000000
NOTE	58	12.948000	0.100000	0.000000
NOTE	59	13.148000	0.900000	0.000000
NOTE	60	13.348000	0.100000	0.000000
NOTE	61	13.548000	0.800000	0.000000
NOTE	62	13.748000	0.200000	0.000000
NOTE	63	13.948000	0.700000	0.000000
NOTE	64	14.148000	0.200000	0.000000
NOTE	65	14.348000	0.650000	0.000000
NOTE	66	14.448000	0.750000	0.000000
NOTE	67	14.548000	0.850000	0.000000
NOTE	68	14.648000	0.950000	0.000000
NOTE	69	14.748000	0.850000	0.000000
NOTE	70	14.848000	0.750000	0.000000
NOTE	71	14.948000	0.650000	0.000000
NOTE	72	15.048000	0.550000	0.000000
NOTE	73	15.148000	0.450000	0.000000
NOTE	74	15.248000	0.350000	0.000000
NOTE	75	15.348000	0.250000	0.000000
NOTE	76	15.448000	0.150000	0.000000
NOTE	77	15.548000	0.050000	0.000000
NOTE	78	15.548000	0.600000	0.000000
NOTE	79	15.948000	0.300000	0.000000
NOTE	80	16.348000	0.500000	0.000000
NOTE	81	16.348000	0.900000	0.000000
NOTE	82	16.747999	0.200000	0.000000
NOTE	83	17.148001	0.300000	0.000000
NOTE	84	17.148001	0.700000	0.000000
NOTE	85	17.548000	0.800000	0.000000
NOTE	86	17.948000	0.100000	0.000000
NOTE	87	17.948000	0.500000	0.000000
NOTE	88	18.348000	0.700000	0.000000
NOTE	89	18.747999	0.300000	0.000000
NOTE	90	18.747999	0.700000	0.000000
NOTE	91	19.148001	0.600000	0.000000
NOTE	92	19.548000	0.100000	0.000000
NOTE	93	19.548000	0.900000	0.000000
NOTE	94	19.948000	0.400000	0.000000
NOTE	95	20.348000	0.350000	0.000000
NOTE	96	20.348000	0.650000	0.000000
NOTE	97	20.747999	0.500000	0.000000
NOTE	98	21.148001	0.200000	0.000000
NOTE	99	21.148001	0.800000	0.000000
NOTE	100	21.448000	0.200000	0.000000
NOTE	101	21.448000	0.800000	0.000000
NOTE	102	21.747999	0.350000	0.000000
NOTE	103	21.747999	0.650000	0.000000
NOTE	104	22.048000	0.350000	0.000000
NOTE	105	22.048000	0.650000	0.000000
NOTE	106	22.348000	0.100000	0.000000
NOTE	107	22.548000	0.900000	0.000000
NOTE	108	22.747999	0.100000	0.000000
NOTE	109	22.948000	0.900000	0.000000
NOTE	110	23.148001	0.200000	0.000000
NOTE	111	23.348000	0.800000	0.000000
NOTE	112	23.548000	0.200000	0.000000
NOTE	113	23.747999	0.800000	0.000000
NOTE	114	23.948000	0.400000	0.000000
NOTE	115	24.148001	0.300000	0.000000
NOTE	116	24.348000	0.400000	0.000000
NOTE	117	24.548000	0.500000	0.000000
NOTE	118	24.747999	0.600000	0.000000
NOTE	119	24.948000	0.700000	0.000000
NOTE	120	25.148001	0.600000	0.000000
NOTE	121	25.348000	0.500000	0.000000
NOTE	122	25.548000	0.800000	0.000000
NOTE	123	25.747999	0.200000	0.000000
NOTE	124	25.948000	0.800000	0.000000
NOTE	125	26.148001	0.200000	0.000000
NOTE	126	26.348000	0.900000	0.000000
NOTE	127	26.548000	0.100000	0.000000
NOTE	128	26.747999	0.900000	0.000000
NOTE	129	26.948000	0.100000	0.000000
NOTE	130	27.148001	0.500000	0.000000
NOTE	131	27.548000	0.350000	0.000000
NOTE	132	27.548000	0.650000	0.000000
NOTE	133	27.848000	0.350000	0.000000
NOTE	134	27.848000	0.650000	0.000000
NOTE	135	28.148001	0.200000	0.000000
NOTE	136	28.148001	0.800000	0.000000
NOTE	137	28.448000	0.200000	0.000000
NOTE	138	28.448000	0.800000	0.000000
NOTE	139	28.747999	0.100000	0.000000
NOTE	140	28.747999	0.900000	0.000000
NOTE	141	28.948000	0.500000	0.000000
NOTE	142	29.048000	0.600000	0.000000
NOTE	143	29.148001	0.500000	0.000000
NOTE	144	29.247999	0.600000	0.000000
NOTE	145	29.348000	0.500000	0.000000
NOTE	146	29.448000	0.400000	0.000000
NOTE	147	29.548000	0.300000	0.000000
NOTE	148	29.648001	0.200000	0.000000
NOTE	149	29.747999	0.100000	0.000000
NOTE	150	29.848000	0.200000	0.000000
NOTE	151	29.948000	0.700000	0.000000
NOTE	152	30.048000	0.800000	0.000000
NOTE	153	30.148001	0.900000	0.000000
NOTE	154	30.247999	0.800000	0.000000
NOTE	155	30.348000	0.300000	0.000000
NOTE	156	30.448000	0.600000	0.000000
NOTE	157	30.548000	0.300000	0.000000
NOTE	158	30.648001	0.600000	0.000000
NOTE	159	30.747999	0.300000	0.000000
NOTE	160	30.848000	0.600000	0.000000
NOTE	161	30.948000	0.300000	0.000000
NOTE	162	31.048000	0.600000	0.000000
NOTE	163	31.148001	0.400000	0.000000
NOTE	164	31.247999	0.700000	0.000000
NOTE	165	31.348000	0.400000	0.000000
NOTE	166	31.448000	0.700000	0.000000
NOTE	167	31.548000	0.400000	0.000000
NOTE	168	31.648001	0.700000	0.000000
NOTE	169	31.747999	0.400000	0.000000
NOTE	170	31.848000	0.700000	0.000000
NOTE	171	31.948000	0.200000	0.000000
NOTE	172	32.147999	0.800000	0.000000
NOTE	173	32.248001	0.900000	0.000000
NOTE	174	32.348000	0.800000	0.000000
NOTE	175	32.448002	0.100000	0.000000
NOTE	176	32.548000	0.200000	0.000000
NOTE	177	32.647999	0.300000	0.000000
NOTE	178	32.748001	0.400000	0.000000
NOTE	179	32.848000	0.500000	0.000000
NOTE	180	32.948002	0.600000	0.000000
NOTE	181	33.048000	0.500000	0.000000
NOTE	182	33.147999	0.600000	0.000000
NOTE	183	33.248001	0.500000	0.000000
NOTE	184	33.348000	0.400000	0.000000
NOTE	185	33.448002	0.500000	0.000000
NOTE	186	33.548000	0.900000	0.000000
NOTE	187	33.647999	0.250000	0.000000
NOTE	188	33.748001	0.900000	0.000000
NOTE	189	33.848000	0.250000	0.000000
NOTE	190	33.948002	0.900000	0.000000
NOTE	191	34.048000	0.250000	0.000000
NOTE	192	34.147999	0.900000	0.000000
NOTE	193	34.248001	0.250000	0.000000
NOTE	194	34.348000	0.750000	0.000000
NOTE	195	34.448002	0.100000	0.000000
NOTE	196	34.548000	0.750000	0.000000
NOTE	197	34.647999	0.100000	0.000000
NOTE	198	34.748001	0.750000	0.000000
NOTE	199	34.848000	0.100000	0.000000
NOTE	200	34.948002	0.750000	0.000000
NOTE	201	35.048000	0.100000	0.000000
NOTE	202	35.147999	0.500000	0.000000
NOTE	203	35.348000	0.500000	0.000000
NOTE	204	35.448002	0.400000	0.000000
NOTE	205	35.548000	0.500000	0.000000
NOTE	206	35.647999	0.400000	0.000000
NOTE	207	35.748001	0.500000	0.000000
NOTE	208	35.848000	0.600000	0.000000
NOTE	209	35.948002	0.700000	0.000000
NOTE	210	36.048000	0.800000	0.000000
NOTE	211	36.147999	0.900000	0.000000
NOTE	212	36.248001	0.800000	0.000000
NOTE	213	36.348000	0.300000	0.000000
NOTE	214	36.448002	0.200000	0.000000
NOTE	215	36.548000	0.100000	0.000000
NOTE	216	36.647999	0.200000	0.000000
NOTE	217	36.748001	0.700000	0.000000
NOTE	218	36.848000	0.400000	0.000000
NOTE	219	36.948002	0.700000	0.000000
NOTE	220	37.048000	0.400000	0.000000
NOTE	221	37.147999	0.700000	0.000000
NOTE	222	37.248001	0.400000	0.000000
NOTE	223	37.348000	0.700000	0.000000
NOTE	224	37.448002	0.400000	0.000000
NOTE	225	37.548000	0.600000	0.000000
NOTE	226	37.647999	0.300000	0.000000
NOTE	227	37.748001	0.600000	0.000000
NOTE	228	37.848000	0.300000	0.000000
NOTE	229	37.948002	0.600000	0.000000
NOTE	230	38.048000	0.300000	0.000000
NOTE	231	38.147999	0.600000	0.000000
NOTE	232	38.248001	0.300000	0.000000
NOTE	233	38.348000	0.750000	0.000000
NOTE	234	38.448002	0.850000	0.000000
NOTE	235	38.548000	0.950000	0.000000
NOTE	236	38.647999	0.850000	0.000000
NOTE	237	38.748001	0.950000	0.000000
NOTE	238	38.848000	0.850000	0.000000
NOTE	239	38.948002	0.750000	0.000000
NOTE	240	39.048000	0.650000	0.000000
NOTE	241	39.147999	0.250000	0.000000
NOTE	242	39.248001	0.150000	0.000000
NOTE	243	39.348000	0.050000	0.000000
NOTE	244	39.448002	0.150000	0.000000
NOTE	245	39.548000	0.050000	0.000000
NOTE	246	39.647999	0.150000	0.000000
NOTE	247	39.748001	0.250000	0.000000
NOTE	248	39.848000	0.350000	0.000000
NOTE	249	39.948002	0.600000	0.000000
NOTE	250	40.048000	0.400000	0.000000
NOTE	251	40.147999	0.600000	0.000000
NOTE	252	40.248001	0.400000	0.000000
NOTE	253	40.348000	0.600000	0.000000
NOTE	254	40.448002	0.400000	0.000000
NOTE	255	40.548000	0.600000	0.000000
NOTE	256	40.647999	0.400000	0.000000
NOTE	257	40.748001	0.800000	0.000000
NOTE	258	40.848000	0.250000	0.000000
NOTE	259	40.948002	0.750000	0.000000
NOTE	260	41.048000	0.250000	0.000000
NOTE	261	41.147999	0.850000	0.000000
NOTE	262	41.248001	0.250000	0.000000
NOTE	263	41.348000	0.800000	0.000000
NOTE	264	41.448002	0.250000	0.000000
NOTE	265	41.548000	0.900000	0.000000
NOTE	266	41.748001	0.400000	0.000000
NOTE	267	41.848000	0.600000	0.000000
NOTE	268	41.948002	0.400000	0.000000
NOTE	269	42.048000	0.600000	0.000000
NOTE	270	42.147999	0.400000	0.000000
NOTE	271	42.248001	0.600000	0.000000
NOTE	272	42.348000	0.300000	0.000000
NOTE	273	42.448002	0.850000	0.000000
NOTE	274	42.548000	0.150000	0.000000
NOTE	275	42.647999	0.700000	0.000000
NOTE	276	42.748001	0.300000	0.000000
NOTE	277	42.848000	0.850000	0.000000
NOTE	278	42.948002	0.150000	0.000000
NOTE	279	43.048000	0.700000	0.000000
NOTE	280	43.147999	0.200000	0.000000
NOTE	281	43.248001	0.300000	0.000000
NOTE	282	43.348000	0.400000	0.000000
NOTE	283	43.448002	0.500000	0.000000
NOTE	284	43.548000	0.600000	0.000000
NOTE	285	43.647999	0.500000	0.000000
NOTE	286	43.748001	0.400000	0.000000
NOTE	287	43.848000	0.300000	0.000000
NOTE	288	43.948002	0.200000	0.000000
NOTE	289	44.048000	0.100000	0.000000
NOTE	290	44.147999	0.200000	0.000000
NOTE	291	44.248001	0.100000	0.000000
NOTE	292	44.348000	0.800000	0.000000
NOTE	293	44.448002	0.900000	0.000000
NOTE	294	44.548000	0.800000	0.000000
NOTE	295	44.647999	0.900000	0.000000
NOTE	296	44.748001	0.100000	0.000000
NOTE	297	44.948002	0.600000	0.000000
NOTE	298	45.048000	0.400000	0.000000
NOTE	299	45.147999	0.600000	0.000000
NOTE	300	45.248001	0.400000	0.000000
NOTE	301	45.348000	0.600000	0.000000
NOTE	302	45.448002	0.400000	0.000000
NOTE	303	45.548000	0.700000	0.000000
NOTE	304	45.647999	0.150000	0.000000
NOTE	305	45.748001	0.850000	0.000000
NOTE	306	45.848000	0.300000	0.000000
NOTE	307	45.948002	0.700000	0.000000
NOTE	308	46.048000	0.150000	0.000000
NOTE	309	46.147999	0.850000	0.000000
NOTE	310	46.248001	0.300000	0.000000
NOTE	311	46.348000	0.800000	0.000000
NOTE	312	46.448002	0.700000	0.000000
NOTE	313	46.548000	0.600000	0.000000
NOTE	314	46.647999	0.500000	0.000000
NOTE	315	46.748001	0.400000	0.000000
NOTE	316	46.848000	0.500000	0.000000
NOTE	317	46.948002	0.600000	0.000000
NOTE	318	47.048000	0.700000	0.000000
NOTE	319	47.147999	0.800000	0.000000
NOTE	320	47.248001	0.900000	0.000000
NOTE	321	47.348000	0.800000	0.000000
NOTE	322	47.448002	0.900000	0.000000
NOTE	323	47.548000	0.200000	0.000000
NOTE	324	47.647999	0.100000	0.000000
NOTE	325	47.748001	0.200000	0.000000
NOTE	326	47.848000	0.100000	0.000000
NOTE	327	47.948002	0.700000	0.000000
NOTE	328	48.147999	0.450000	0.000000
NOTE	329	48.248001	0.550000	0.000000
NOTE	330	48.348000	0.650000	0.000000
NOTE	331	48.448002	0.350000	0.000000
NOTE	332	48.548000	0.450000	0.000000
NOTE	333	48.647999	0.550000	0.000000
NOTE	334	48.748001	0.800000	0.000000
NOTE	335	48.848000	0.200000	0.000000
NOTE	336	48.948002	0.900000	0.000000
NOTE	337	49.048000	0.100000	0.000000
NOTE	338	49.147999	0.900000	0.000000
NOTE	339	49.248001	0.100000	0.000000
NOTE	340	49.348000	0.800000	0.000000
NOTE	341	49.448002	0.200000	0.000000
NOTE	342	49.548000	0.700000	0.000000
NOTE	343	49.647999	0.600000	0.000000
NOTE	344	49.748001	0.700000	0.000000
NOTE	345	49.848000	0.600000	0.000000
NOTE	346	49.948002	0.700000	0.000000
NOTE	347	50.048000	0.800000	0.000000
NOTE	348	50.147999	0.700000	0.000000
NOTE	349	50.248001	0.600000	0.000000
NOTE	350	50.348000	0.300000	0.000000
NOTE	351	50.448002	0.400000	0.000000
NOTE	352	50.548000	0.300000	0.000000
NOTE	353	50.647999	0.400000	0.000000
NOTE	354	50.748001	0.300000	0.000000
NOTE	355	50.848000	0.200000	0.000000
NOTE	356	50.948002	0.300000	0.000000
NOTE	357	51.048000	0.400000	0.000000
NOTE	358	51.147999	0.500000	0.200001
NOTE	359	51.348000	0.700000	0.000000
NOTE	360	51.448002	0.500000	0.000000
NOTE	361	51.548000	0.700000	0.200000
NOTE	362	51.748001	0.100000	0.000000
NOTE	363	51.848000	0.700000	0.000000
NOTE	364	51.948002	0.200000	0.199998
NOTE	365	52.147999	0.900000	0.000000
NOTE	366	52.248001	0.200000	0.000000
NOTE	367	52.348000	0.900000	0.000000
NOTE	368	52.448002	0.100000	0.000000
NOTE	369	52.548000	0.800000	0.000000
NOTE	370	52.647999	0.100000	0.000000
NOTE	371	52.748001	0.700000	0.199999
NOTE	372	52.948002	0.300000	0.000000
NOTE	373	53.014668	0.400000	0.000000
NOTE	374	53.081333	0.500000	0.000000
NOTE	375	53.147999	0.600000	0.000000
NOTE	376	53.147999	0.700000	0.200001
NOTE	377	53.348000	0.500000	0.000000
NOTE	378	53.414665	0.400000	0.000000
NOTE	379	53.481335	0.300000	0.000000
NOTE	380	53.548000	0.900000	0.000000
NOTE	381	53.748001	0.100000	0.000000
NOTE	382	53.748001	0.900000	0.000000
NOTE	383	53.948002	0.100000	0.000000
NOTE	384	53.948002	0.900000	0.000000
NOTE	385	54.348000	0.200000	0.000000
NOTE	386	54.548000	0.200000	0.000000
NOTE	387	54.647999	0.600000	0.000000
NOTE	388	54.748001	0.200000	0.000000
NOTE	389	54.948002	0.200000	0.000000
NOTE	390	55.048000	0.600000	0.000000
NOTE	391	55.147999	0.350000	0.000000
NOTE	392	55.348000	0.350000	0.000000
NOTE	393	55.448002	0.750000	0.000000
NOTE	394	55.548000	0.350000	0.000000
NOTE	395	55.748001	0.350000	0.000000
NOTE	396	55.848000	0.750000	0.000000
NOTE	397	55.948002	0.500000	0.399998
NOTE	398	56.147999	0.850000	0.000000
NOTE	399	56.248001	0.900000	0.000000
NOTE	400	56.348000	0.950000	0.000000
NOTE	401	56.448002	0.850000	0.000000
NOTE	402	56.548000	0.750000	0.000000
NOTE	403	56.647999	0.650000	0.000000
NOTE	404	56.748001	0.550000	0.000000
NOTE	405	56.848000	0.450000	0.000000
NOTE	406	56.948002	0.350000	0.000000
NOTE	407	57.048000	0.250000	0.000000
NOTE	408	57.147999	0.150000	0.000000
NOTE	409	57.248001	0.050000	0.000000
NOTE	410	57.348000	0.150000	0.000000
NOTE	411	57.448002	0.250000	0.000000
NOTE	412	57.548000	0.800000	0.000000
NOTE	413	57.748001	0.800000	0.000000
NOTE	414	57.848000	0.400000	0.000000
NOTE	415	57.948002	0.800000	0.000000
NOTE	416	58.147999	0.800000	0.000000
NOTE	417	58.248001	0.400000	0.000000
NOTE	418	58.348000	0.650000	0.000000
NOTE	419	58.548000	0.650000	0.000000
NOTE	420	58.647999	0.250000	0.000000
NOTE	421	58.748001	0.650000	0.000000
NOTE	422	58.948002	0.650000	0.000000
NOTE	423	59.048000	0.250000	0.000000
NOTE	424	59.147999	0.500000	0.400001
NOTE	425	59.348000	0.150000	0.000000
NOTE	426	59.448002	0.100000	0.000000
NOTE	427	59.548000	0.050000	0.000000
NOTE	428	59.647999	0.150000	0.000000
NOTE	429	59.748001	0.250000	0.000000
NOTE	430	59.848000	0.350000	0.000000
NOTE	431	59.948002	0.450000	0.000000
NOTE	432	60.048000	0.550000	0.000000
NOTE	433	60.147999	0.650000	0.000000
NOTE	434	60.248001	0.750000	0.000000
NOTE	435	60.348000	0.850000	0.000000
NOTE	436	60.448002	0.950000	0.000000
NOTE	437	60.548000	0.850000	0.000000
NOTE	438	60.647999	0.750000	0.000000
NOTE	439	60.748001	0.500000	0.000000
NOTE	440	60.948002	0.600000	0.000000
NOTE	441	61.048000	0.400000	0.000000
NOTE	442	61.147999	0.600000	0.000000
NOTE	443	61.348000	0.300000	0.000000
NOTE	444	61.448002	0.700000	0.000000
NOTE	445	61.548000	0.200000	0.000000
NOTE	446	61.748001	0.800000	0.000000
NOTE	447	61.848000	0.200000	0.000000
NOTE	448	61.948002	0.800000	0.000000
NOTE	449	62.147999	0.200000	0.000000
NOTE	450	62.248001	0.800000	0.000000
NOTE	451	62.348000	0.100000	0.200000
NOTE	452	62.548000	0.900000	0.000000
NOTE	453	62.647999	0.900000	0.000000
NOTE	454	62.748001	0.900000	0.000000
NOTE	455	62.848000	0.900000	0.000000
NOTE	456	62.948002	0.900000	0.000000
NOTE	457	63.048000	0.900000	0.000000
NOTE	458	63.147999	0.800000	0.000000
NOTE	459	63.248001	0.700000	0.000000
NOTE	460	63.348000	0.600000	0.000000
NOTE	461	63.448002	0.500000	0.000000
NOTE	462	63.548000	0.600000	0.000000
NOTE	463	63.647999	0.500000	0.000000
NOTE	464	63.748001	0.400000	0.000000
NOTE	465	63.848000	0.300000	0.000000
NOTE	466	63.948002	0.700000	0.000000
NOTE	467	64.047997	0.200000	0.000000
NOTE	468	64.148003	0.800000	0.000000
NOTE	469	64.248001	0.100000	0.000000
NOTE	470	64.348000	0.900000	0.000000
NOTE	471	64.447998	0.100000	0.000000
NOTE	472	64.547997	0.900000	0.000000
NOTE	473	64.648003	0.200000	0.000000
NOTE	474	64.748001	0.300000	0.000000
NOTE	475	64.848000	0.400000	0.000000
NOTE	476	64.947998	0.500000	0.000000
NOTE	477	65.047997	0.600000	0.000000
NOTE	478	65.148003	0.500000	0.000000
NOTE	479	65.248001	0.400000	0.000000
NOTE	480	65.348000	0.300000	0.000000
NOTE	481	65.447998	0.400000	0.000000
NOTE	482	65.447998	0.600000	0.000000
NOTE	483	65.748001	0.500000	0.000000
NOTE	484	66.047997	0.300000	0.000000
NOTE	485	66.047997	0.700000	0.000000
NOTE	486	66.348000	0.200000	0.000000
NOTE	487	66.348000	0.800000	0.000000
NOTE	488	66.648003	0.400000	0.000000
NOTE	489	66.648003	0.600000	0.000000
NOTE	490	66.947998	0.100000	0.000000
NOTE	491	66.947998	0.900000	0.000000
NOTE	492	67.148003	0.300000	0.000000
NOTE	493	67.148003	0.700000	0.000000
NOTE	494	67.348000	0.300000	0.000000
NOTE	495	67.447998	0.700000	0.000000
NOTE	496	67.547997	0.300000	0.200003
NOTE	497	67.748001	0.700000	0.000000
NOTE	498	67.848000	0.300000	0.000000
NOTE	499	67.947998	0.800000	0.200002
NOTE	500	68.148003	0.100000	0.000000
NOTE	501	68.248001	0.800000	0.000000
NOTE	502	68.348000	0.100000	0.200000
NOTE	503	68.547997	0.800000	0.000000
NOTE	504	68.648003	0.100000	0.000000
NOTE	505	68.748001	0.900000	0.399999
NOTE	506	68.947998	0.200000	0.000000
NOTE	507	69.047997	0.300000	0.000000
NOTE	508	69.148003	0.200000	0.000000
NOTE	509	69.248001	0.300000	0.000000
NOTE	510	69.348000	0.200000	0.000000
NOTE	511	69.447998	0.300000	0.000000
NOTE	512	69.547997	0.400000	0.000000
NOTE	513	69.648003	0.500000	0.000000
NOTE	514	69.748001	0.600000	0.000000
NOTE	515	69.848000	0.400000	0.000000
NOTE	516	69.947998	0.600000	0.000000
NOTE	517	70.047997	0.500000	0.000000
NOTE	518	70.148003	0.400000	0.000000
NOTE	519	70.248001	0.600000	0.000000
NOTE	520	70.348000	0.300000	0.000000
NOTE	521	70.547997	0.700000	0.000000
NOTE	522	70.648003	0.300000	0.000000
NOTE	523	70.748001	0.700000	0.199999
NOTE	524	70.947998	0.300000	0.000000
NOTE	525	71.047997	0.700000	0.000000
NOTE	526	71.148003	0.200000	0.199997
NOTE	527	71.348000	0.900000	0.000000
NOTE	528	71.447998	0.200000	0.000000
NOTE	529	71.547997	0.900000	0.200003
NOTE	530	71.748001	0.200000	0.000000
NOTE	531	71.848000	0.900000	0.000000
NOTE	532	71.947998	0.100000	0.400002
NOTE	533	72.148003	0.800000	0.000000
NOTE	534	72.248001	0.700000	0.000000
NOTE	535	72.348000	0.800000	0.000000
NOTE	536	72.447998	0.700000	0.000000
NOTE	537	72.547997	0.800000	0.000000
NOTE	538	72.648003	0.700000	0.000000
NOTE	539	72.748001	0.600000	0.000000
NOTE	540	72.848000	0.500000	0.000000
NOTE	541	72.947998	0.400000	0.000000
NOTE	542	73.047997	0.600000	0.000000
NOTE	543	73.148003	0.400000	0.000000
NOTE	544	73.248001	0.500000	0.000000
NOTE	545	73.348000	0.600000	0.000000
NOTE	546	73.447998	0.400000	0.000000
NOTE	547	73.547997	0.700000	0.000000
NOTE	548	73.748001	0.100000	0.000000
NOTE	549	73.848000	0.700000	0.000000
NOTE	550	73.947998	0.100000	0.200002
NOTE	551	74.148003	0.900000	0.000000
NOTE	552	74.248001	0.300000	0.000000
NOTE	553	74.348000	0.700000	0.200000
NOTE	554	74.547997	0.300000	0.000000
NOTE	555	74.648003	0.500000	0.000000
NOTE	556	74.748001	0.300000	0.199999
NOTE	557	74.947998	0.700000	0.000000
NOTE	558	75.047997	0.500000	0.000000
NOTE	559	75.148003	0.800000	0.000000
NOTE	560	75.248001	0.200000	0.000000
NOTE	561	75.348000	0.900000	0.000000
NOTE	562	75.447998	0.100000	0.000000
NOTE	563	75.547997	0.900000	0.000000
NOTE	564	75.648003	0.100000	0.000000
NOTE	565	75.748001	0.800000	0.000000
NOTE	566	75.848000	0.200000	0.000000
NOTE	567	75.947998	0.700000	0.000000
NOTE	568	76.047997	0.600000	0.000000
NOTE	569	76.148003	0.500000	0.000000
NOTE	570	76.248001	0.400000	0.000000
NOTE	571	76.348000	0.600000	0.000000
NOTE	572	76.447998	0.500000	0.000000
NOTE	573	76.547997	0.400000	0.000000
NOTE	574	76.648003	0.300000	0.000000
NOTE	575	76.748001	0.700000	0.000000
NOTE	576	76.848000	0.200000	0.000000
NOTE	577	76.947998	0.800000	0.000000
NOTE	578	77.047997	0.100000	0.000000
NOTE	579	77.148003	0.900000	0.000000
NOTE	580	77.248001	0.200000	0.000000
NOTE	581	77.348000	0.800000	0.000000
NOTE	582	77.447998	0.300000	0.000000
NOTE	583	77.547997	0.700000	0.000000
NOTE	584	77.648003	0.600000	0.000000
NOTE	585	77.748001	0.500000	0.000000
NOTE	586	77.848000	0.600000	0.000000
NOTE	587	77.947998	0.500000	0.000000
NOTE	588	78.047997	0.600000	0.000000
NOTE	589	78.148003	0.700000	0.000000
NOTE	590	78.248001	0.600000	0.000000
NOTE	591	78.248001	0.400000	0.000000
NOTE	592	78.547997	0.500000	0.000000
NOTE	593	78.848000	0.300000	0.000000
NOTE	594	78.848000	0.700000	0.000000
NOTE	595	79.148003	0.250000	0.000000
NOTE	596	79.148003	0.750000	0.000000
NOTE	597	79.447998	0.400000	0.000000
NOTE	598	79.447998	0.600000	0.000000
NOTE	599	79.748001	0.150000	0.000000
NOTE	600	79.748001	0.850000	0.000000
NOTE	601	80.047997	0.300000	0.000000
NOTE	602	80.047997	0.700000	0.000000
NOTE	603	80.348000	0.050000	0.000000
NOTE	604	80.348000	0.950000	0.000000
NOTE	605	80.648003	0.350000	0.000000
NOTE	606	80.648003	0.650000	0.000000
NOTE	607	80.947998	0.200000	0.000000
NOTE	608	80.947998	0.500000	0.000000
NOTE	609	80.947998	0.800000	0.000000
NOTE	610	81.148003	0.200000	0.000000
NOTE	611	81.148003	0.500000	0.000000
NOTE	612	81.148003	0.800000	0.000000
NOTE	613	81.547997	0.050000	0.000000
NOTE	614	81.547997	0.900000	0.000000
NOTE	615	81.748001	0.050000	0.000000
NOTE	616	81.947998	0.050000	0.000000
NOTE	617	82.148003	0.050000	0.000000
NOTE	618	82.348000	0.350000	0.000000
NOTE	619	82.547997	0.350000	0.000000
NOTE	620	82.748001	0.350000	0.000000
NOTE	621	82.947998	0.350000	0.000000
NOTE	622	83.148003	0.650000	0.000000
NOTE	623	83.348000	0.650000	0.000000
NOTE	624	83.547997	0.650000	0.000000
NOTE	625	83.748001	0.650000	0.000000
NOTE	626	83.947998	0.950000	0.000000
NOTE	627	84.148003	0.950000	0.000000
NOTE	628	84.348000	0.950000	0.000000
NOTE	629	84.547997	0.950000	0.000000
NOTE	630	84.748001	0.800000	0.000000
NOTE	631	84.947998	0.800000	0.000000
NOTE	632	85.148003	0.800000	0.000000
NOTE	633	85.348000	0.800000	0.000000
NOTE	634	85.547997	0.600000	0.000000
NOTE	635	85.748001	0.600000	0.000000
NOTE	636	85.947998	0.600000	0.000000
NOTE	637	86.148003	0.600000	0.000000
NOTE	638	86.348000	0.400000	0.000000
NOTE	639	86.547997	0.400000	0.000000
NOTE	640	86.748001	0.400000	0.000000
NOTE	641	86.947998	0.400000	0.000000
NOTE	642	87.148003	0.200000	0.000000
NOTE	643	87.348000	0.200000	0.000000
NOTE	644	87.547997	0.200000	0.000000
NOTE	645	87.748001	0.200000	0.000000
NOTE	646	87.947998	0.900000	0.000000
NOTE	647	88.047997	0.100000	0.000000
NOTE	648	88.148003	0.900000	0.000000
NOTE	649	88.348000	0.100000	0.000000
NOTE	650	88.447998	0.900000	0.000000
NOTE	651	88.547997	0.100000	0.000000
NOTE	652	88.748001	0.700000	0.000000
NOTE	653	88.848000	0.300000	0.000000
NOTE	654	88.947998	0.700000	0.000000
NOTE	655	89.148003	0.300000	0.000000
NOTE	656	89.248001	0.700000	0.000000
NOTE	657	89.348000	0.300000	0.000000
NOTE	658	89.547997	0.800000	0.000000
NOTE	659	89.648003	0.400000	0.000000
NOTE	660	89.748001	0.800000	0.000000
NOTE	661	89.947998	0.800000	0.000000
NOTE	662	90.047997	0.400000	0.000000
NOTE	663	90.148003	0.800000	0.000000
NOTE	664	90.348000	0.200000	0.000000
NOTE	665	90.447998	0.600000	0.000000
NOTE	666	90.547997	0.200000	0.000000
NOTE	667	90.748001	0.200000	0.000000
NOTE	668	90.848000	0.600000	0.000000
NOTE	669	90.947998	0.200000	0.000000
NOTE	670	91.148003	0.700000	0.000000
NOTE	671	91.248001	0.500000	0.000000
NOTE	672	91.348000	0.700000	0.000000
NOTE	673	91.447998	0.500000	0.000000
NOTE	674	91.547997	0.500000	0.000000
NOTE	675	91.648003	0.300000	0.000000
NOTE	676	91.748001	0.500000	0.000000
NOTE	677	91.848000	0.300000	0.000000
NOTE	678	91.947998	0.600000	0.000000
NOTE	679	92.047997	0.400000	0.000000
NOTE	680	92.148003	0.600000	0.000000
NOTE	681	92.248001	0.400000	0.000000
NOTE	682	92.348000	0.600000	0.000000
NOTE	683	92.447998	0.400000	0.000000
NOTE	684	92.547997	0.600000	0.000000
NOTE	685	92.648003	0.400000	0.000000
NOTE	686	92.748001	0.700000	0.000000
NOTE	687	92.848000	0.750000	0.000000
NOTE	688	92.947998	0.800000	0.000000
NOTE	689	93.047997	0.850000	0.000000
NOTE	690	93.148003	0.900000	0.000000
NOTE	691	93.248001	0.850000	0.000000
NOTE	692	93.348000	0.800000	0.000000
NOTE	693	93.447998	0.750000	0.000000
NOTE	694	93.547997	0.300000	0.000000
NOTE	695	93.648003	0.250000	0.000000
NOTE	696	93.748001	0.200000	0.000000
NOTE	697	93.848000	0.150000	0.000000
NOTE	698	93.947998	0.100000	0.000000
NOTE	699	94.047997	0.150000	0.000000
NOTE	700	94.148003	0.200000	0.000000
NOTE	701	94.248001	0.250000	0.000000
NOTE	702	94.348000	0.500000	0.600000
NOTE	703	95.348000	0.450000	0.000000
NOTE	704	95.398003	0.350000	0.000000
NOTE	705	95.447998	0.250000	0.000000
NOTE	706	95.498001	0.150000	0.000000
NOTE	707	95.547997	0.050000	0.000000
NOTE	708	95.547997	0.950000	0.000000
NOTE	709	95.947998	0.800000	0.000000
NOTE	710	96.047997	0.450000	0.000000
NOTE	711	96.148003	0.800000	0.000000
NOTE	712	96.248001	0.450000	0.000000
NOTE	713	96.348000	0.750000	0.000000
NOTE	714	96.447998	0.850000	0.000000
NOTE	715	96.547997	0.750000	0.000000
NOTE	716	96.648003	0.650000	0.000000
NOTE	717	96.748001	0.200000	0.000000
NOTE	718	96.848000	0.600000	0.000000
NOTE	719	96.947998	0.200000	0.000000
NOTE	720	97.047997	0.600000	0.000000
NOTE	721	97.148003	0.100000	0.000000
NOTE	722	97.248001	0.200000	0.000000
NOTE	723	97.348000	0.300000	0.000000
NOTE	724	97.447998	0.400000	0.000000
NOTE	725	97.547997	0.700000	0.000000
NOTE	726	97.648003	0.500000	0.000000
NOTE	727	97.748001	0.700000	0.000000
NOTE	728	97.848000	0.750000	0.000000
NOTE	729	97.947998	0.300000	0.000000
NOTE	730	98.047997	0.500000	0.000000
NOTE	731	98.148003	0.300000	0.000000
NOTE	732	98.248001	0.250000	0.000000
NOTE	733	98.348000	0.900000	0.000000
NOTE	734	98.447998	0.100000	0.000000
NOTE	735	98.547997	0.900000	0.000000
NOTE	736	98.648003	0.850000	0.000000
NOTE	737	98.748001	0.100000	0.000000
NOTE	738	98.848000	0.900000	0.000000
NOTE	739	98.947998	0.100000	0.000000
NOTE	740	99.047997	0.150000	0.000000
NOTE	741	99.148003	0.550000	0.000000
NOTE	742	99.248001	0.200000	0.000000
NOTE	743	99.348000	0.550000	0.000000
NOTE	744	99.447998	0.200000	0.000000
NOTE	745	99.547997	0.650000	0.000000
NOTE	746	99.648003	0.550000	0.000000
NOTE	747	99.748001	0.650000	0.000000
NOTE	748	99.848000	0.550000	0.000000
NOTE	749	99.947998	0.450000	0.000000
NOTE	750	100.047997	0.800000	0.000000
NOTE	751	100.148003	0.450000	0.000000
NOTE	752	100.248001	0.800000	0.000000
NOTE	753	100.348000	0.350000	0.000000
NOTE	754	100.447998	0.450000	0.000000
NOTE	755	100.547997	0.350000	0.000000
NOTE	756	100.648003	0.450000	0.000000
NOTE	757	100.748001	0.900000	0.000000
NOTE	758	100.848000	0.100000	0.000000
NOTE	759	100.947998	0.900000	0.000000
NOTE	760	101.047997	0.850000	0.000000
NOTE	761	101.148003	0.100000	0.000000
NOTE	762	101.248001	0.900000	0.000000
NOTE	763	101.348000	0.100000	0.000000
NOTE	764	101.447998	0.150000	0.000000
NOTE	765	101.547997	0.700000	0.000000
NOTE	766	101.648003	0.500000	0.000000
NOTE	767	101.748001	0.700000	0.000000
NOTE	768	101.848000	0.650000	0.000000
NOTE	769	101.947998	0.300000	0.000000
NOTE	770	102.047997	0.500000	0.000000
NOTE	771	102.148003	0.300000	0.000000
NOTE	772	102.248001	0.350000	0.000000
NOTE	773	102.348000	0.600000	0.000000
NOTE	774	102.447998	0.200000	0.000000
NOTE	775	102.547997	0.600000	0.000000
NOTE	776	102.648003	0.200000	0.000000
NOTE	777	102.748001	0.100000	0.000000
NOTE	778	102.848000	0.200000	0.000000
NOTE	779	102.947998	0.900000	0.000000
NOTE	780	103.047997	0.800000	0.000000
NOTE	781	103.148003	0.400000	0.000000
NOTE	782	103.248001	0.700000	0.000000
NOTE	783	103.348000	0.400000	0.000000
NOTE	784	103.447998	0.700000	0.000000
NOTE	785	103.547997	0.400000	0.000000
NOTE	786	103.648003	0.500000	0.000000
NOTE	787	103.748001	0.700000	0.000000
NOTE	788	103.848000	0.600000	0.000000
NOTE	789	103.947998	0.100000	0.000000
NOTE	790	104.047997	0.900000	0.000000
NOTE	791	104.148003	0.100000	0.000000
NOTE	792	104.248001	0.150000	0.000000
NOTE	793	104.348000	0.900000	0.000000
NOTE	794	104.447998	0.100000	0.000000
NOTE	795	104.547997	0.900000	0.000000
NOTE	796	104.648003	0.850000	0.000000
NOTE	797	104.748001	0.300000	0.000000
NOTE	798	104.848000	0.500000	0.000000
NOTE	799	104.947998	0.300000	0.000000
NOTE	800	105.047997	0.250000	0.000000
NOTE	801	105.148003	0.700000	0.000000
NOTE	802	105.248001	0.500000	0.000000
NOTE	803	105.348000	0.700000	0.000000
NOTE	804	105.447998	0.750000	0.000000
NOTE	805	105.547997	0.100000	0.000000
NOTE	806	105.648003	0.800000	0.000000
NOTE	807	105.748001	0.100000	0.000000
NOTE	808	105.848000	0.800000	0.000000
NOTE	809	105.947998	0.900000	0.000000
NOTE	810	106.047997	0.800000	0.000000
NOTE	811	106.148003	0.100000	0.000000
NOTE	812	106.248001	0.200000	0.000000
NOTE	813	106.348000	0.600000	0.000000
NOTE	814	106.447998	0.400000	0.000000
NOTE	815	106.547997	0.600000	0.000000
NOTE	816	106.648003	0.400000	0.000000
NOTE	817	106.748001	0.500000	0.000000
NOTE	818	106.848000	0.600000	0.000000
NOTE	819	106.947998	0.700000	0.000000
NOTE	820	107.047997	0.800000	0.000000
NOTE	821	107.148003	0.900000	0.199997
NOTE	822	107.348000	0.350000	0.000000
NOTE	823	107.414665	0.250000	0.000000
NOTE	824	107.481331	0.150000	0.000000
NOTE	825	107.547997	0.050000	0.000000
NOTE	826	107.547997	0.900000	0.200003
NOTE	827	107.748001	0.050000	0.000000
NOTE	828	107.814667	0.150000	0.000000
NOTE	829	107.881332	0.250000	0.000000
NOTE	830	107.947998	0.700000	0.000000
NOTE	831	108.148003	0.400000	0.000000
NOTE	832	108.148003	0.700000	0.000000
NOTE	833	108.348000	0.400000	0.000000
NOTE	834	108.348000	0.700000	0.000000
NOTE	835	108.748001	0.100000	0.000000
NOTE	836	108.848000	0.200000	0.000000
NOTE	837	108.947998	0.500000	0.000000
NOTE	838	109.047997	0.100000	0.000000
NOTE	839	109.148003	0.500000	0.000000
NOTE	840	109.248001	0.100000	0.000000
NOTE	841	109.348000	0.500000	0.000000
NOTE	842	109.447998	0.100000	0.000000
NOTE	843	109.547997	0.600000	0.000000
NOTE	844	109.648003	0.700000	0.000000
NOTE	845	109.748001	0.300000	0.000000
NOTE	846	109.848000	0.700000	0.000000
NOTE	847	109.947998	0.300000	0.000000
NOTE	848	110.047997	0.700000	0.000000
NOTE	849	110.148003	0.300000	0.000000
NOTE	850	110.248001	0.700000	0.000000
NOTE	851	110.348000	0.500000	0.000000
NOTE	852	110.447998	0.900000	0.000000
NOTE	853	110.547997	0.500000	0.000000
NOTE	854	110.648003	0.450000	0.000000
NOTE	855	110.748001	0.900000	0.000000
NOTE	856	110.848000	0.500000	0.000000
NOTE	857	110.947998	0.900000	0.000000
NOTE	858	111.047997	0.850000	0.000000
NOTE	859	111.148003	0.350000	0.000000
NOTE	860	111.248001	0.750000	0.000000
NOTE	861	111.348000	0.250000	0.000000
NOTE	862	111.447998	0.650000	0.000000
NOTE	863	111.547997	0.150000	0.000000
NOTE	864	111.648003	0.050000	0.000000
NOTE	865	111.748001	0.150000	0.000000
NOTE	866	111.848000	0.250000	0.000000
NOTE	867	111.947998	0.900000	0.000000
NOTE	868	112.047997	0.800000	0.000000
NOTE	869	112.148003	0.500000	0.000000
NOTE	870	112.248001	0.900000	0.000000
NOTE	871	112.348000	0.500000	0.000000
NOTE	872	112.447998	0.900000	0.000000
NOTE	873	112.547997	0.500000	0.000000
NOTE	874	112.648003	0.900000	0.000000
NOTE	875	112.748001	0.400000	0.000000
NOTE	876	112.848000	0.300000	0.000000
NOTE	877	112.947998	0.700000	0.000000
NOTE	878	113.047997	0.300000	0.000000
NOTE	879	113.148003	0.700000	0.000000
NOTE	880	113.248001	0.300000	0.000000
NOTE	881	113.348000	0.700000	0.000000
NOTE	882	113.447998	0.300000	0.000000
NOTE	883	113.547997	0.500000	0.000000
NOTE	884	113.648003	0.100000	0.000000
NOTE	885	113.748001	0.500000	0.000000
NOTE	886	113.848000	0.550000	0.000000
NOTE	887	113.947998	0.100000	0.000000
NOTE	888	114.047997	0.500000	0.000000
NOTE	889	114.148003	0.100000	0.000000
NOTE	890	114.248001	0.150000	0.000000
NOTE	891	114.348000	0.650000	0.000000
NOTE	892	114.447998	0.250000	0.000000
NOTE	893	114.547997	0.750000	0.000000
NOTE	894	114.648003	0.350000	0.000000
NOTE	895	114.748001	0.850000	0.000000
NOTE	896	114.848000	0.950000	0.000000
NOTE	897	114.947998	0.850000	0.000000
NOTE	898	115.047997	0.750000	0.000000
NOTE	899	115.148003	0.200000	0.000000
NOTE	900	115.248001	0.100000	0.000000
NOTE	901	115.348000	0.500000	0.000000
NOTE	902	115.447998	0.500000	0.000000
NOTE	903	115.547997	0.100000	0.000000
NOTE	904	115.648003	0.100000	0.000000
NOTE	905	115.748001	0.500000	0.000000
NOTE	906	115.848000	0.500000	0.000000
NOTE	907	115.947998	0.300000	0.000000
NOTE	908	116.047997	0.400000	0.000000
NOTE	909	116.148003	0.700000	0.000000
NOTE	910	116.248001	0.700000	0.000000
NOTE	911	116.348000	0.300000	0.000000
NOTE	912	116.447998	0.300000	0.000000
NOTE	913	116.547997	0.700000	0.000000
NOTE	914	116.648003	0.700000	0.000000
NOTE	915	116.748001	0.450000	0.000000
NOTE	916	116.848000	0.500000	0.000000
NOTE	917	116.947998	0.900000	0.000000
NOTE	918	117.047997	0.500000	0.000000
NOTE	919	117.148003	0.900000	0.000000
NOTE	920	117.248001	0.850000	0.000000
NOTE	921	117.348000	0.500000	0.000000
NOTE	922	117.447998	0.900000	0.000000
NOTE	923	117.547997	0.400000	0.000000
NOTE	924	117.648003	0.300000	0.000000
NOTE	925	117.748001	0.200000	0.000000
NOTE	926	117.848000	0.100000	0.000000
NOTE	927	117.947998	0.700000	0.000000
NOTE	928	118.047997	0.200000	0.000000
NOTE	929	118.148003	0.700000	0.000000
NOTE	930	118.248001	0.200000	0.000000
NOTE	931	118.348000	0.800000	0.000000
NOTE	932	118.447998	0.900000	0.000000
NOTE	933	118.547997	0.500000	0.000000
NOTE	934	118.648003	0.500000	0.000000
NOTE	935	118.748001	0.900000	0.000000
NOTE	936	118.848000	0.900000	0.000000
NOTE	937	118.947998	0.500000	0.000000
NOTE	938	119.047997	0.500000	0.000000
NOTE	939	119.148003	0.700000	0.000000
NOTE	940	119.248001	0.600000	0.000000
NOTE	941	119.348000	0.300000	0.000000
NOTE	942	119.447998	0.300000	0.000000
NOTE	943	119.547997	0.700000	0.000000
NOTE	944	119.648003	0.700000	0.000000
NOTE	945	119.748001	0.300000	0.000000
NOTE	946	119.848000	0.300000	0.000000
NOTE	947	119.947998	0.800000	0.000000
NOTE	948	120.047997	0.200000	0.000000
NOTE	949	120.148003	0.900000	0.000000
NOTE	950	120.248001	0.100000	0.000000
NOTE	951	120.348000	0.900000	0.000000
NOTE	952	120.447998	0.100000	0.000000
NOTE	953	120.547997	0.900000	0.000000
NOTE	954	120.648003	0.100000	0.000000
NOTE	955	120.748001	0.800000	0.000000
NOTE	956	120.748001	0.200000	0.000000
NOTE	957	120.773003	0.750000	0.000000
NOTE	958	120.773003	0.250000	0.000000
NOTE	959	120.947998	0.400000	0.000000
NOTE	960	120.947998	0.600000	0.000000
NOTE	961	120.973000	0.350000	0.000000
NOTE	962	120.973000	0.650000	0.000000
NOTE	963	121.148003	0.800000	0.000000
NOTE	964	121.148003	0.200000	0.000000
NOTE	965	121.172997	0.750000	0.000000
NOTE	966	121.172997	0.250000	0.000000
LINK 15 16 17 18 
LINK 28 29 30 
LINK 32 33 34 
LINK 36 37 38 
LINK 40 41 42 
LINK 51 52 53 54 55 56 
LINK 65 66 67 68 69 70 71 72 
LINK 73 74 75 76 77 
LINK 141 142 143 144 145 146 
LINK 147 148 149 150 
LINK 151 152 153 154 
LINK 172 173 174 
LINK 175 176 177 
LINK 178 179 180 181 
LINK 182 183 184 185 
LINK 203 204 205 206 207 208 
LINK 209 210 211 212 
LINK 213 214 215 216 
LINK 233 234 235 236 237 238 239 240 
LINK 241 242 243 244 245 246 247 248 
LINK 280 281 282 283 
LINK 284 285 286 287 
LINK 288 289 290 291 
LINK 292 293 294 295 
LINK 311 312 313 314 
LINK 315 316 317 318 
LINK 319 320 321 322 
LINK 323 324 325 326 
LINK 328 329 330 
LINK 331 332 333 
LINK 342 343 344 345 346 347 348 349 
LINK 350 351 352 353 354 355 356 357 
LINK 372 373 374 375 
LINK 377 378 379 
LINK 398 399 400 401 402 403 
LINK 404 405 406 407 408 409 410 411 
LINK 425 426 427 428 429 430 
LINK 431 432 433 434 435 436 437 438 
LINK 458 459 460 461 
LINK 462 463 464 465 
LINK 474 475 476 477 478 479 480 481 
LINK 506 507 508 509 510 511 
LINK 512 513 
LINK 516 517 
LINK 533 534 535 536 537 538 
LINK 539 540 
LINK 543 544 
LINK 567 568 569 570 
LINK 571 572 573 574 
LINK 583 584 585 586 587 588 589 590 
LINK 686 687 688 689 690 691 692 693 
LINK 694 695 696 697 698 699 700 701 
LINK 703 704 705 706 707 
LINK 713 714 715 716 
LINK 721 722 723 724 
LINK 727 728 
LINK 731 732 
LINK 735 736 
LINK 739 740 
LINK 745 746 747 748 
LINK 753 754 755 756 
LINK 759 760 
LINK 763 764 
LINK 767 768 
LINK 771 772 
LINK 777 778 
LINK 779 780 
LINK 785 786 
LINK 787 788 
LINK 791 792 
LINK 795 796 
LINK 799 800 
LINK 803 804 
LINK 809 810 
LINK 811 812 
LINK 817 818 
LINK 819 820 
LINK 822 823 824 825 
LINK 827 828 829 
LINK 835 836 
LINK 843 844 
LINK 853 854 
LINK 857 858 
LINK 863 864 865 866 
LINK 867 868 
LINK 875 876 
LINK 885 886 
LINK 889 890 
LINK 895 896 897 898 
LINK 899 900 
LINK 907 908 
LINK 915 916 
LINK 919 920 
LINK 923 924 925 926 
LINK 931 932 
LINK 939 940 
LINK 955 957 
LINK 956 958 
LINK 959 961 
LINK 960 962 
LINK 963 965 
LINK 964 966 
