VERSION 2
BPM 170.000000
PAGE_SHIFT 1.047327
PAGE_SIZE 1.411765
NOTE	0	1.828320	0.200195	1.058824
NOTE	1	1.828320	0.799805	1.058824
NOTE	2	3.240085	0.599609	0.000000
NOTE	3	4.651850	0.500000	0.000000
NOTE	4	5.710674	0.400391	0.000000
NOTE	5	7.475379	0.799805	1.235295
NOTE	6	8.887145	0.200195	1.058824
NOTE	7	10.298910	0.299805	1.328721
NOTE	8	10.298910	0.700195	1.328721
NOTE	9	13.122440	0.849609	1.352942
NOTE	10	14.181264	0.150391	0.294119
NOTE	11	15.945970	0.299805	1.235293
NOTE	12	17.004793	0.700195	0.176470
NOTE	13	18.769499	0.799805	0.000000
NOTE	14	19.475382	0.799805	0.000000
NOTE	15	20.887146	0.299805	0.000000
NOTE	16	21.593029	0.700195	0.000000
NOTE	17	22.298912	0.549805	0.000000
NOTE	18	22.651854	0.450195	0.000000
NOTE	19	24.416559	0.150391	0.000000
NOTE	20	25.122442	0.150391	0.000000
NOTE	21	26.534206	0.849609	0.000000
NOTE	22	27.240089	0.599609	0.000000
NOTE	23	27.945971	0.400391	0.000000
NOTE	24	28.298916	0.599609	0.000000
NOTE	25	30.063620	0.250000	0.705885
NOTE	26	30.769505	0.700195	0.000000
NOTE	27	31.475386	0.849609	0.705885
NOTE	28	32.887150	0.599609	0.705883
NOTE	29	33.593033	0.150391	0.000000
NOTE	30	34.298916	0.299805	0.705883
NOTE	31	35.710682	0.849609	0.705883
NOTE	32	37.122448	0.450195	0.705879
NOTE	33	38.534210	0.299805	1.235294
NOTE	34	39.240093	0.650391	0.000000
NOTE	35	40.651859	0.799805	0.000000
NOTE	36	41.357742	0.700195	0.000000
NOTE	37	41.357742	0.150391	0.000000
NOTE	38	42.063625	0.150391	0.000000
NOTE	39	43.475388	0.849609	0.000000
NOTE	40	44.181271	0.400391	0.000000
NOTE	41	44.887154	0.299805	0.000000
NOTE	42	45.593037	0.500000	0.000000
NOTE	43	46.298920	0.599609	0.000000
NOTE	44	47.004803	0.750000	0.705879
NOTE	45	48.416565	0.650391	0.000000
NOTE	46	49.122448	0.349609	0.000000
NOTE	47	49.828331	0.549805	0.000000
NOTE	48	50.357742	0.200195	0.705883
NOTE	49	52.651863	0.400391	0.000000
NOTE	50	53.357742	0.400391	0.000000
NOTE	51	54.063622	0.549805	0.000000
NOTE	52	54.769512	0.549805	0.000000
NOTE	53	55.475391	0.700195	0.000000
NOTE	54	56.181274	0.700195	0.000000
NOTE	55	56.887154	0.349609	0.705891
NOTE	56	58.298920	0.200195	0.000000
NOTE	57	59.004799	0.200195	0.000000
NOTE	58	59.710690	0.299805	0.000000
NOTE	59	60.063629	0.650391	0.705883
NOTE	60	60.769512	0.400391	0.000000
NOTE	61	63.240097	0.849609	0.000000
NOTE	62	63.240097	0.150391	0.000000
NOTE	63	63.945984	0.349609	0.000000
NOTE	64	63.945984	0.650391	0.000000
NOTE	65	64.651863	0.650391	0.000000
NOTE	66	64.651863	0.349609	0.000000
NOTE	67	65.357750	0.250000	0.705879
NOTE	68	66.769508	0.849609	0.000000
NOTE	69	67.122452	0.150391	0.000000
NOTE	70	67.475395	0.849609	0.352943
NOTE	71	68.181274	0.349609	0.352943
NOTE	72	68.887161	0.650391	0.352936
NOTE	73	69.593040	0.200195	0.000000
NOTE	74	70.298927	0.500000	0.000000
NOTE	75	71.004807	0.799805	0.705879
NOTE	76	72.416573	0.650391	0.000000
NOTE	77	73.122452	0.349609	0.000000
NOTE	78	73.475395	0.650391	0.000000
NOTE	79	73.651863	0.650391	0.000000
NOTE	80	74.534218	0.849609	0.000000
NOTE	81	75.240105	0.150391	0.000000
NOTE	82	75.945984	0.700195	0.000000
NOTE	83	75.945984	0.150391	0.000000
NOTE	84	76.651863	0.549805	0.705887
NOTE	85	78.063629	0.349609	0.000000
NOTE	86	78.416573	0.700195	0.000000
NOTE	87	78.769516	0.349609	0.352936
NOTE	88	79.475395	0.599609	0.705887
NOTE	89	80.151146	0.200195	0.000000
NOTE	90	80.887161	0.799805	0.000000
NOTE	91	80.887161	0.200195	0.000000
NOTE	92	82.298927	0.349609	1.058823
NOTE	93	82.298927	0.650391	1.058823
NOTE	94	83.710693	0.750000	0.000000
NOTE	95	83.710693	0.250000	0.000000
NOTE	96	84.416573	0.750000	0.000000
NOTE	97	84.769516	0.299805	0.000000
NOTE	98	85.122459	0.650391	0.000000
NOTE	99	85.475395	0.400391	0.000000
NOTE	100	85.828339	0.549805	0.000000
NOTE	101	86.534218	0.849609	0.000000
NOTE	102	86.534218	0.150391	0.000000
NOTE	103	89.357750	0.750000	0.000000
NOTE	104	89.710693	0.250000	0.000000
NOTE	105	89.887161	0.349609	0.000000
NOTE	106	90.063637	0.450195	0.000000
NOTE	107	90.769516	0.700195	0.705879
NOTE	108	92.181282	0.150391	1.058823
NOTE	109	93.593048	0.849609	1.058823
NOTE	110	95.004814	0.400391	0.000000
NOTE	111	95.357750	0.750000	0.000000
NOTE	112	95.534225	0.650391	0.000000
NOTE	113	95.710693	0.549805	0.000000
NOTE	114	96.416573	0.299805	0.705887
NOTE	115	97.828339	0.799805	1.058823
NOTE	116	99.240105	0.450195	0.705887
NOTE	117	100.651871	0.299805	0.000000
NOTE	118	101.004814	0.650391	0.000000
NOTE	119	101.181282	0.750000	0.000000
NOTE	120	101.357758	0.849609	0.000000
NOTE	121	102.063637	0.599609	0.705879
NOTE	122	103.475403	0.150391	1.058823
NOTE	123	104.887169	0.849609	1.058823
NOTE	124	106.298935	0.750000	0.000000
NOTE	125	106.651871	0.400391	0.000000
NOTE	126	106.828346	0.299805	0.000000
NOTE	127	107.004814	0.200195	0.000000
NOTE	128	107.710693	0.650391	0.705879
NOTE	129	109.122459	0.849609	1.058830
NOTE	130	109.122459	0.150391	1.058830
NOTE	131	110.534218	0.750000	1.341202
NOTE	132	110.534218	0.250000	1.341202
NOTE	133	113.357758	0.200195	1.341171
NOTE	134	113.357758	0.799805	1.341171
NOTE	135	116.181290	0.400391	1.347595
NOTE	136	116.181290	0.599609	1.347595
LINK 78 79 
LINK 104 105 106 
LINK 111 112 113 
LINK 118 119 120 
LINK 125 126 127 
