VERSION 2
BPM 280
PAGE_SHIFT 0.680000007152557
PAGE_SIZE 0.857142857142857
NOTE	0	3.65978142193386	0.1875000	0
NOTE	1	3.87406713621957	0.8125000	0
NOTE	2	4.08835285050528	0.1875000	0
NOTE	3	4.302638564791	0.8125000	0
NOTE	4	4.5169243812561	0.3125000	0
NOTE	5	4.73121023178101	0.6875000	0
NOTE	6	4.94549577576773	0.3125000	0
NOTE	7	5.15978149005345	0.6875000	0
NOTE	8	5.37406727245876	0.1875000	0
NOTE	9	5.58835298674447	0.8125000	0
NOTE	10	5.80263870103019	0.1875000	0
NOTE	11	6.0169244153159	0.8125000	0
NOTE	12	6.23121019772121	0.3125000	0
NOTE	13	6.44549591200692	0.6875000	0
NOTE	14	6.65978162629264	0.3125000	0
NOTE	15	6.87406734057835	0.6875000	0
NOTE	16	7.0883526461465	0.1875000	0
NOTE	17	7.30263836043222	0.1875000	0
NOTE	18	7.51692407471793	0.1875000	0
NOTE	19	7.73120978900364	0.1875000	0
NOTE	20	7.94549557140895	0.8125000	0
NOTE	21	8.15978128569467	0.8125000	0
NOTE	22	8.37406699998038	0.8125000	0
NOTE	23	8.5883527142661	0.8125000	0
NOTE	24	8.8026384966714	0.1875000	0
NOTE	25	9.01692421095712	0.1875000	0
NOTE	26	9.23120992524283	0.1875000	0
NOTE	27	9.44549563952855	0.1875000	0
NOTE	28	9.65978189877101	0.5000000	0
NOTE	29	9.87406761305673	0.5000000	0
NOTE	30	10.0883533273424	0.5000000	0
NOTE	31	10.1954956054688	0.3750000	0
NOTE	32	10.3026390416282	0.5000000	0
NOTE	33	10.4097805023193	0.6250000	0
NOTE	34	10.5169243471963	0.2500000	0
NOTE	35	10.731210061482	0.1875000	0
NOTE	36	10.9454957757677	0.2500000	0
NOTE	37	11.1597814900534	0.1875000	0
NOTE	38	10.6240672043392	0.8125000	0
NOTE	39	10.8383529186249	0.8750000	0
NOTE	40	11.0526386329106	0.8125000	0
NOTE	41	11.2669243471963	0.8750000	0
NOTE	42	11.3740667956216	0.3750000	0
NOTE	43	11.5883525099073	0.3125000	0
NOTE	44	11.802638224193	0.3750000	0
NOTE	45	12.0169239384787	0.3125000	0
NOTE	46	11.4812096527645	0.6250000	0
NOTE	47	11.6954953670502	0.6875000	0
NOTE	48	11.9097810813359	0.6250000	0
NOTE	49	12.1240667956216	0.6875000	0
NOTE	50	12.2312101977212	0.1875000	0
NOTE	51	12.4454959120069	0.1250000	0
NOTE	52	12.6597816262926	0.1875000	0
NOTE	53	12.8740673405784	0.1250000	0
NOTE	54	12.3383530548641	0.8125000	0
NOTE	55	12.5526387691498	0.8750000	0
NOTE	56	12.7669244834355	0.8125000	0
NOTE	57	12.9812101977212	0.8750000	0
NOTE	58	13.0874519348145	0.3125000	0
NOTE	59	13.3026383604322	0.3125000	0
NOTE	60	13.5160226821899	0.3125000	0
NOTE	61	13.7312097890036	0.3125000	0
NOTE	62	13.1945943832397	0.6875000	0
NOTE	63	13.4097812175751	0.6875000	0
NOTE	64	13.6231660842896	0.6875000	0
NOTE	65	13.8383526461465	0.6875000	0
NOTE	66	13.9454960482461	0.5000000	0.2142856
NOTE	67	14.3740674768175	0.5000000	0
NOTE	68	14.4803085327148	0.4375000	0
NOTE	69	14.5883531911033	0.5000000	0
NOTE	70	14.6945943832397	0.6250000	0
NOTE	71	14.802638053894	0.7500000	0.2571429
NOTE	72	15.2312097549438	0.3125000	0
NOTE	73	15.3383541107178	0.3750000	0
NOTE	74	15.4454965591431	0.4375000	0
NOTE	75	15.552638053894	0.3125000	0
NOTE	76	15.6597805023193	0.1875000	0.2571429
NOTE	77	15.8740663528442	0.6250000	0
NOTE	78	15.9812107086182	0.7500000	0
NOTE	79	16.0883522033691	0.6250000	0
NOTE	80	16.1954956054688	0.5000000	0
NOTE	81	16.3026390075684	0.6250000	0
NOTE	82	16.4097805023193	0.7500000	0
NOTE	83	16.5169239044189	0.8750000	0.7499983
NOTE	84	16.9454967294421	0.1875000	0.3214266
NOTE	85	17.3740667956216	0.6250000	0.4285711
NOTE	86	17.8026390075684	0.3125000	0
NOTE	87	18.0169239044189	0.4375000	0
NOTE	88	18.2312101977212	0.8750000	0.4285705
NOTE	89	18.8740673405784	0.1875000	0
NOTE	90	18.6597816262926	0.1875000	0
NOTE	91	19.0883535998208	0.5000000	0.2142843
NOTE	92	19.5169250283922	0.5000000	0.2142841
NOTE	93	19.3026371002197	0.3125000	0
NOTE	94	19.731210742678	0.6875000	0
NOTE	95	19.9454950945718	0.1250000	0.7500000
NOTE	96	20.1597805023193	0.8750000	0
NOTE	97	20.3740673065186	0.8750000	0
NOTE	98	20.5883522033691	0.8750000	0
NOTE	99	20.8026390075684	0.5000000	0.4285709
NOTE	100	21.2312107086182	0.3125000	0
NOTE	101	21.4454956054688	0.3125000	0
NOTE	102	21.659782409668	0.6875000	0
NOTE	103	21.8740673065186	0.7500000	0
NOTE	104	22.0883541107178	0.6875000	0
NOTE	105	22.3026390075684	0.6875000	0
NOTE	106	22.5169253008706	0.5000000	0.2142841
NOTE	107	23.3740667956216	0.8125000	0.2571429
NOTE	108	23.5883525099073	0.1875000	0
NOTE	109	23.802638224193	0.3125000	0
NOTE	110	24.0169239384787	0.4375000	0
NOTE	111	24.0169239384787	0.8125000	0
NOTE	112	24.2312101977212	0.6875000	0.7499992
NOTE	113	24.659782409668	0.4375000	0
NOTE	114	24.8740673065186	0.3750000	0
NOTE	115	24.9812107086182	0.4375000	0
NOTE	116	25.0883522033691	0.5625000	0.2571429
NOTE	117	25.5169239044189	0.3750000	0.2571429
NOTE	118	25.9454950945718	0.1875000	0.7500001
NOTE	119	26.3740665231432	0.8125000	0
NOTE	120	26.5883522374289	0.8125000	0
NOTE	121	26.8026384966714	0.6250000	0.2571429
NOTE	122	27.2312099252428	0.3750000	0
NOTE	123	27.4454956395285	0.3750000	0
NOTE	124	27.659781898771	0.2500000	0
NOTE	125	27.659781898771	0.7500000	0
NOTE	126	27.9812104701996	0.7500000	0
NOTE	127	28.0883541107178	0.2500000	0
NOTE	128	28.1954956054688	0.7500000	0
NOTE	129	28.3026390075684	0.2500000	0
NOTE	130	28.409781898771	0.7500000	0
NOTE	131	28.5169253008706	0.3750000	0.7499985
NOTE	132	28.9454967294421	0.6250000	0.3214267
NOTE	133	29.3740667956216	0.1250000	0
NOTE	134	29.3740667956216	0.8750000	0
NOTE	135	29.5883525099073	0.1250000	0
NOTE	136	29.802638224193	0.1250000	0
NOTE	137	30.0169239384787	0.1250000	0
NOTE	138	29.5883525099073	0.8750000	0
NOTE	139	29.6945934295654	0.7500000	0
NOTE	140	29.802638224193	0.8750000	0
NOTE	141	30.0169239384787	0.8750000	0
NOTE	142	30.2312107086182	0.3125000	0
NOTE	143	30.2312107086182	0.6875000	0
NOTE	144	30.4454956054688	0.3125000	0
NOTE	145	30.659782409668	0.3125000	0
NOTE	146	30.8740673065186	0.3125000	0
NOTE	147	30.4454956054688	0.5625000	0
NOTE	148	30.551736831665	0.6250000	0
NOTE	149	30.659782409668	0.5625000	0
NOTE	150	30.8740673065186	0.6875000	0
NOTE	151	31.0883535998208	0.1250000	0
NOTE	152	31.3026393141065	0.1250000	0
NOTE	153	31.5169250283922	0.1250000	0
NOTE	154	31.731210742678	0.1250000	0
NOTE	155	31.0883535998208	0.8750000	0
NOTE	156	31.3026393141065	0.8750000	0
NOTE	157	31.5169250283922	0.8750000	0
NOTE	158	31.731210742678	0.8750000	0
NOTE	159	31.9454956054688	0.3125000	0
NOTE	160	31.9454956054688	0.5625000	0
NOTE	161	32.0517349243164	0.5625000	0
NOTE	162	32.158878326416	0.3750000	0
NOTE	163	32.2660217285156	0.6250000	0
NOTE	164	32.3731651306152	0.4375000	0
NOTE	165	32.4803085327148	0.6875000	0
NOTE	166	32.5874519348145	0.5000000	0
NOTE	167	32.6945953369141	0.7500000	0
NOTE	168	32.80264040402	0.1250000	0
NOTE	169	32.80264040402	0.8750000	0
NOTE	170	33.0169261183058	0.8750000	0
NOTE	171	33.2312118325915	0.8750000	0
NOTE	172	33.4454975468772	0.8750000	0
NOTE	173	33.0169261183058	0.1250000	0
NOTE	174	33.1240653991699	0.2500000	0
NOTE	175	33.2312118325915	0.1250000	0
NOTE	176	33.4454975468772	0.1250000	0
NOTE	177	33.6597785949707	0.3125000	0
NOTE	178	33.6597785949707	0.6875000	0
NOTE	179	33.8740653991699	0.6875000	0
NOTE	180	34.0883522033691	0.6875000	0
NOTE	181	34.3026390075684	0.6875000	0
NOTE	182	33.8740653991699	0.4375000	0
NOTE	183	33.9803085327148	0.3750000	0
NOTE	184	34.0883522033691	0.4375000	0
NOTE	185	34.3026390075684	0.3125000	0
NOTE	186	34.516923393522	0.1250000	0
NOTE	187	34.7312091078077	0.1250000	0
NOTE	188	34.9454948220934	0.1250000	0
NOTE	189	35.1597805363791	0.1250000	0
NOTE	190	34.6240653991699	0.8750000	0
NOTE	191	34.8383522033691	0.8750000	0
NOTE	192	35.0526390075684	0.8750000	0
NOTE	193	35.2669219970703	0.8750000	0
NOTE	194	35.3740653991699	0.3125000	0
NOTE	195	35.3740653991699	0.6875000	0
NOTE	196	35.8026390075684	0.3750000	0.3214282
NOTE	197	35.8026390075684	0.6250000	0.3214282
NOTE	198	36.2312101977212	0.1250000	0
NOTE	199	36.2312101977212	0.8750000	0
NOTE	200	36.4454959120069	0.1250000	0
NOTE	201	36.5526390075684	0.1250000	0
NOTE	202	36.6597816262926	0.1250000	0
NOTE	203	36.4454959120069	0.8750000	0
NOTE	204	36.6597816262926	0.8750000	0
NOTE	205	36.8740673405784	0.8750000	0
NOTE	206	36.8740673405784	0.1250000	0
NOTE	207	37.0883522033691	0.3125000	0
NOTE	208	37.3026390075684	0.3125000	0
NOTE	209	37.4088821411133	0.3125000	0
NOTE	210	37.5169258117676	0.3125000	0
NOTE	211	37.7312126159668	0.3125000	0
NOTE	212	37.0883522033691	0.6875000	0
NOTE	213	37.3026390075684	0.6875000	0
NOTE	214	37.5169258117676	0.6875000	0
NOTE	215	37.7312126159668	0.6875000	0
NOTE	216	37.9454970019204	0.1250000	0
NOTE	217	38.1597827162061	0.1250000	0
NOTE	218	38.3740684304919	0.1250000	0
NOTE	219	38.5883541447776	0.1250000	0
NOTE	220	37.9454970019204	0.8750000	0
NOTE	221	38.1597827162061	0.8750000	0
NOTE	222	38.3740684304919	0.8750000	0
NOTE	223	38.5883541447776	0.8750000	0
NOTE	224	38.8026390075684	0.3125000	0.7499996
NOTE	225	38.8026390075684	0.6875000	0
NOTE	226	38.908878326416	0.5625000	0
NOTE	227	39.0160217285156	0.6875000	0
NOTE	228	39.1231651306152	0.5625000	0
NOTE	229	39.2303085327148	0.6875000	0
NOTE	230	39.3374481201172	0.6250000	0
NOTE	231	39.4445915222168	0.5625000	0
NOTE	232	39.5517349243164	0.5000000	0
NOTE	233	39.6597799914224	0.1250000	0
NOTE	234	39.6597799914224	0.8750000	0
NOTE	235	39.8740657057081	0.8750000	0
NOTE	236	39.9812088012695	0.8750000	0
NOTE	237	40.0883514199938	0.8750000	0
NOTE	238	40.3026371342795	0.8750000	0
NOTE	239	39.8740657057081	0.1250000	0
NOTE	240	40.0883514199938	0.1250000	0
NOTE	241	40.3026371342795	0.1250000	0
NOTE	242	40.5169219970703	0.3125000	0
NOTE	243	40.7312088012695	0.3125000	0
NOTE	244	40.9454956054688	0.3125000	0
NOTE	245	41.159782409668	0.3125000	0
NOTE	246	40.5169219970703	0.6875000	0
NOTE	247	40.7312088012695	0.6875000	0
NOTE	248	40.8374519348145	0.6875000	0
NOTE	249	40.9454956054688	0.6875000	0
NOTE	250	41.159782409668	0.6875000	0
NOTE	251	41.3740667956216	0.1250000	0
NOTE	252	41.3740667956216	0.1250000	0
NOTE	253	41.5883525099073	0.1250000	0
NOTE	254	41.802638224193	0.1250000	0
NOTE	255	42.0169239384787	0.1250000	0
NOTE	256	41.4812096527645	0.8750000	0
NOTE	257	41.6954953670502	0.8750000	0
NOTE	258	41.9097810813359	0.8750000	0
NOTE	259	42.1240667956216	0.8750000	0
NOTE	260	42.2312088012695	0.3125000	0
NOTE	261	42.2312101977212	0.7500000	0
NOTE	262	42.4445953369141	0.3125000	0
NOTE	263	42.5517387390137	0.3750000	0
NOTE	264	42.6588821411133	0.4375000	0
NOTE	265	42.7660217285156	0.3750000	0
NOTE	266	42.8731651306152	0.3125000	0
NOTE	267	42.9803085327148	0.3750000	0
NOTE	268	43.0883522033691	0.7500000	0
NOTE	269	43.3026390075684	0.7500000	0
NOTE	270	43.409782409668	0.8125000	0
NOTE	271	43.5169258117676	0.8750000	0
NOTE	272	43.6240692138672	0.8125000	0
NOTE	273	43.7312126159668	0.7500000	0
NOTE	274	43.8383522033691	0.8125000	0
NOTE	275	43.5169258117676	0.5625000	0.3214272
NOTE	276	44.3740684304919	0.4375000	0.3214277
NOTE	277	44.1597827162061	0.1250000	0
NOTE	278	44.266925573349	0.1875000	0
NOTE	279	44.3740684304919	0.2500000	0
NOTE	280	44.4812112876347	0.1875000	0
NOTE	281	44.5883541447776	0.1250000	0
NOTE	282	44.6954970019204	0.1875000	0
NOTE	283	43.9454970019204	0.2500000	0
NOTE	284	44.80264040402	0.7500000	0
NOTE	285	45.0169261183058	0.7500000	0
NOTE	286	45.1240689754486	0.8125000	0
NOTE	287	45.2312118325915	0.8750000	0
NOTE	288	45.3383546897343	0.8125000	0
NOTE	289	45.4454956054688	0.8750000	0
NOTE	290	45.55264040402	0.8125000	0
NOTE	291	45.6597799914224	0.2500000	0
NOTE	292	45.6597799914224	0.7500000	0
NOTE	293	45.8740657057081	0.6875000	0
NOTE	294	46.0883514199938	0.6250000	0
NOTE	295	46.3026371342795	0.5625000	0
NOTE	296	45.8740657057081	0.2500000	0
NOTE	297	46.0883514199938	0.2500000	0
NOTE	298	46.3026371342795	0.2500000	0
NOTE	299	46.516923393522	0.4375000	0.2142881
NOTE	300	46.9445953369141	0.5000000	0
NOTE	301	47.0526390075684	0.3750000	0
NOTE	302	47.159782409668	0.5000000	0
NOTE	303	47.2669219970703	0.6250000	0
NOTE	304	47.3740667956216	0.7500000	0.4285733
NOTE	305	47.802638224193	0.2500000	0
NOTE	306	48.0169239384787	0.2500000	0
NOTE	307	48.2312088012695	0.1250000	0.7500014
NOTE	308	48.4445953369141	0.6250000	0
NOTE	309	48.6588821411133	0.5625000	0
NOTE	310	48.8731651306152	0.6250000	0
NOTE	311	49.0883535998208	0.3750000	0.4285722
NOTE	312	49.9454970019204	0.1875000	0.7500003
NOTE	313	50.3731689453125	0.6875000	0
NOTE	314	50.5874519348145	0.7500000	0
NOTE	315	50.6954970019204	0.6875000	0
NOTE	316	49.9454956054688	0.6875000	0
NOTE	317	50.8017349243164	0.4375000	0
NOTE	318	51.0160217285156	0.4375000	0
NOTE	319	51.2303085327148	0.5625000	0
NOTE	320	51.3383546897343	0.4375000	0
NOTE	321	51.4454956054688	0.5625000	0
NOTE	322	51.5526351928711	0.6875000	0
NOTE	323	51.6597799914224	0.8125000	0.7500030
NOTE	324	51.8731651306152	0.2500000	0
NOTE	325	52.0883514199938	0.1875000	0
NOTE	326	52.3017349243164	0.2500000	0
NOTE	327	51.6597799914224	0.1875000	0
NOTE	328	52.5169219970703	0.1875000	0
NOTE	329	52.5169219970703	0.6875000	0.2571429
NOTE	330	52.8383522033691	0.3750000	0
NOTE	331	53.159782409668	0.5000000	0
NOTE	332	53.2669219970703	0.3750000	0
NOTE	333	52.9454948220934	0.5000000	0
NOTE	334	53.0526376792363	0.6250000	0
NOTE	335	53.3740667956216	0.8750000	0.2571429
NOTE	336	53.8026390075684	0.1875000	0
NOTE	337	53.908878326416	0.8750000	0
NOTE	338	53.8026390075684	0.8750000	0
NOTE	339	54.0160217285156	0.2500000	0
NOTE	340	54.1231651306152	0.8125000	0
NOTE	341	54.2303085327148	0.7500000	0.2571429
NOTE	342	55.0883535998208	0.2500000	0.7500009
NOTE	343	55.0883535998208	0.7500000	0
NOTE	344	55.5160255432129	0.8750000	0
NOTE	345	55.731210742678	0.8750000	0
NOTE	346	55.8383535998208	0.8125000	0
NOTE	347	55.9454956054688	0.1250000	0.4285717
NOTE	348	55.9454970019204	0.6250000	0
NOTE	349	56.1597827162061	0.6250000	0
NOTE	350	56.3740692138672	0.5000000	0
NOTE	351	56.4812126159668	0.3750000	0
NOTE	352	56.5883560180664	0.5000000	0
NOTE	353	56.6954956054688	0.6250000	0
NOTE	354	56.80264040402	0.8125000	0.4285712
NOTE	355	57.2312118325915	0.3125000	0
NOTE	356	56.80264040402	0.3125000	0
NOTE	357	57.4445915222168	0.2500000	0
NOTE	358	57.4985694885254	0.3125000	0
NOTE	359	57.5526351928711	0.2500000	0
NOTE	360	57.659782409668	0.6250000	0
NOTE	361	57.659782409668	0.4375000	0
NOTE	362	57.8740692138672	0.4375000	0
NOTE	363	57.8740692138672	0.6250000	0
NOTE	364	58.0883522033691	0.4375000	0
NOTE	365	58.1954956054688	0.5000000	0
NOTE	366	58.3026390075684	0.5625000	0
NOTE	367	58.4097785949707	0.6250000	0
NOTE	368	58.516923393522	0.1250000	0.7500026
NOTE	369	58.6240662506648	0.7500000	0
NOTE	370	58.7312091078077	0.8125000	0
NOTE	371	58.8383519649506	0.8750000	0
NOTE	372	58.9454956054688	0.8125000	0
NOTE	373	59.159782409668	0.7500000	0
NOTE	374	58.516923393522	0.8125000	0
NOTE	375	59.3740667956216	0.5000000	0.2571429
NOTE	376	59.802638224193	0.3750000	0
NOTE	377	59.9097810813359	0.4375000	0
NOTE	378	60.0169239384787	0.5000000	0
NOTE	379	60.1240667956216	0.5625000	0
NOTE	380	60.4454956054688	0.8125000	0
NOTE	381	60.5526387691498	0.8750000	0
NOTE	382	60.6597816262926	0.8125000	0
NOTE	383	60.9812088012695	0.5625000	0
NOTE	384	61.0883535998208	0.2500000	0
NOTE	385	61.1954964569637	0.1875000	0
NOTE	386	61.3026390075684	0.2500000	0
NOTE	387	61.4097821712494	0.1875000	0
NOTE	388	61.5169258117676	0.4375000	0
NOTE	389	61.6240692138672	0.5000000	0
NOTE	390	61.7312088012695	0.4375000	0
NOTE	391	61.8383522033691	0.3750000	0
NOTE	392	62.159782409668	0.8125000	0
NOTE	393	62.2669258117676	0.8750000	0
NOTE	394	62.3740692138672	0.8125000	0
NOTE	395	62.4812126159668	0.6250000	0
NOTE	396	62.5883560180664	0.5625000	0
NOTE	397	62.8026390075684	0.3750000	0.7499999
NOTE	398	62.8026390075684	0.2500000	0
NOTE	399	63.0169219970703	0.1250000	0
NOTE	400	63.2312088012695	0.2500000	0
NOTE	401	63.659782409668	0.8750000	0
NOTE	402	63.8740695204054	0.8750000	0
NOTE	403	63.9812088012695	0.8125000	0
NOTE	404	64.0883552346911	0.8750000	0
NOTE	405	64.3026409489768	0.6250000	0
NOTE	406	64.4097838061196	0.5625000	0
NOTE	407	64.5169272082193	0.180510893464088	0
NOTE	408	64.6240700653621	0.121505446732044	0
NOTE	409	64.8383557796478	0.121505446732044	0
NOTE	410	64.9454956054688	0.416532680392265	0
NOTE	411	65.0526428222656	0.47553812712431	0
NOTE	412	65.159782409668	0.416532680392265	0
NOTE	413	65.2669296264648	0.357527233660221	0
NOTE	414	65.5883525099073	0.8125000	0
NOTE	415	65.6954953670502	0.7500000	0
NOTE	416	65.802638224193	0.6875000	0
NOTE	417	66.0169239384787	0.6875000	0
NOTE	418	66.1240667956216	0.6250000	0
NOTE	419	66.2312140124185	0.5000000	0
NOTE	420	66.3383568695613	0.4375000	0
NOTE	421	66.4454956054688	0.1875000	0
NOTE	422	66.5526351928711	0.2500000	0
NOTE	423	66.6597747802734	0.3125000	0
NOTE	424	66.8740711552756	0.3750000	0
NOTE	425	67.4097821712494	0.8750000	0
NOTE	426	67.3026393141065	0.8125000	0
NOTE	427	67.5169250283923	0.8125000	0
NOTE	428	67.8383535998208	0.5625000	0
NOTE	429	68.2669217586517	0.1250000	0
NOTE	430	68.1597789015089	0.1875000	0
NOTE	431	68.052636044366	0.1250000	0
NOTE	432	67.9454931872232	0.1875000	0
NOTE	433	68.6954931872232	0.3750000	0
NOTE	434	68.4812074729374	0.5000000	0
NOTE	435	68.5883503300803	0.4375000	0
NOTE	436	68.3740646157946	0.4375000	0
NOTE	437	54.4454959120069	0.5000000	0
NOTE	438	54.5526390075684	0.3750000	0
NOTE	439	54.6597816262926	0.5000000	0
NOTE	440	54.7669258117676	0.6250000	0
NOTE	441	54.8740673405784	0.5000000	0
NOTE	442	54.9812088012695	0.3750000	0
NOTE	443	69.1240689754486	0.8750000	0
NOTE	444	69.0169261183057	0.8125000	0
NOTE	445	69.4454975468772	0.5000000	0
NOTE	446	69.2312118325915	0.8125000	0
NOTE	447	69.3383546897343	0.5625000	0
NOTE	448	69.6597799914224	0.2500000	0
NOTE	449	69.8740657057081	0.1250000	0
NOTE	450	70.0883514199938	0.2500000	0
NOTE	451	69.6597799914224	0.3750000	0.7499999
NOTE	452	64.731212922505	0.1875000	0
NOTE	453	70.8383557796478	0.8125000	0
NOTE	454	70.731212922505	0.8750000	0
NOTE	455	70.9454986367907	0.8750000	0
NOTE	456	70.5169272082193	0.8750000	0
NOTE	457	71.1597843510764	0.6250000	0
NOTE	458	71.2669272082193	0.5625000	0
NOTE	459	71.5883525099073	0.1875000	0
NOTE	460	71.6954953670502	0.1250000	0
NOTE	461	71.4812096527645	0.1250000	0
NOTE	462	71.3740667956216	0.1875000	0
NOTE	463	71.9097810813359	0.5000000	0
NOTE	464	71.802638224193	0.4375000	0
NOTE	465	72.1240667956216	0.3750000	0
NOTE	466	72.0169239384787	0.4375000	0
NOTE	467	72.6597747802734	0.8750000	0
NOTE	468	72.4454956054688	0.8750000	0
NOTE	469	72.5526351928711	0.8125000	0
NOTE	470	72.8740711552756	0.6875000	0.1602146
NOTE	471	73.3026428222656	0.3750000	0
NOTE	472	73.5169219970703	0.3750000	0
NOTE	473	73.7312088012695	0.3750000	0
NOTE	474	73.7312088012695	0.1250000	0
NOTE	475	73.5169219970703	0.1250000	0
NOTE	476	73.3026428222656	0.1250000	0
NOTE	477	74.2669219970703	0.8750000	0
NOTE	478	74.159782409668	0.8125000	0
NOTE	479	74.3740615844727	0.8125000	0
NOTE	480	74.6954956054688	0.5625000	0
NOTE	481	75.4454975468772	0.4375000	0
NOTE	482	75.3383546897343	0.5000000	0
NOTE	483	75.55264040402	0.3750000	0
NOTE	484	75.2312118325915	0.4375000	0
NOTE	485	75.1240689754486	0.1250000	0
NOTE	486	74.9097832611629	0.1250000	0
NOTE	487	75.0169261183057	0.1875000	0
NOTE	488	74.80264040402	0.1875000	0
NOTE	489	75.9812088012695	0.8750000	0
NOTE	490	75.8740692138672	0.8125000	0
NOTE	491	76.3026351928711	0.5625000	0
NOTE	492	76.0883483886719	0.8125000	0
NOTE	493	76.1954956054688	0.6250000	0
NOTE	494	76.5169272082193	0.2500000	0
NOTE	495	76.731212922505	0.1250000	0
NOTE	496	76.9454986367907	0.2500000	0
NOTE	497	76.5169272082193	0.3750000	0.7499999
NOTE	498	77.6954953670502	0.8125000	0
NOTE	499	77.5883525099073	0.8750000	0
NOTE	500	77.802638224193	0.8750000	0
NOTE	501	77.3740667956216	0.8750000	0
NOTE	502	78.0169239384787	0.6250000	0
NOTE	503	78.1240667956216	0.5625000	0
NOTE	504	78.4454997267042	0.1875000	0
NOTE	505	78.552642583847	0.1250000	0
NOTE	506	78.3383568695613	0.1250000	0
NOTE	507	78.2312140124185	0.1875000	0
NOTE	508	78.7669282981328	0.5000000	0
NOTE	509	78.6597854409899	0.4375000	0
NOTE	510	78.9812140124185	0.3750000	0
NOTE	511	78.8740711552756	0.4375000	0
NOTE	512	79.731210742678	0.7500000	0
NOTE	513	79.8383535998208	0.6875000	0
NOTE	514	79.5169250283923	0.7500000	0
NOTE	515	79.3026393141065	0.8750000	0
NOTE	516	79.4097821712494	0.8125000	0
NOTE	517	80.052636044366	0.3750000	0
NOTE	518	79.9454931872232	0.4375000	0
NOTE	519	80.2669219970703	0.1875000	0
NOTE	520	80.159782409668	0.1250000	0
NOTE	521	80.5883503300803	0.3125000	0
NOTE	522	80.3740615844727	0.2500000	0
NOTE	523	81.1240689754486	0.8750000	0
NOTE	524	81.0169261183057	0.8125000	0
NOTE	525	81.2312118325915	0.8125000	0
NOTE	526	81.55264040402	0.5625000	0
NOTE	527	82.3026371342795	0.4375000	0
NOTE	528	82.1954942771367	0.5000000	0
NOTE	529	82.4097799914224	0.3750000	0
NOTE	530	82.0883514199938	0.4375000	0
NOTE	531	81.981208562851	0.1250000	0
NOTE	532	81.7669228485652	0.1250000	0
NOTE	533	81.8740657057081	0.1875000	0
NOTE	534	81.6597799914224	0.1875000	0
NOTE	535	82.8383557796478	0.8750000	0
NOTE	536	82.731212922505	0.8125000	0
NOTE	537	83.1597843510764	0.5000000	0
NOTE	538	82.9454986367907	0.8125000	0
NOTE	539	83.0526414939335	0.5625000	0
NOTE	540	83.3740692138672	0.2500000	0
NOTE	541	83.5883560180664	0.1250000	0
NOTE	542	83.8026351928711	0.2500000	0
NOTE	543	83.3740692138672	0.3750000	0.7499999
NOTE	544	84.552642583847	0.8125000	0
NOTE	545	84.4454997267042	0.8750000	0
NOTE	546	84.6597854409899	0.8750000	0
NOTE	547	84.2312140124185	0.8750000	0
NOTE	548	84.8740711552756	0.6250000	0
NOTE	549	84.9812140124185	0.5625000	0
NOTE	550	85.3026393141065	0.1875000	0
NOTE	551	85.4097821712494	0.1250000	0
NOTE	552	85.1954964569637	0.1250000	0
NOTE	553	85.0883535998208	0.1875000	0
NOTE	554	85.6240678855351	0.5000000	0
NOTE	555	85.5169250283923	0.4375000	0
NOTE	556	85.8383535998208	0.3750000	0
NOTE	557	85.731210742678	0.4375000	0
NOTE	558	86.5883503300803	0.6875000	0.1602146
NOTE	559	86.1597789015089	0.8125000	0
NOTE	560	86.052636044366	0.8750000	0
NOTE	561	86.2669219970703	0.8750000	0
NOTE	562	87.2312088012695	0.3750000	0
NOTE	563	87.4454956054688	0.4375000	0
NOTE	564	87.4454975468772	0.1250000	0
NOTE	565	87.2312118325915	0.1250000	0
NOTE	566	87.0169296264648	0.3125000	0
NOTE	567	87.0169261183057	0.1250000	0
NOTE	568	87.659782409668	0.5625000	0
NOTE	569	87.8740692138672	0.5625000	0
NOTE	570	88.0883483886719	0.5625000	0
NOTE	571	88.3026351928711	0.5625000	0
NOTE	572	88.5169272082193	0.1875000	0
NOTE	573	88.731212922505	0.1875000	0
NOTE	574	88.9454986367907	0.1875000	0
NOTE	575	89.1597843510764	0.1875000	0
NOTE	576	89.3740667956216	0.8125000	0
NOTE	577	89.5883525099073	0.8125000	0
NOTE	578	89.802638224193	0.8125000	0
NOTE	579	90.0169239384787	0.8125000	0
NOTE	580	90.2312140124185	0.5000000	0
NOTE	581	90.4454997267042	0.5000000	0
NOTE	582	90.6597854409899	0.5000000	0
NOTE	583	90.8740711552756	0.5000000	0
NOTE	584	89.3740692138672	0.6250000	0
NOTE	585	90.2312164306641	0.3125000	0
NOTE	586	91.0883535998208	0.1250000	0
NOTE	587	91.0883535998208	0.8750000	0
NOTE	588	91.3026393141065	0.1250000	0
NOTE	589	91.5169250283923	0.1250000	0
NOTE	590	91.731210742678	0.1250000	0
NOTE	591	91.9454931872232	0.2500000	0
NOTE	592	91.9454931872232	0.7500000	0
NOTE	593	92.1597789015089	0.7500000	0
NOTE	594	92.3740646157946	0.2500000	0
NOTE	595	92.5883503300803	0.2500000	0
NOTE	596	92.8026428222656	0.3750000	0
NOTE	597	92.80264040402	0.6250000	0
NOTE	598	93.0169261183057	0.5000000	0
NOTE	599	93.2312088012695	0.6250000	0
NOTE	600	93.2312118325915	0.3750000	0
NOTE	601	93.4454975468772	0.5000000	0
NOTE	602	93.6597799914224	0.1250000	0
NOTE	603	93.6597799914224	0.8750000	0
NOTE	604	93.8740657057081	0.8750000	0
NOTE	605	94.0883514199938	0.1250000	0
NOTE	606	94.1954956054688	0.1875000	0
NOTE	607	94.3026371342795	0.1250000	0
NOTE	608	94.409782409668	0.1875000	0
NOTE	609	94.5169296264648	0.3750000	0
NOTE	610	94.7312164306641	0.3125000	0
NOTE	611	94.9454956054688	0.3750000	0
NOTE	612	95.159782409668	0.3125000	0
NOTE	613	94.6240692138672	0.6250000	0
NOTE	614	94.8383560180664	0.6875000	0
NOTE	615	95.0526428222656	0.6250000	0
NOTE	616	95.2669272082193	0.6875000	0
NOTE	617	95.3740667956216	0.1875000	0
NOTE	618	95.5883525099073	0.1250000	0
NOTE	619	95.802638224193	0.1875000	0
NOTE	620	96.0169239384787	0.1250000	0
NOTE	621	95.4812088012695	0.8125000	0
NOTE	622	95.6954953670502	0.8750000	0
NOTE	623	95.9097810813359	0.8125000	0
NOTE	624	96.1240667956216	0.8750000	0
NOTE	625	96.2312140124185	0.3750000	0
NOTE	626	96.4454997267042	0.3125000	0
NOTE	627	96.6597854409899	0.3750000	0
NOTE	628	96.8740711552756	0.3125000	0
NOTE	629	96.3383568695613	0.6250000	0
NOTE	630	96.552642583847	0.6875000	0
NOTE	631	96.7669282981328	0.6250000	0
NOTE	632	96.9812140124185	0.6875000	0
NOTE	633	97.0883535998208	0.1875000	0
NOTE	634	97.3026393141065	0.1250000	0
NOTE	635	97.5169250283923	0.1875000	0
NOTE	636	97.731210742678	0.1250000	0
NOTE	637	97.1954964569637	0.8125000	0
NOTE	638	97.4097821712494	0.8750000	0
NOTE	639	97.6240678855351	0.8125000	0
NOTE	640	97.8383535998208	0.8750000	0
NOTE	641	97.9454931872232	0.3750000	0
NOTE	642	97.9454931872232	0.6250000	0
NOTE	643	98.3740615844727	0.4375000	0
NOTE	644	98.4812088012695	0.5000000	0
NOTE	645	98.5883483886719	0.4375000	0
NOTE	646	98.6954956054688	0.3750000	0
NOTE	647	98.80264040402	0.1875000	0
NOTE	648	98.80264040402	0.8125000	0
NOTE	649	99.2312088012695	0.6250000	0
NOTE	650	99.3383560180664	0.5625000	0
NOTE	651	99.4454956054688	0.6250000	0
NOTE	652	99.55264040402	0.6875000	0
NOTE	653	99.6597799914224	0.3125000	0
NOTE	654	99.6597799914224	0.5000000	0
NOTE	655	100.088348388672	0.3125000	0
NOTE	656	100.195495605469	0.4375000	0
NOTE	657	100.302635192871	0.5625000	0
NOTE	658	100.409782409668	0.6875000	0
NOTE	659	100.516927208219	0.1875000	0
NOTE	660	100.516927208219	0.8125000	0
NOTE	661	100.945498636791	0.1875000	0.3214293
NOTE	662	100.945498636791	0.5000000	0.3214293
NOTE	663	100.945498636791	0.8125000	0.3214293
NOTE	664	94.0883514199938	0.8750000	0
NOTE	665	45.2312126159668	0.5000000	0.2571429
NOTE	666	49.5160239083426	0.8750000	0
NOTE	667	60.2312101402453	0.6875000	0
NOTE	668	61.0883535423449	0.4375000	0
NOTE	669	61.9454969444445	0.6875000	0
NOTE	670	63.6597837486437	0.6250000	0
NOTE	671	64.5169271507433	0.3750000	0
NOTE	672	65.3740692138672	0.6250000	0
NOTE	673	66.2312139549426	0.1875000	0
NOTE	674	67.0883535423449	0.6250000	0
NOTE	675	67.9454931297472	0.3750000	0
NOTE	676	22.8383522033691	0.4375000	0
NOTE	677	22.9454956054688	0.5000000	0
NOTE	678	23.0526371002197	0.6250000	0
NOTE	679	23.1597805023193	0.5000000	0
NOTE	680	23.2669239044189	0.4375000	0
NOTE	681	68.8026403465441	0.6250000	0
NOTE	682	70.5169296264648	0.5625000	0
NOTE	683	71.3740692138672	0.3750000	0
NOTE	684	72.2312139549426	0.6250000	0
NOTE	685	73.9454956054688	0.6250000	0
NOTE	686	74.8026403465441	0.3750000	0
NOTE	687	75.6597799339465	0.6250000	0
NOTE	688	77.3740667381457	0.5625000	0
NOTE	689	78.2312139549426	0.3750000	0
NOTE	690	79.0883535423449	0.6250000	0
NOTE	691	79.9454931297472	0.1250000	0
NOTE	692	80.8026403465441	0.6250000	0
NOTE	693	81.6597799339465	0.3750000	0
NOTE	694	82.5169271507433	0.6250000	0
NOTE	695	84.2312139549426	0.5625000	0
NOTE	696	85.0883535423449	0.3750000	0
NOTE	697	85.9454931297472	0.6250000	0
LINK 30 31 32 33
LINK 67 68 69 70
LINK 72 73 74 75
LINK 77 78 79 80 81 82
LINK 138 139 140
LINK 147 148 149
LINK 173 174 175
LINK 182 183 184
LINK 225 226 227 228 229 230 231 232
LINK 262 263 264 265 266 267
LINK 269 270 271 272 273 274
LINK 277 278 279 280 281 282
LINK 285 286 287 288 289 290
LINK 357 358 359
LINK 398 399 400
LINK 437 438 439 440 441 442
LINK 448 449 450
LINK 494 495 496
LINK 540 541 542
LINK 605 606 607 608
LINK 643 644 645 646
LINK 649 650 651 652
LINK 676 677 678 679 680
