VERSION 2
BPM 175.000000
PAGE_SHIFT 0.020000
PAGE_SIZE 0.685714
NOTE	0	2.780000	0.200000	0.000000
NOTE	1	2.780000	0.800000	0.000000
NOTE	2	3.808571	0.350000	0.000000
NOTE	3	3.808571	0.650000	0.000000
NOTE	4	4.151429	0.200000	0.000000
NOTE	5	4.151429	0.800000	0.000000
NOTE	6	5.180000	0.350000	0.000000
NOTE	7	5.180000	0.650000	0.000000
NOTE	8	5.522857	0.200000	0.000000
NOTE	9	5.522857	0.800000	0.000000
NOTE	10	6.208571	0.200000	0.000000
NOTE	11	6.208571	0.800000	0.000000
NOTE	12	6.894286	0.200000	0.000000
NOTE	13	6.894286	0.800000	0.000000
NOTE	14	7.237143	0.200000	0.000000
NOTE	15	7.237143	0.800000	0.000000
NOTE	16	7.580000	0.350000	0.000000
NOTE	17	7.580000	0.650000	0.000000
NOTE	18	7.922857	0.350000	0.000000
NOTE	19	7.922857	0.650000	0.000000
NOTE	20	8.265715	0.200000	0.000000
NOTE	21	8.265715	0.800000	0.000000
NOTE	22	9.294286	0.350000	0.000000
NOTE	23	9.294286	0.650000	0.000000
NOTE	24	9.637143	0.200000	0.000000
NOTE	25	9.637143	0.800000	0.000000
NOTE	26	10.665714	0.350000	0.000000
NOTE	27	10.665714	0.650000	0.000000
NOTE	28	11.008572	0.200000	0.000000
NOTE	29	11.008572	0.800000	0.000000
NOTE	30	11.694285	0.200000	0.000000
NOTE	31	11.694285	0.800000	0.000000
NOTE	32	13.751429	0.400000	0.000000
NOTE	33	13.751429	0.800000	0.000000
NOTE	34	13.922857	0.800000	0.000000
NOTE	35	14.094286	0.400000	0.000000
NOTE	36	14.094286	0.800000	0.000000
NOTE	37	14.265715	0.800000	0.000000
NOTE	38	14.437142	0.200000	0.000000
NOTE	39	14.437142	0.600000	0.000000
NOTE	40	14.608571	0.600000	0.000000
NOTE	41	14.780000	0.200000	0.000000
NOTE	42	14.780000	0.600000	0.000000
NOTE	43	14.951428	0.600000	0.000000
NOTE	44	15.122857	0.400000	0.000000
NOTE	45	15.122857	0.800000	0.000000
NOTE	46	15.294286	0.800000	0.000000
NOTE	47	15.465714	0.400000	0.000000
NOTE	48	15.465714	0.800000	0.000000
NOTE	49	15.637143	0.800000	0.000000
NOTE	50	15.808572	0.200000	0.000000
NOTE	51	15.808572	0.600000	0.000000
NOTE	52	15.980000	0.600000	0.000000
NOTE	53	16.151428	0.200000	0.000000
NOTE	54	16.151428	0.600000	0.000000
NOTE	55	16.322857	0.600000	0.000000
NOTE	56	16.494286	0.400000	0.000000
NOTE	57	16.494286	0.800000	0.000000
NOTE	58	16.665714	0.400000	0.000000
NOTE	59	16.837143	0.400000	0.000000
NOTE	60	16.837143	0.800000	0.000000
NOTE	61	17.008572	0.400000	0.000000
NOTE	62	17.180000	0.200000	0.000000
NOTE	63	17.180000	0.600000	0.000000
NOTE	64	17.351429	0.200000	0.000000
NOTE	65	17.522858	0.200000	0.000000
NOTE	66	17.522858	0.600000	0.000000
NOTE	67	17.694286	0.200000	0.000000
NOTE	68	17.865715	0.400000	0.000000
NOTE	69	17.865715	0.800000	0.000000
NOTE	70	18.037144	0.400000	0.000000
NOTE	71	18.208570	0.400000	0.000000
NOTE	72	18.208570	0.800000	0.000000
NOTE	73	18.294285	0.850000	0.000000
NOTE	74	18.379999	0.400000	0.000000
NOTE	75	18.379999	0.800000	0.000000
NOTE	76	18.465714	0.700000	0.000000
NOTE	77	18.551428	0.200000	0.000000
NOTE	78	18.551428	0.600000	0.342858
NOTE	79	18.722857	0.200000	0.000000
NOTE	80	18.894285	0.200000	0.000000
NOTE	81	19.065714	0.200000	0.000000
NOTE	82	19.237143	0.350000	0.000000
NOTE	83	19.237143	0.650000	0.000000
NOTE	84	19.408571	0.350000	0.000000
NOTE	85	19.494286	0.500000	0.000000
NOTE	86	19.580000	0.400000	0.000000
NOTE	87	19.665714	0.550000	0.000000
NOTE	88	19.751429	0.450000	0.000000
NOTE	89	19.837143	0.600000	0.000000
NOTE	90	19.922857	0.800000	0.000000
NOTE	91	20.094286	0.800000	0.000000
NOTE	92	20.265715	0.200000	0.000000
NOTE	93	20.265715	0.800000	0.000000
NOTE	94	20.351429	0.700000	0.000000
NOTE	95	20.437143	0.600000	0.000000
NOTE	96	20.522858	0.500000	0.000000
NOTE	97	20.608572	0.350000	0.000000
NOTE	98	20.608572	0.650000	0.000000
NOTE	99	20.780001	0.500000	0.000000
NOTE	100	20.865715	0.350000	0.000000
NOTE	101	20.951429	0.450000	0.000000
NOTE	102	21.037144	0.300000	0.000000
NOTE	103	21.122858	0.400000	0.000000
NOTE	104	21.208570	0.500000	0.000000
NOTE	105	21.294285	0.150000	0.000000
NOTE	106	21.465714	0.150000	0.000000
NOTE	107	21.637142	0.150000	0.000000
NOTE	108	21.637142	0.850000	0.000000
NOTE	109	21.980000	0.250000	0.000000
NOTE	110	21.980000	0.750000	0.000000
NOTE	111	22.322857	0.250000	0.000000
NOTE	112	22.322857	0.750000	0.000000
NOTE	113	22.665714	0.150000	0.000000
NOTE	114	22.665714	0.850000	0.000000
NOTE	115	23.008572	0.150000	0.000000
NOTE	116	23.008572	0.850000	0.000000
NOTE	117	23.351429	0.350000	0.000000
NOTE	118	23.351429	0.650000	0.000000
NOTE	119	23.694286	0.250000	0.000000
NOTE	120	23.694286	0.500000	0.000000
NOTE	121	23.694286	0.750000	0.000000
NOTE	122	24.722857	0.200000	0.000000
NOTE	123	24.722857	0.800000	0.000000
NOTE	124	24.894285	0.900000	0.000000
NOTE	125	25.065714	0.800000	0.000000
NOTE	126	25.237143	0.900000	0.000000
NOTE	127	25.408571	0.700000	0.000000
NOTE	128	25.580000	0.600000	0.000000
NOTE	129	25.751429	0.350000	0.000000
NOTE	130	25.751429	0.600000	0.000000
NOTE	131	25.837143	0.700000	0.000000
NOTE	132	25.922857	0.600000	0.000000
NOTE	133	26.008572	0.500000	0.000000
NOTE	134	26.094286	0.200000	0.000000
NOTE	135	26.094286	0.800000	0.000000
NOTE	136	26.265715	0.100000	0.000000
NOTE	137	26.437143	0.200000	0.000000
NOTE	138	26.608572	0.100000	0.000000
NOTE	139	26.780001	0.300000	0.000000
NOTE	140	26.951429	0.400000	0.000000
NOTE	141	27.122858	0.650000	0.000000
NOTE	142	27.122858	0.400000	0.000000
NOTE	143	27.208570	0.500000	0.000000
NOTE	144	27.294285	0.400000	0.000000
NOTE	145	27.379999	0.300000	0.000000
NOTE	146	27.465714	0.200000	0.000000
NOTE	147	27.465714	0.800000	0.000000
NOTE	148	27.637142	0.700000	0.000000
NOTE	149	27.808571	0.600000	0.000000
NOTE	150	27.980000	0.500000	0.000000
NOTE	151	28.151428	0.200000	0.000000
NOTE	152	28.151428	0.800000	0.000000
NOTE	153	28.322857	0.300000	0.000000
NOTE	154	28.494286	0.400000	0.000000
NOTE	155	28.665714	0.500000	0.000000
NOTE	156	28.837143	0.100000	0.000000
NOTE	157	28.837143	0.750000	0.000000
NOTE	158	28.922857	0.600000	0.000000
NOTE	159	29.008572	0.700000	0.000000
NOTE	160	29.094286	0.550000	0.000000
NOTE	161	29.180000	0.900000	0.000000
NOTE	162	29.180000	0.350000	0.000000
NOTE	163	29.265715	0.250000	0.000000
NOTE	164	29.351429	0.350000	0.000000
NOTE	165	29.437143	0.450000	0.000000
NOTE	166	29.522858	0.200000	0.000000
NOTE	167	29.522858	0.550000	0.000000
NOTE	168	29.608572	0.650000	0.000000
NOTE	169	29.694286	0.750000	0.000000
NOTE	170	29.780001	0.650000	0.000000
NOTE	171	29.865715	0.800000	0.000000
NOTE	172	29.865715	0.550000	0.000000
NOTE	173	29.951429	0.400000	0.000000
NOTE	174	30.037144	0.500000	0.000000
NOTE	175	30.122858	0.350000	0.000000
NOTE	176	30.208570	0.200000	0.000000
NOTE	177	30.208570	0.800000	0.000000
NOTE	178	30.379999	0.900000	0.000000
NOTE	179	30.551428	0.800000	0.000000
NOTE	180	30.722857	0.900000	0.000000
NOTE	181	30.894285	0.300000	0.000000
NOTE	182	31.065714	0.400000	0.000000
NOTE	183	31.237143	0.650000	0.000000
NOTE	184	31.237143	0.400000	0.000000
NOTE	185	31.322857	0.300000	0.000000
NOTE	186	31.408571	0.400000	0.000000
NOTE	187	31.494286	0.500000	0.000000
NOTE	188	31.580000	0.200000	0.000000
NOTE	189	31.580000	0.800000	0.000000
NOTE	190	31.751429	0.100000	0.000000
NOTE	191	31.922857	0.200000	0.000000
NOTE	192	32.094284	0.100000	0.000000
NOTE	193	32.265713	0.700000	0.000000
NOTE	194	32.437141	0.600000	0.000000
NOTE	195	32.608570	0.350000	0.000000
NOTE	196	32.608570	0.600000	0.000000
NOTE	197	32.694286	0.500000	0.000000
NOTE	198	32.779999	0.600000	0.000000
NOTE	199	32.865715	0.700000	0.000000
NOTE	200	32.951427	0.200000	0.000000
NOTE	201	32.951427	0.800000	0.000000
NOTE	202	33.122856	0.450000	0.000000
NOTE	203	33.294285	0.350000	0.000000
NOTE	204	33.465714	0.450000	0.000000
NOTE	205	33.637142	0.200000	0.000000
NOTE	206	33.637142	0.800000	0.000000
NOTE	207	33.808571	0.550000	0.000000
NOTE	208	33.980000	0.650000	0.000000
NOTE	209	34.151428	0.550000	0.000000
NOTE	210	34.322857	0.700000	0.000000
NOTE	211	34.408573	0.800000	0.000000
NOTE	212	34.494286	0.900000	0.000000
NOTE	213	34.580002	0.800000	0.000000
NOTE	214	34.665714	0.700000	0.000000
NOTE	215	34.751427	0.800000	0.000000
NOTE	216	34.837143	0.700000	0.000000
NOTE	217	34.922855	0.600000	0.000000
NOTE	218	35.008572	0.500000	0.000000
NOTE	219	35.094284	0.400000	0.000000
NOTE	220	35.180000	0.300000	0.085714
NOTE	221	35.351429	0.600000	0.000000
NOTE	222	35.408573	0.500000	0.000000
NOTE	223	35.465714	0.600000	0.000000
NOTE	224	35.522858	0.500000	0.000000
NOTE	225	35.694286	0.850000	0.000000
NOTE	226	35.865715	0.850000	0.000000
NOTE	227	36.037144	0.850000	0.000000
NOTE	228	36.208572	0.750000	0.000000
NOTE	229	36.380001	0.650000	0.000000
NOTE	230	36.551430	0.650000	0.000000
NOTE	231	36.722858	0.650000	0.000000
NOTE	232	36.894287	0.550000	0.000000
NOTE	233	37.065716	0.450000	0.000000
NOTE	234	37.065716	0.700000	0.000000
NOTE	235	37.151428	0.800000	0.000000
NOTE	236	37.237144	0.450000	0.000000
NOTE	237	37.237144	0.900000	0.000000
NOTE	238	37.408573	0.450000	0.000000
NOTE	239	37.408573	0.700000	0.000000
NOTE	240	37.494286	0.800000	0.000000
NOTE	241	37.580002	0.350000	0.000000
NOTE	242	37.580002	0.900000	0.000000
NOTE	243	37.751427	0.250000	0.000000
NOTE	244	37.751427	0.750000	0.000000
NOTE	245	37.837143	0.650000	0.000000
NOTE	246	37.922855	0.250000	0.000000
NOTE	247	37.922855	0.550000	0.000000
NOTE	248	38.094284	0.250000	0.000000
NOTE	249	38.094284	0.750000	0.000000
NOTE	250	38.180000	0.650000	0.000000
NOTE	251	38.265713	0.150000	0.000000
NOTE	252	38.265713	0.550000	0.000000
NOTE	253	38.437141	0.250000	0.000000
NOTE	254	38.437141	0.600000	0.000000
NOTE	255	38.522858	0.700000	0.000000
NOTE	256	38.608570	0.350000	0.000000
NOTE	257	38.608570	0.800000	0.000000
NOTE	258	38.694286	0.900000	0.000000
NOTE	259	38.779999	0.350000	0.000000
NOTE	260	38.779999	0.800000	0.000000
NOTE	261	38.865715	0.700000	0.000000
NOTE	262	38.951427	0.250000	0.000000
NOTE	263	38.951427	0.600000	0.000000
NOTE	264	39.037144	0.500000	0.000000
NOTE	265	39.122856	0.750000	0.000000
NOTE	266	39.122856	0.400000	0.000000
NOTE	267	39.208572	0.300000	0.000000
NOTE	268	39.294285	0.650000	0.000000
NOTE	269	39.294285	0.200000	0.000000
NOTE	270	39.380001	0.100000	0.000000
NOTE	271	39.465714	0.650000	0.000000
NOTE	272	39.465714	0.200000	0.000000
NOTE	273	39.551430	0.300000	0.000000
NOTE	274	39.637142	0.750000	0.000000
NOTE	275	39.637142	0.400000	0.000000
NOTE	276	39.722858	0.500000	0.000000
NOTE	277	39.808571	0.150000	0.000000
NOTE	278	39.980000	0.150000	0.000000
NOTE	279	40.151428	0.150000	0.000000
NOTE	280	40.322857	0.150000	0.000000
NOTE	281	40.494286	0.850000	0.000000
NOTE	282	40.665714	0.850000	0.000000
NOTE	283	40.837143	0.850000	0.000000
NOTE	284	41.008572	0.850000	0.000000
NOTE	285	41.180000	0.350000	0.000000
NOTE	286	41.351429	0.650000	0.000000
NOTE	287	41.437141	0.500000	0.000000
NOTE	288	41.522858	0.600000	0.000000
NOTE	289	41.608570	0.450000	0.000000
NOTE	290	41.694286	0.550000	0.000000
NOTE	291	41.779999	0.400000	0.000000
NOTE	292	41.865715	0.200000	0.000000
NOTE	293	42.037144	0.200000	0.000000
NOTE	294	42.208572	0.200000	0.000000
NOTE	295	42.294285	0.300000	0.000000
NOTE	296	42.380001	0.400000	0.000000
NOTE	297	42.465714	0.500000	0.000000
NOTE	298	42.551430	0.650000	0.000000
NOTE	299	42.722858	0.500000	0.000000
NOTE	300	42.808571	0.650000	0.000000
NOTE	301	42.894287	0.550000	0.000000
NOTE	302	42.980000	0.700000	0.000000
NOTE	303	43.065716	0.600000	0.000000
NOTE	304	43.151428	0.500000	0.000000
NOTE	305	43.237144	0.850000	0.000000
NOTE	306	43.408573	0.850000	0.000000
NOTE	307	43.580002	0.150000	0.000000
NOTE	308	43.580002	0.850000	0.000000
NOTE	309	43.922855	0.250000	0.000000
NOTE	310	43.922855	0.750000	0.000000
NOTE	311	44.265713	0.250000	0.000000
NOTE	312	44.265713	0.750000	0.000000
NOTE	313	44.608570	0.150000	0.000000
NOTE	314	44.608570	0.850000	0.000000
NOTE	315	44.951427	0.150000	0.000000
NOTE	316	44.951427	0.850000	0.000000
NOTE	317	45.294285	0.250000	0.000000
NOTE	318	45.294285	0.750000	0.000000
NOTE	319	45.465714	0.650000	0.171429
NOTE	320	45.637142	0.350000	0.000000
NOTE	321	45.980000	0.500000	0.000000
NOTE	322	46.237144	0.500000	0.000000
NOTE	323	46.494286	0.500000	0.000000
NOTE	324	46.665714	0.200000	0.000000
NOTE	325	46.665714	0.800000	0.600000
NOTE	326	47.351429	0.200000	0.514285
NOTE	327	47.865715	0.700000	0.000000
NOTE	328	48.037144	0.400000	0.000000
NOTE	329	48.208572	0.600000	0.000000
NOTE	330	48.380001	0.400000	0.000000
NOTE	331	48.551430	0.600000	0.000000
NOTE	332	48.722858	0.400000	0.000000
NOTE	333	48.894287	0.600000	0.000000
NOTE	334	49.065716	0.400000	0.000000
NOTE	335	49.237144	0.600000	0.000000
NOTE	336	49.408573	0.300000	0.000000
NOTE	337	49.580002	0.700000	0.000000
NOTE	338	49.751427	0.800000	0.000000
NOTE	339	49.922855	0.900000	0.000000
NOTE	340	50.094284	0.600000	0.000000
NOTE	341	50.265713	0.500000	0.000000
NOTE	342	50.437141	0.400000	0.000000
NOTE	343	50.608570	0.500000	0.000000
NOTE	344	50.779999	0.300000	0.000000
NOTE	345	50.951427	0.200000	0.000000
NOTE	346	51.122856	0.100000	0.000000
NOTE	347	51.294285	0.200000	0.000000
NOTE	348	51.465714	0.350000	0.342858
NOTE	349	52.151428	0.500000	0.000000
NOTE	350	52.322857	0.700000	0.000000
NOTE	351	52.494286	0.500000	0.000000
NOTE	352	52.665714	0.700000	0.000000
NOTE	353	52.837143	0.500000	0.000000
NOTE	354	53.008572	0.300000	0.000000
NOTE	355	53.180000	0.500000	0.000000
NOTE	356	53.351429	0.300000	0.000000
NOTE	357	53.522858	0.600000	0.000000
NOTE	358	53.694286	0.800000	0.000000
NOTE	359	53.865715	0.700000	0.000000
NOTE	360	54.037144	0.600000	0.000000
NOTE	361	54.208572	0.400000	0.000000
NOTE	362	54.380001	0.200000	0.000000
NOTE	363	54.551430	0.300000	0.000000
NOTE	364	54.722858	0.400000	0.000000
NOTE	365	54.894287	0.200000	0.000000
NOTE	366	54.894287	0.800000	0.000000
NOTE	367	55.065716	0.400000	0.000000
NOTE	368	55.151428	0.700000	0.000000
NOTE	369	55.237144	0.300000	0.000000
NOTE	370	55.322857	0.600000	0.000000
NOTE	371	55.408573	0.400000	0.000000
NOTE	372	55.494286	0.700000	0.000000
NOTE	373	55.580002	0.300000	0.000000
NOTE	374	55.751427	0.100000	0.000000
NOTE	375	55.751427	0.900000	0.000000
NOTE	376	55.922855	0.100000	0.000000
NOTE	377	55.922855	0.900000	0.000000
NOTE	378	56.094284	0.100000	0.000000
NOTE	379	56.094284	0.900000	0.000000
NOTE	380	56.265713	0.200000	0.000000
NOTE	381	56.265713	0.800000	0.000000
NOTE	382	56.437141	0.700000	0.000000
NOTE	383	56.522858	0.400000	0.000000
NOTE	384	56.608570	0.600000	0.000000
NOTE	385	56.694286	0.300000	0.000000
NOTE	386	56.779999	0.700000	0.000000
NOTE	387	56.865715	0.400000	0.000000
NOTE	388	56.951427	0.800000	0.000000
NOTE	389	57.122856	0.100000	0.000000
NOTE	390	57.122856	0.900000	0.000000
NOTE	391	57.294285	0.100000	0.000000
NOTE	392	57.294285	0.900000	0.000000
NOTE	393	57.465714	0.100000	0.000000
NOTE	394	57.465714	0.900000	0.000000
NOTE	395	57.637142	0.300000	0.000000
NOTE	396	57.980000	0.300000	0.000000
NOTE	397	58.237144	0.200000	0.000000
NOTE	398	58.322857	0.600000	0.000000
NOTE	399	58.494286	0.400000	0.000000
NOTE	400	58.665714	0.600000	0.000000
NOTE	401	58.837143	0.400000	0.000000
NOTE	402	59.008572	0.500000	0.000000
NOTE	403	59.351429	0.500000	0.000000
NOTE	404	59.694286	0.350000	0.000000
NOTE	405	59.694286	0.650000	0.000000
NOTE	406	60.037144	0.350000	0.000000
NOTE	407	60.037144	0.650000	0.000000
NOTE	408	60.380001	0.100000	0.599999
NOTE	409	60.380001	0.900000	0.000000
NOTE	410	60.551430	0.800000	0.000000
NOTE	411	60.722858	0.900000	0.000000
NOTE	412	60.894287	0.800000	0.000000
NOTE	413	61.065716	0.250000	0.428570
NOTE	414	61.065716	0.650000	0.000000
NOTE	415	61.237144	0.550000	0.000000
NOTE	416	61.408573	0.650000	0.000000
NOTE	417	61.580002	0.550000	0.000000
NOTE	418	61.580002	0.300000	0.000000
NOTE	419	61.665714	0.200000	0.000000
NOTE	420	61.751427	0.100000	0.600002
NOTE	421	61.751427	0.900000	0.000000
NOTE	422	61.922855	0.800000	0.000000
NOTE	423	62.094284	0.900000	0.000000
NOTE	424	62.265713	0.800000	0.000000
NOTE	425	62.437141	0.250000	0.428573
NOTE	426	62.437141	0.650000	0.000000
NOTE	427	62.608570	0.550000	0.000000
NOTE	428	62.779999	0.650000	0.000000
NOTE	429	62.951427	0.550000	0.000000
NOTE	430	62.951427	0.350000	0.000000
NOTE	431	63.037144	0.250000	0.000000
NOTE	432	63.122856	0.150000	0.600001
NOTE	433	63.122856	0.800000	0.000000
NOTE	434	63.294285	0.900000	0.000000
NOTE	435	63.465714	0.800000	0.000000
NOTE	436	63.637142	0.900000	0.000000
NOTE	437	63.808571	0.300000	0.600001
NOTE	438	63.808571	0.550000	0.000000
NOTE	439	63.980000	0.650000	0.000000
NOTE	440	64.151428	0.550000	0.000000
NOTE	441	64.322861	0.650000	0.000000
NOTE	442	64.494286	0.200000	0.600000
NOTE	443	64.494286	0.800000	0.000000
NOTE	444	64.665710	0.900000	0.000000
NOTE	445	64.837143	0.800000	0.000000
NOTE	446	65.008568	0.900000	0.000000
NOTE	447	65.180000	0.350000	0.600000
NOTE	448	65.180000	0.550000	0.000000
NOTE	449	65.351425	0.650000	0.000000
NOTE	450	65.522858	0.550000	0.000000
NOTE	451	65.694283	0.650000	0.000000
NOTE	452	65.865715	0.800000	0.599999
NOTE	453	65.865715	0.100000	0.000000
NOTE	454	66.037140	0.200000	0.000000
NOTE	455	66.208572	0.100000	0.000000
NOTE	456	66.379997	0.200000	0.000000
NOTE	457	66.551430	0.650000	0.428570
NOTE	458	66.551430	0.350000	0.000000
NOTE	459	66.722855	0.450000	0.000000
NOTE	460	66.894287	0.350000	0.000000
NOTE	461	67.065712	0.450000	0.000000
NOTE	462	67.065712	0.600000	0.000000
NOTE	463	67.151428	0.700000	0.000000
NOTE	464	67.237144	0.800000	0.599998
NOTE	465	67.237144	0.100000	0.000000
NOTE	466	67.408569	0.200000	0.000000
NOTE	467	67.580002	0.100000	0.000000
NOTE	468	67.751427	0.200000	0.000000
NOTE	469	67.922859	0.650000	0.428569
NOTE	470	67.922859	0.350000	0.000000
NOTE	471	68.094284	0.450000	0.000000
NOTE	472	68.265717	0.350000	0.000000
NOTE	473	68.437141	0.450000	0.000000
NOTE	474	68.437141	0.650000	0.000000
NOTE	475	68.522858	0.750000	0.000000
NOTE	476	68.608574	0.850000	0.599997
NOTE	477	68.608574	0.200000	0.000000
NOTE	478	68.779999	0.100000	0.000000
NOTE	479	68.951431	0.200000	0.000000
NOTE	480	69.122856	0.100000	0.000000
NOTE	481	69.294289	0.700000	0.599997
NOTE	482	69.294289	0.450000	0.000000
NOTE	483	69.465714	0.350000	0.000000
NOTE	484	69.637146	0.450000	0.000000
NOTE	485	69.808571	0.350000	0.000000
NOTE	486	69.980003	0.900000	0.599997
NOTE	487	69.980003	0.200000	0.000000
NOTE	488	70.151428	0.100000	0.000000
NOTE	489	70.322861	0.200000	0.000000
NOTE	490	70.494286	0.100000	0.000000
NOTE	491	70.665710	0.750000	0.600004
NOTE	492	70.665710	0.450000	0.000000
NOTE	493	70.837143	0.350000	0.000000
NOTE	494	71.008568	0.450000	0.000000
NOTE	495	71.180000	0.350000	0.000000
NOTE	496	71.351425	0.100000	0.600003
NOTE	497	71.351425	0.600000	0.000000
NOTE	498	71.522858	0.700000	0.000000
NOTE	499	71.694283	0.600000	0.000000
NOTE	500	71.865715	0.700000	0.000000
NOTE	501	72.037140	0.250000	0.428574
NOTE	502	72.037140	0.900000	0.000000
NOTE	503	72.208572	0.800000	0.000000
NOTE	504	72.379997	0.900000	0.000000
NOTE	505	72.551430	0.800000	0.000000
NOTE	506	72.551430	0.300000	0.000000
NOTE	507	72.637146	0.200000	0.000000
NOTE	508	72.722855	0.100000	0.600003
NOTE	509	72.722855	0.600000	0.000000
NOTE	510	72.894287	0.700000	0.000000
NOTE	511	73.065712	0.600000	0.000000
NOTE	512	73.237144	0.700000	0.000000
NOTE	513	73.408569	0.250000	0.428573
NOTE	514	73.408569	0.900000	0.000000
NOTE	515	73.580002	0.800000	0.000000
NOTE	516	73.751427	0.900000	0.000000
NOTE	517	73.922859	0.800000	0.000000
NOTE	518	73.922859	0.350000	0.000000
NOTE	519	74.008568	0.250000	0.000000
NOTE	520	74.094284	0.150000	0.600002
NOTE	521	74.094284	0.600000	0.000000
NOTE	522	74.265717	0.700000	0.000000
NOTE	523	74.437141	0.600000	0.000000
NOTE	524	74.608574	0.700000	0.000000
NOTE	525	74.779999	0.400000	0.600001
NOTE	526	74.779999	0.900000	0.000000
NOTE	527	74.951431	0.800000	0.000000
NOTE	528	75.122856	0.900000	0.000000
NOTE	529	75.294289	0.800000	0.000000
NOTE	530	75.465714	0.600000	0.600001
NOTE	531	75.465714	0.200000	0.000000
NOTE	532	75.637146	0.100000	0.000000
NOTE	533	75.808571	0.200000	0.000000
NOTE	534	75.980003	0.100000	0.000000
NOTE	535	76.151428	0.850000	0.600000
NOTE	536	76.151428	0.300000	0.000000
NOTE	537	76.322861	0.400000	0.000000
NOTE	538	76.494286	0.300000	0.000000
NOTE	539	76.665710	0.400000	0.000000
NOTE	540	76.837143	0.500000	0.600000
NOTE	541	76.837143	0.650000	0.000000
NOTE	542	77.008568	0.650000	0.000000
NOTE	543	77.180000	0.650000	0.000000
NOTE	544	77.351425	0.650000	0.000000
NOTE	545	77.522858	0.350000	0.000000
NOTE	546	77.694283	0.350000	0.000000
NOTE	547	77.865715	0.350000	0.000000
NOTE	548	78.037140	0.350000	0.000000
NOTE	549	78.208572	0.500000	0.000000
NOTE	550	78.551430	0.500000	0.000000
NOTE	551	78.894287	0.200000	0.000000
NOTE	552	79.065712	0.800000	0.000000
NOTE	553	79.237144	0.350000	0.000000
NOTE	554	79.279999	0.450000	0.000000
NOTE	555	79.322861	0.550000	0.000000
NOTE	556	79.365715	0.650000	0.000000
NOTE	557	79.408569	0.200000	0.000000
NOTE	558	79.408569	0.750000	0.000000
NOTE	559	79.451431	0.850000	0.000000
NOTE	560	79.580002	0.100000	0.000000
NOTE	561	79.580002	0.900000	0.000000
NOTE	562	79.751427	0.100000	0.000000
NOTE	563	79.751427	0.900000	0.000000
NOTE	564	79.922859	0.100000	0.000000
NOTE	565	79.922859	0.900000	0.000000
NOTE	566	80.094284	0.900000	0.000000
NOTE	567	80.180000	0.800000	0.000000
NOTE	568	80.265717	0.300000	0.000000
NOTE	569	80.265717	0.700000	0.000000
NOTE	570	80.437141	0.300000	0.000000
NOTE	571	80.437141	0.700000	0.000000
NOTE	572	80.608574	0.300000	0.000000
NOTE	573	80.608574	0.700000	0.000000
NOTE	574	80.779999	0.300000	0.000000
NOTE	575	80.865715	0.400000	0.000000
NOTE	576	80.951431	0.200000	0.000000
NOTE	577	80.951431	0.600000	0.000000
NOTE	578	81.122856	0.100000	0.000000
NOTE	579	81.122856	0.600000	0.000000
NOTE	580	81.294289	0.100000	0.000000
NOTE	581	81.294289	0.600000	0.000000
NOTE	582	81.465714	0.200000	0.000000
NOTE	583	81.465714	0.600000	0.000000
NOTE	584	81.637146	0.400000	0.000000
NOTE	585	81.637146	0.800000	0.000000
NOTE	586	81.808571	0.400000	0.000000
NOTE	587	81.808571	0.900000	0.000000
NOTE	588	81.980003	0.400000	0.000000
NOTE	589	81.980003	0.900000	0.000000
NOTE	590	82.151428	0.400000	0.000000
NOTE	591	82.151428	0.800000	0.000000
NOTE	592	82.322861	0.700000	0.000000
NOTE	593	82.408569	0.200000	0.000000
NOTE	594	82.494286	0.600000	0.000000
NOTE	595	82.580002	0.100000	0.000000
NOTE	596	82.665710	0.700000	0.000000
NOTE	597	82.751427	0.200000	0.000000
NOTE	598	82.837143	0.600000	0.000000
NOTE	599	82.922859	0.100000	0.000000
NOTE	600	83.008568	0.800000	0.000000
NOTE	601	83.094284	0.300000	0.000000
NOTE	602	83.180000	0.900000	0.000000
NOTE	603	83.265717	0.400000	0.000000
NOTE	604	83.351425	0.800000	0.000000
NOTE	605	83.437141	0.300000	0.000000
NOTE	606	83.522858	0.900000	0.000000
NOTE	607	83.608574	0.400000	0.000000
NOTE	608	83.694283	0.700000	0.000000
NOTE	609	83.779999	0.600000	0.000000
NOTE	610	83.865715	0.500000	0.000000
NOTE	611	83.951431	0.600000	0.000000
NOTE	612	84.037140	0.400000	0.000000
NOTE	613	84.122856	0.500000	0.000000
NOTE	614	84.208572	0.400000	0.000000
NOTE	615	84.294289	0.300000	0.000000
NOTE	616	84.379997	0.600000	0.000000
NOTE	617	84.551430	0.700000	0.000000
NOTE	618	84.722855	0.200000	0.000000
NOTE	619	84.722855	0.800000	0.000000
NOTE	620	84.894287	0.300000	0.000000
NOTE	621	85.065712	0.100000	0.000000
NOTE	622	85.065712	0.900000	0.000000
NOTE	623	85.237144	0.100000	0.000000
NOTE	624	85.237144	0.900000	0.000000
NOTE	625	85.408569	0.100000	0.000000
NOTE	626	85.408569	0.900000	0.000000
NOTE	627	85.580002	0.100000	0.000000
NOTE	628	85.665710	0.900000	0.000000
NOTE	629	85.751427	0.250000	0.000000
NOTE	630	85.751427	0.750000	0.000000
NOTE	631	85.922859	0.250000	0.000000
NOTE	632	85.922859	0.750000	0.000000
NOTE	633	86.094284	0.250000	0.000000
NOTE	634	86.094284	0.750000	0.000000
NOTE	635	86.265717	0.750000	0.000000
NOTE	636	86.351425	0.250000	0.000000
NOTE	637	86.437141	0.350000	0.000000
NOTE	638	86.437141	0.850000	0.000000
NOTE	639	86.608574	0.450000	0.000000
NOTE	640	86.608574	0.850000	0.000000
NOTE	641	86.779999	0.350000	0.000000
NOTE	642	86.779999	0.850000	0.000000
NOTE	643	86.951431	0.250000	0.000000
NOTE	644	86.951431	0.850000	0.000000
NOTE	645	87.122856	0.150000	0.000000
NOTE	646	87.122856	0.650000	0.000000
NOTE	647	87.294289	0.150000	0.000000
NOTE	648	87.294289	0.550000	0.000000
NOTE	649	87.465714	0.150000	0.000000
NOTE	650	87.465714	0.650000	0.000000
NOTE	651	87.637146	0.150000	0.000000
NOTE	652	87.637146	0.750000	0.000000
NOTE	653	87.808571	0.800000	0.000000
NOTE	654	87.894287	0.400000	0.000000
NOTE	655	87.980003	0.900000	0.000000
NOTE	656	88.065712	0.300000	0.000000
NOTE	657	88.151428	0.800000	0.000000
NOTE	658	88.237144	0.400000	0.000000
NOTE	659	88.322861	0.900000	0.000000
NOTE	660	88.408569	0.300000	0.000000
NOTE	661	88.494286	0.700000	0.000000
NOTE	662	88.580002	0.100000	0.000000
NOTE	663	88.665710	0.600000	0.000000
NOTE	664	88.751427	0.200000	0.000000
NOTE	665	88.837143	0.700000	0.000000
NOTE	666	88.922859	0.100000	0.000000
NOTE	667	89.008568	0.600000	0.000000
NOTE	668	89.094284	0.200000	0.000000
NOTE	669	89.180000	0.500000	0.000000
NOTE	670	89.351425	0.500000	0.000000
NOTE	671	89.522858	0.500000	0.000000
NOTE	672	89.694283	0.500000	0.000000
NOTE	673	89.865715	0.400000	0.000000
NOTE	674	89.865715	0.800000	0.000000
NOTE	675	89.908569	0.900000	0.000000
NOTE	676	90.037140	0.600000	0.000000
NOTE	677	90.037140	0.200000	0.000000
NOTE	678	90.080002	0.100000	0.000000
NOTE	679	90.208572	0.400000	0.000000
NOTE	680	90.208572	0.800000	0.000000
NOTE	681	90.251427	0.900000	0.000000
NOTE	682	90.379997	0.600000	0.000000
NOTE	683	90.379997	0.200000	0.000000
NOTE	684	90.422859	0.100000	0.000000
NOTE	685	90.551430	0.300000	0.000000
NOTE	686	90.551430	0.700000	0.000000
NOTE	687	90.722855	0.300000	0.000000
NOTE	688	90.722855	0.700000	0.000000
NOTE	689	90.894287	0.300000	0.000000
NOTE	690	90.894287	0.700000	0.000000
NOTE	691	91.065712	0.700000	0.000000
NOTE	692	91.151428	0.800000	0.000000
NOTE	693	91.237144	0.100000	0.000000
NOTE	694	91.237144	0.900000	0.000000
NOTE	695	91.408569	0.100000	0.000000
NOTE	696	91.408569	0.900000	0.000000
NOTE	697	91.580002	0.100000	0.000000
NOTE	698	91.580002	0.900000	0.000000
NOTE	699	91.751427	0.100000	0.000000
NOTE	700	91.837143	0.200000	0.000000
NOTE	701	91.922859	0.300000	0.000000
NOTE	702	91.922859	0.700000	0.000000
NOTE	703	92.094284	0.300000	0.000000
NOTE	704	92.094284	0.700000	0.000000
NOTE	705	92.265717	0.400000	0.000000
NOTE	706	92.265717	0.600000	0.000000
NOTE	707	92.437141	0.400000	0.000000
NOTE	708	92.437141	0.600000	0.000000
NOTE	709	92.608574	0.200000	0.000000
NOTE	710	92.608574	0.800000	0.000000
NOTE	711	92.779999	0.200000	0.000000
NOTE	712	92.779999	0.800000	0.000000
NOTE	713	92.951431	0.100000	0.000000
NOTE	714	92.951431	0.900000	0.000000
NOTE	715	93.122856	0.100000	0.000000
NOTE	716	93.122856	0.900000	0.000000
NOTE	717	93.294289	0.700000	0.000000
NOTE	718	93.379997	0.300000	0.000000
NOTE	719	93.465714	0.600000	0.000000
NOTE	720	93.551430	0.400000	0.000000
NOTE	721	93.637146	0.700000	0.000000
NOTE	722	93.722855	0.300000	0.000000
NOTE	723	93.808571	0.600000	0.000000
NOTE	724	93.894287	0.400000	0.000000
NOTE	725	93.980003	0.800000	0.000000
NOTE	726	94.065712	0.200000	0.000000
NOTE	727	94.151428	0.900000	0.000000
NOTE	728	94.237144	0.100000	0.000000
NOTE	729	94.322861	0.800000	0.000000
NOTE	730	94.408569	0.200000	0.000000
NOTE	731	94.494286	0.900000	0.000000
NOTE	732	94.580002	0.100000	0.000000
NOTE	733	94.665710	0.300000	0.000000
NOTE	734	94.751427	0.400000	0.000000
NOTE	735	94.837143	0.500000	0.000000
NOTE	736	94.922859	0.400000	0.000000
NOTE	737	95.008568	0.600000	0.000000
NOTE	738	95.094284	0.500000	0.000000
NOTE	739	95.180000	0.600000	0.000000
NOTE	740	95.265717	0.700000	0.000000
NOTE	741	95.351425	0.400000	0.000000
NOTE	742	95.522858	0.300000	0.000000
NOTE	743	95.694283	0.200000	0.000000
NOTE	744	95.694283	0.800000	0.000000
NOTE	745	95.865715	0.700000	0.000000
NOTE	746	96.037140	0.100000	0.000000
NOTE	747	96.037140	0.900000	0.000000
NOTE	748	96.208572	0.100000	0.000000
NOTE	749	96.208572	0.900000	0.000000
NOTE	750	96.379997	0.100000	0.000000
NOTE	751	96.379997	0.900000	0.000000
NOTE	752	96.551430	0.900000	0.000000
NOTE	753	96.637146	0.100000	0.000000
NOTE	754	96.722855	0.250000	0.000000
NOTE	755	96.722855	0.750000	0.000000
NOTE	756	96.894287	0.250000	0.000000
NOTE	757	96.894287	0.750000	0.000000
NOTE	758	97.065712	0.250000	0.000000
NOTE	759	97.065712	0.750000	0.000000
NOTE	760	97.237144	0.250000	0.000000
NOTE	761	97.322861	0.750000	0.000000
NOTE	762	97.408569	0.400000	0.000000
NOTE	763	97.408569	0.600000	0.000000
NOTE	764	97.580002	0.300000	0.000000
NOTE	765	97.580002	0.700000	0.000000
NOTE	766	97.751427	0.300000	0.000000
NOTE	767	97.751427	0.700000	0.000000
NOTE	768	97.922859	0.400000	0.000000
NOTE	769	97.922859	0.600000	0.000000
NOTE	770	98.094284	0.200000	0.000000
NOTE	771	98.094284	0.800000	0.000000
NOTE	772	98.265717	0.100000	0.000000
NOTE	773	98.265717	0.900000	0.000000
NOTE	774	98.437141	0.100000	0.000000
NOTE	775	98.437141	0.900000	0.000000
NOTE	776	98.608574	0.200000	0.000000
NOTE	777	98.608574	0.800000	0.000000
NOTE	778	98.779999	0.500000	0.000000
NOTE	779	98.865715	0.600000	0.000000
NOTE	780	98.951431	0.700000	0.000000
NOTE	781	99.037140	0.600000	0.000000
NOTE	782	99.122856	0.500000	0.000000
NOTE	783	99.208572	0.600000	0.000000
NOTE	784	99.294289	0.700000	0.000000
NOTE	785	99.379997	0.600000	0.000000
NOTE	786	99.465714	0.500000	0.000000
NOTE	787	99.551430	0.400000	0.000000
NOTE	788	99.637146	0.300000	0.000000
NOTE	789	99.722855	0.400000	0.000000
NOTE	790	99.808571	0.500000	0.000000
NOTE	791	99.894287	0.400000	0.000000
NOTE	792	99.980003	0.300000	0.000000
NOTE	793	100.065712	0.400000	0.000000
NOTE	794	100.151428	0.550000	0.000000
NOTE	795	100.194283	0.660000	0.000000
NOTE	796	100.237144	0.740000	0.000000
NOTE	797	100.279999	0.800000	0.000000
NOTE	798	100.322861	0.840000	0.000000
NOTE	799	100.365715	0.870000	0.000000
NOTE	800	100.408569	0.890000	0.000000
NOTE	801	100.451431	0.900000	0.000000
NOTE	802	100.494286	0.890000	0.000000
NOTE	803	100.537140	0.870000	0.000000
NOTE	804	100.580002	0.840000	0.000000
NOTE	805	100.622856	0.800000	0.000000
NOTE	806	100.665710	0.740000	0.000000
NOTE	807	100.708572	0.660000	0.000000
NOTE	808	100.751427	0.550000	0.000000
NOTE	809	100.837143	0.450000	0.000000
NOTE	810	100.879997	0.340000	0.000000
NOTE	811	100.922859	0.260000	0.000000
NOTE	812	100.965714	0.200000	0.000000
NOTE	813	101.008568	0.160000	0.000000
NOTE	814	101.051430	0.130000	0.000000
NOTE	815	101.094284	0.110000	0.000000
NOTE	816	101.137146	0.100000	0.000000
NOTE	817	101.180000	0.110000	0.000000
NOTE	818	101.222855	0.130000	0.000000
NOTE	819	101.265717	0.160000	0.000000
NOTE	820	101.308571	0.200000	0.000000
NOTE	821	101.351425	0.260000	0.000000
NOTE	822	101.394287	0.340000	0.000000
NOTE	823	101.437141	0.450000	0.000000
NOTE	824	101.522858	0.800000	0.085714
NOTE	825	101.694283	0.800000	0.000000
NOTE	826	101.779999	0.700000	0.000000
NOTE	827	101.865715	0.600000	0.000000
NOTE	828	101.951431	0.500000	0.000000
NOTE	829	102.037140	0.400000	0.085717
NOTE	830	102.208572	0.300000	0.000000
NOTE	831	102.294289	0.200000	0.000000
NOTE	832	102.379997	0.100000	0.000000
NOTE	833	102.465714	0.200000	0.000000
NOTE	834	102.551430	0.300000	0.085713
NOTE	835	102.722855	0.600000	0.085717
NOTE	836	102.894287	0.200000	0.000000
NOTE	837	102.894287	0.800000	0.000000
NOTE	838	103.065712	0.900000	0.000000
NOTE	839	103.237144	0.800000	0.000000
NOTE	840	103.408569	0.700000	0.000000
NOTE	841	103.580002	0.350000	0.000000
NOTE	842	103.751427	0.650000	0.000000
NOTE	843	103.922859	0.350000	0.000000
NOTE	844	103.922859	0.650000	0.000000
NOTE	845	104.008568	0.550000	0.000000
NOTE	846	104.094284	0.450000	0.000000
NOTE	847	104.180000	0.350000	0.000000
NOTE	848	104.265717	0.200000	0.000000
NOTE	849	104.265717	0.800000	0.000000
NOTE	850	104.437141	0.100000	0.000000
NOTE	851	104.608574	0.200000	0.000000
NOTE	852	104.779999	0.300000	0.000000
NOTE	853	104.951431	0.650000	0.000000
NOTE	854	105.122856	0.350000	0.000000
NOTE	855	105.294289	0.650000	0.000000
NOTE	856	105.294289	0.350000	0.000000
NOTE	857	105.379997	0.450000	0.000000
NOTE	858	105.465714	0.550000	0.000000
NOTE	859	105.551430	0.650000	0.000000
NOTE	860	105.637146	0.200000	0.000000
NOTE	861	105.637146	0.800000	0.000000
NOTE	862	105.808571	0.900000	0.000000
NOTE	863	105.980003	0.800000	0.000000
NOTE	864	106.151428	0.900000	0.000000
NOTE	865	106.322861	0.200000	0.000000
NOTE	866	106.322861	0.800000	0.000000
NOTE	867	106.494286	0.100000	0.000000
NOTE	868	106.665710	0.200000	0.000000
NOTE	869	106.837143	0.100000	0.000000
NOTE	870	107.008568	0.300000	0.000000
NOTE	871	107.008568	0.700000	0.000000
NOTE	872	107.094284	0.600000	0.000000
NOTE	873	107.180000	0.500000	0.000000
NOTE	874	107.265717	0.400000	0.000000
NOTE	875	107.351425	0.700000	0.000000
NOTE	876	107.351425	0.300000	0.000000
NOTE	877	107.437141	0.400000	0.000000
NOTE	878	107.522858	0.500000	0.000000
NOTE	879	107.608574	0.600000	0.000000
NOTE	880	107.694283	0.200000	0.000000
NOTE	881	107.694283	0.700000	0.000000
NOTE	882	107.779999	0.800000	0.000000
NOTE	883	107.865715	0.700000	0.000000
NOTE	884	107.951431	0.600000	0.000000
NOTE	885	108.037140	0.800000	0.000000
NOTE	886	108.037140	0.300000	0.000000
NOTE	887	108.122856	0.200000	0.000000
NOTE	888	108.208572	0.300000	0.000000
NOTE	889	108.294289	0.400000	0.000000
NOTE	890	108.379997	0.100000	0.000000
NOTE	891	108.379997	0.900000	0.000000
NOTE	892	108.551430	0.700000	0.000000
NOTE	893	108.722855	0.500000	0.000000
NOTE	894	108.894287	0.300000	0.000000
NOTE	895	109.065712	0.100000	0.000000
NOTE	896	109.237144	0.900000	0.000000
NOTE	897	109.408569	0.100000	0.000000
NOTE	898	109.408569	0.800000	0.000000
NOTE	899	109.494286	0.700000	0.000000
NOTE	900	109.580002	0.600000	0.000000
NOTE	901	109.665710	0.500000	0.000000
NOTE	902	109.751427	0.100000	0.000000
NOTE	903	109.751427	0.900000	0.000000
NOTE	904	109.922859	0.300000	0.000000
NOTE	905	110.094284	0.500000	0.000000
NOTE	906	110.265717	0.700000	0.000000
NOTE	907	110.437141	0.900000	0.000000
NOTE	908	110.608574	0.100000	0.000000
NOTE	909	110.779999	0.900000	0.000000
NOTE	910	110.779999	0.200000	0.000000
NOTE	911	110.865715	0.300000	0.000000
NOTE	912	110.951431	0.400000	0.000000
NOTE	913	111.037140	0.500000	0.000000
NOTE	914	111.122856	0.100000	0.000000
NOTE	915	111.122856	0.900000	0.000000
NOTE	916	111.294289	0.800000	0.000000
NOTE	917	111.465714	0.700000	0.000000
NOTE	918	111.637146	0.600000	0.000000
NOTE	919	111.808571	0.100000	0.000000
NOTE	920	111.808571	0.900000	0.000000
NOTE	921	111.980003	0.200000	0.000000
NOTE	922	112.151428	0.300000	0.000000
NOTE	923	112.322861	0.400000	0.000000
NOTE	924	112.494286	0.500000	0.000000
NOTE	925	112.580002	0.600000	0.000000
NOTE	926	112.665710	0.700000	0.000000
NOTE	927	112.751427	0.800000	0.000000
NOTE	928	112.837143	0.900000	0.000000
NOTE	929	112.922859	0.800000	0.000000
NOTE	930	113.008568	0.700000	0.000000
NOTE	931	113.094284	0.600000	0.000000
NOTE	932	113.180000	0.500000	0.000000
NOTE	933	113.265717	0.400000	0.000000
NOTE	934	113.351425	0.300000	0.000000
NOTE	935	113.437141	0.200000	0.000000
NOTE	936	113.522858	0.100000	0.000000
NOTE	937	113.608574	0.200000	0.000000
NOTE	938	113.694283	0.300000	0.000000
NOTE	939	113.779999	0.400000	0.000000
NOTE	940	113.865715	0.550000	0.000000
NOTE	941	113.890205	0.650000	0.000000
NOTE	942	113.914696	0.750000	0.000000
LINK 72 73 75 76 
LINK 84 85 86 87 88 89 
LINK 93 94 95 96 
LINK 99 100 101 102 103 104 
LINK 130 131 132 133 
LINK 142 143 144 145 
LINK 157 158 159 160 
LINK 162 163 164 165 
LINK 167 168 169 170 
LINK 172 173 174 175 
LINK 184 185 186 187 
LINK 196 197 198 199 
LINK 210 211 212 213 
LINK 214 215 216 217 
LINK 218 219 
LINK 221 222 223 224 
LINK 234 235 237 
LINK 239 240 242 
LINK 244 245 247 
LINK 249 250 252 
LINK 254 255 257 258 260 261 263 264 
LINK 266 267 269 270 272 273 275 276 
LINK 286 287 288 289 290 291 
LINK 294 295 296 297 
LINK 299 300 301 302 303 304 
LINK 418 419 
LINK 430 431 
LINK 462 463 
LINK 474 475 
LINK 506 507 
LINK 518 519 
LINK 553 554 555 556 558 559 
LINK 566 567 
LINK 574 575 
LINK 608 609 610 611 
LINK 612 613 614 615 
LINK 674 675 
LINK 677 678 
LINK 680 681 
LINK 683 684 
LINK 691 692 
LINK 699 700 
LINK 733 734 735 736 
LINK 737 738 739 740 
LINK 778 779 780 781 
LINK 782 783 784 785 
LINK 786 787 788 789 
LINK 790 791 792 793 
LINK 794 795 796 797 798 799 800 801 802 803 804 805 806 807 808 
LINK 809 810 811 812 813 814 815 816 817 818 819 820 821 822 823 
LINK 825 826 827 828 
LINK 830 831 832 833 
LINK 844 845 846 847 
LINK 856 857 858 859 
LINK 871 872 873 874 
LINK 876 877 878 879 
LINK 881 882 883 884 
LINK 886 887 888 889 
LINK 898 899 900 901 
LINK 910 911 912 913 
LINK 924 925 926 927 928 929 930 931 
LINK 932 933 934 935 936 937 938 939 
LINK 940 941 942 
