VERSION 2
BPM 140.000000
PAGE_SHIFT 1.644000
PAGE_SIZE 0.857143
NOTE	0	1.430714	0.600000	0.000000
NOTE	1	1.537857	0.350000	0.000000
NOTE	2	1.645000	0.650000	0.000000
NOTE	3	1.752143	0.400000	0.000000
NOTE	4	1.859286	0.200000	0.000000
NOTE	5	1.859286	0.800000	0.000000
NOTE	6	2.502143	0.650000	0.000000
NOTE	7	3.145000	0.500000	0.000000
NOTE	8	3.573571	0.200000	0.000000
NOTE	9	3.573571	0.800000	0.000000
NOTE	10	4.216429	0.350000	0.000000
NOTE	11	4.859286	0.500000	0.000000
NOTE	12	5.287857	0.200000	0.000000
NOTE	13	5.287857	0.800000	0.000000
NOTE	14	5.930714	0.400000	0.000000
NOTE	15	6.573571	0.600000	0.000000
NOTE	16	7.002143	0.200000	0.000000
NOTE	17	7.002143	0.800000	0.000000
NOTE	18	7.216429	0.900000	0.000000
NOTE	19	7.430714	0.800000	0.000000
NOTE	20	7.645000	0.900000	0.000000
NOTE	21	8.287857	0.650000	0.000000
NOTE	22	8.395000	0.400000	0.000000
NOTE	23	8.502143	0.600000	0.000000
NOTE	24	8.609285	0.350000	0.000000
NOTE	25	8.716429	0.200000	0.000000
NOTE	26	8.716429	0.800000	0.000000
NOTE	27	9.145000	0.200000	0.000000
NOTE	28	9.359285	0.800000	0.000000
NOTE	29	9.573571	0.350000	0.000000
NOTE	30	10.002143	0.350000	0.000000
NOTE	31	10.002143	0.650000	0.000000
NOTE	32	10.430715	0.200000	0.000000
NOTE	33	10.430715	0.800000	0.000000
NOTE	34	10.859285	0.800000	0.000000
NOTE	35	11.073571	0.200000	0.000000
NOTE	36	11.287857	0.650000	0.000000
NOTE	37	11.716429	0.350000	0.000000
NOTE	38	11.716429	0.650000	0.000000
NOTE	39	12.145000	0.200000	0.000000
NOTE	40	12.145000	0.800000	0.000000
NOTE	41	12.573571	0.200000	0.000000
NOTE	42	12.787857	0.800000	0.000000
NOTE	43	13.002143	0.650000	0.000000
NOTE	44	13.430715	0.350000	0.000000
NOTE	45	13.430715	0.650000	0.000000
NOTE	46	13.859285	0.100000	0.000000
NOTE	47	13.966429	0.900000	0.000000
NOTE	48	14.073571	0.100000	0.000000
NOTE	49	14.180715	0.800000	0.000000
NOTE	50	14.287857	0.100000	0.000000
NOTE	51	14.395000	0.900000	0.000000
NOTE	52	14.502143	0.100000	0.000000
NOTE	53	14.609285	0.800000	0.000000
NOTE	54	14.716429	0.650000	0.000000
NOTE	55	14.770000	0.500000	0.000000
NOTE	56	14.823571	0.380000	0.000000
NOTE	57	14.877143	0.350000	0.000000
NOTE	58	14.930715	0.360000	0.000000
NOTE	59	14.984285	0.440000	0.000000
NOTE	60	15.037857	0.520000	0.000000
NOTE	61	15.091429	0.600000	0.000000
NOTE	62	15.145000	0.650000	0.000000
NOTE	63	15.252143	0.600000	0.000000
NOTE	64	15.359285	0.500000	0.000000
NOTE	65	15.466429	0.350000	0.000000
NOTE	66	15.573571	0.200000	0.000000
NOTE	67	15.573571	0.650000	0.000000
NOTE	68	15.787857	0.750000	0.000000
NOTE	69	16.002142	0.650000	0.000000
NOTE	70	16.216429	0.100000	0.000000
NOTE	71	16.216429	0.750000	0.000000
NOTE	72	16.323572	0.700000	0.000000
NOTE	73	16.537857	0.900000	0.000000
NOTE	74	16.859285	0.300000	0.000000
NOTE	75	16.859285	0.900000	0.000000
NOTE	76	16.966429	0.850000	0.000000
NOTE	77	17.287857	0.200000	0.000000
NOTE	78	17.287857	0.650000	0.000000
NOTE	79	17.502142	0.750000	0.000000
NOTE	80	17.716429	0.650000	0.000000
NOTE	81	17.930714	0.100000	0.000000
NOTE	82	17.930714	0.750000	0.000000
NOTE	83	18.037857	0.700000	0.000000
NOTE	84	18.252142	0.900000	0.000000
NOTE	85	18.573572	0.300000	0.000000
NOTE	86	18.573572	0.900000	0.000000
NOTE	87	18.680714	0.850000	0.000000
NOTE	88	18.787857	0.900000	0.000000
NOTE	89	18.895000	0.850000	0.000000
NOTE	90	19.002142	0.200000	0.000000
NOTE	91	19.002142	0.650000	0.000000
NOTE	92	19.216429	0.750000	0.000000
NOTE	93	19.430714	0.650000	0.000000
NOTE	94	19.645000	0.100000	0.000000
NOTE	95	19.645000	0.750000	0.000000
NOTE	96	19.752142	0.700000	0.000000
NOTE	97	19.966429	0.900000	0.000000
NOTE	98	20.287857	0.300000	0.000000
NOTE	99	20.287857	0.900000	0.000000
NOTE	100	20.395000	0.850000	0.000000
NOTE	101	20.502142	0.900000	0.000000
NOTE	102	20.609285	0.850000	0.000000
NOTE	103	20.716429	0.200000	0.000000
NOTE	104	20.716429	0.650000	0.000000
NOTE	105	20.930714	0.750000	0.000000
NOTE	106	21.145000	0.650000	0.000000
NOTE	107	21.359285	0.100000	0.000000
NOTE	108	21.359285	0.750000	0.000000
NOTE	109	21.466429	0.800000	0.000000
NOTE	110	21.680714	0.500000	0.000000
NOTE	111	22.002142	0.350000	0.000000
NOTE	112	22.109285	0.450000	0.000000
NOTE	113	22.216429	0.550000	0.000000
NOTE	114	22.323572	0.650000	0.000000
NOTE	115	22.430714	0.800000	0.000000
NOTE	116	22.430714	0.350000	0.000000
NOTE	117	22.645000	0.250000	0.000000
NOTE	118	22.859285	0.350000	0.000000
NOTE	119	23.073572	0.900000	0.000000
NOTE	120	23.073572	0.250000	0.000000
NOTE	121	23.180714	0.300000	0.000000
NOTE	122	23.395000	0.100000	0.000000
NOTE	123	23.716429	0.700000	0.000000
NOTE	124	23.716429	0.100000	0.000000
NOTE	125	23.823572	0.150000	0.000000
NOTE	126	24.145000	0.800000	0.000000
NOTE	127	24.145000	0.350000	0.000000
NOTE	128	24.359285	0.250000	0.000000
NOTE	129	24.573572	0.350000	0.000000
NOTE	130	24.787857	0.900000	0.000000
NOTE	131	24.787857	0.250000	0.000000
NOTE	132	24.895000	0.300000	0.000000
NOTE	133	25.109285	0.100000	0.000000
NOTE	134	25.430714	0.700000	0.000000
NOTE	135	25.430714	0.100000	0.000000
NOTE	136	25.537857	0.150000	0.000000
NOTE	137	25.645000	0.100000	0.000000
NOTE	138	25.752142	0.150000	0.000000
NOTE	139	25.859285	0.800000	0.000000
NOTE	140	25.859285	0.350000	0.000000
NOTE	141	26.073572	0.250000	0.000000
NOTE	142	26.287857	0.350000	0.000000
NOTE	143	26.502142	0.900000	0.000000
NOTE	144	26.502142	0.250000	0.000000
NOTE	145	26.609285	0.300000	0.000000
NOTE	146	26.823572	0.100000	0.000000
NOTE	147	27.145000	0.700000	0.000000
NOTE	148	27.145000	0.100000	0.000000
NOTE	149	27.252142	0.150000	0.000000
NOTE	150	27.359285	0.100000	0.000000
NOTE	151	27.466429	0.150000	0.000000
NOTE	152	27.573572	0.800000	0.000000
NOTE	153	27.573572	0.350000	0.000000
NOTE	154	27.787857	0.250000	0.000000
NOTE	155	28.002142	0.350000	0.000000
NOTE	156	28.216429	0.250000	0.000000
NOTE	157	28.323572	0.200000	0.000000
NOTE	158	28.537857	0.100000	0.000000
NOTE	159	28.859285	0.600000	0.000000
NOTE	160	28.966429	0.400000	0.000000
NOTE	161	29.073572	0.600000	0.000000
NOTE	162	29.180714	0.400000	0.000000
NOTE	163	29.287857	0.250000	0.000000
NOTE	164	29.287857	0.750000	0.000000
NOTE	165	29.502142	0.150000	0.000000
NOTE	166	29.502142	0.850000	0.000000
NOTE	167	29.930714	0.250000	0.000000
NOTE	168	29.930714	0.750000	0.000000
NOTE	169	30.359285	0.400000	0.000000
NOTE	170	30.359285	0.600000	0.000000
NOTE	171	30.573572	0.400000	0.000000
NOTE	172	30.573572	0.600000	0.000000
NOTE	173	30.787857	0.300000	0.000000
NOTE	174	30.787857	0.700000	0.000000
NOTE	175	31.002142	0.200000	0.000000
NOTE	176	31.002142	0.800000	0.000000
NOTE	177	31.216429	0.100000	0.000000
NOTE	178	31.216429	0.900000	0.000000
NOTE	179	31.645000	0.200000	0.000000
NOTE	180	31.645000	0.800000	0.000000
NOTE	181	32.073570	0.350000	0.000000
NOTE	182	32.073570	0.650000	0.000000
NOTE	183	32.287857	0.350000	0.000000
NOTE	184	32.287857	0.650000	0.000000
NOTE	185	32.502144	0.250000	0.000000
NOTE	186	32.502144	0.750000	0.000000
NOTE	187	32.716427	0.150000	0.000000
NOTE	188	32.716427	0.850000	0.000000
NOTE	189	32.930714	0.050000	0.000000
NOTE	190	32.930714	0.950000	0.000000
NOTE	191	33.359287	0.150000	0.000000
NOTE	192	33.359287	0.850000	0.000000
NOTE	193	33.787857	0.300000	0.000000
NOTE	194	33.787857	0.700000	0.000000
NOTE	195	34.216427	0.400000	0.000000
NOTE	196	34.216427	0.600000	0.000000
NOTE	197	34.430714	0.200000	0.000000
NOTE	198	34.430714	0.900000	0.000000
NOTE	199	34.645000	0.100000	0.000000
NOTE	200	34.645000	0.800000	0.000000
NOTE	201	34.859287	0.200000	0.000000
NOTE	202	34.859287	0.900000	0.000000
NOTE	203	35.073570	0.100000	0.000000
NOTE	204	35.073570	0.800000	0.000000
NOTE	205	35.502144	0.500000	0.000000
NOTE	206	35.716427	0.650000	0.000000
NOTE	207	35.823570	0.550000	0.000000
NOTE	208	35.930714	0.450000	0.000000
NOTE	209	36.037857	0.350000	0.000000
NOTE	210	36.145000	0.200000	0.000000
NOTE	211	36.145000	0.800000	0.000000
NOTE	212	36.359287	0.100000	0.000000
NOTE	213	36.359287	0.900000	0.000000
NOTE	214	36.787857	0.200000	0.000000
NOTE	215	36.787857	0.800000	0.000000
NOTE	216	37.216427	0.400000	0.000000
NOTE	217	37.216427	0.550000	0.000000
NOTE	218	37.430714	0.450000	0.000000
NOTE	219	37.430714	0.600000	0.000000
NOTE	220	37.645000	0.350000	0.000000
NOTE	221	37.645000	0.650000	0.000000
NOTE	222	37.859287	0.200000	0.000000
NOTE	223	37.859287	0.800000	0.000000
NOTE	224	38.073570	0.100000	0.000000
NOTE	225	38.073570	0.900000	0.000000
NOTE	226	38.502144	0.200000	0.000000
NOTE	227	38.502144	0.800000	0.000000
NOTE	228	38.930714	0.450000	0.000000
NOTE	229	38.930714	0.600000	0.000000
NOTE	230	39.145000	0.400000	0.000000
NOTE	231	39.145000	0.550000	0.000000
NOTE	232	39.359287	0.350000	0.000000
NOTE	233	39.359287	0.650000	0.000000
NOTE	234	39.573570	0.200000	0.000000
NOTE	235	39.573570	0.800000	0.000000
NOTE	236	39.787857	0.100000	0.000000
NOTE	237	39.787857	0.900000	0.000000
NOTE	238	40.216427	0.200000	0.000000
NOTE	239	40.216427	0.800000	0.000000
NOTE	240	40.645000	0.350000	0.000000
NOTE	241	40.645000	0.550000	0.000000
NOTE	242	41.073570	0.450000	0.000000
NOTE	243	41.073570	0.650000	0.000000
NOTE	244	41.287857	0.200000	0.000000
NOTE	245	41.287857	0.900000	0.000000
NOTE	246	41.502144	0.100000	0.000000
NOTE	247	41.502144	0.800000	0.000000
NOTE	248	41.716427	0.200000	0.000000
NOTE	249	41.716427	0.900000	0.000000
NOTE	250	41.930714	0.100000	0.000000
NOTE	251	41.930714	0.800000	0.000000
NOTE	252	42.145000	0.300000	0.000000
NOTE	253	42.145000	0.700000	0.000000
NOTE	254	42.359287	0.500000	0.000000
NOTE	255	42.573570	0.650000	0.000000
NOTE	256	42.573570	0.350000	0.000000
NOTE	257	42.627144	0.320000	0.000000
NOTE	258	42.680714	0.380000	0.000000
NOTE	259	42.734287	0.400000	0.000000
NOTE	260	42.787857	0.360000	0.000000
NOTE	261	42.841427	0.290000	0.000000
NOTE	262	42.895000	0.200000	0.000000
NOTE	263	43.002144	0.100000	0.749999
NOTE	264	43.859287	0.300000	0.000000
NOTE	265	43.859287	0.800000	0.214284
NOTE	266	44.180714	0.900000	0.000000
NOTE	267	44.180714	0.400000	0.214286
NOTE	268	44.502144	0.300000	0.000000
NOTE	269	44.502144	0.800000	0.107142
NOTE	270	44.716427	0.700000	0.000000
NOTE	271	44.716427	0.200000	0.214287
NOTE	272	45.037857	0.100000	0.000000
NOTE	273	45.037857	0.600000	0.214286
NOTE	274	45.359287	0.700000	0.000000
NOTE	275	45.359287	0.200000	0.107141
NOTE	276	45.573570	0.350000	0.000000
NOTE	277	45.573570	0.800000	0.321430
NOTE	278	46.002144	0.650000	0.000000
NOTE	279	46.002144	0.200000	0.321428
NOTE	280	46.430714	0.500000	0.750001
NOTE	281	46.430714	0.800000	0.000000
NOTE	282	46.537857	0.800000	0.000000
NOTE	283	46.645000	0.350000	0.000000
NOTE	284	46.752144	0.350000	0.000000
NOTE	285	46.859287	0.800000	0.000000
NOTE	286	46.966427	0.800000	0.000000
NOTE	287	47.073570	0.350000	0.000000
NOTE	288	47.180714	0.350000	0.000000
NOTE	289	47.287857	0.650000	0.000000
NOTE	290	47.395000	0.650000	0.000000
NOTE	291	47.502144	0.200000	0.000000
NOTE	292	47.609287	0.200000	0.000000
NOTE	293	47.716427	0.650000	0.000000
NOTE	294	47.823570	0.650000	0.000000
NOTE	295	47.930714	0.200000	0.000000
NOTE	296	48.037857	0.200000	0.000000
NOTE	297	48.145000	0.900000	0.000000
NOTE	298	48.252144	0.900000	0.000000
NOTE	299	48.359287	0.100000	0.000000
NOTE	300	48.466427	0.100000	0.000000
NOTE	301	48.573570	0.900000	0.000000
NOTE	302	48.680714	0.900000	0.000000
NOTE	303	48.787857	0.100000	0.000000
NOTE	304	48.895000	0.100000	0.000000
NOTE	305	49.002144	0.600000	0.000000
NOTE	306	49.109287	0.600000	0.000000
NOTE	307	49.216427	0.400000	0.000000
NOTE	308	49.323570	0.400000	0.000000
NOTE	309	49.430714	0.500000	0.000000
NOTE	310	49.537857	0.600000	0.000000
NOTE	311	49.645000	0.700000	0.000000
NOTE	312	49.752144	0.800000	0.000000
NOTE	313	49.859287	0.100000	0.000000
NOTE	314	49.859287	0.900000	0.749998
NOTE	315	50.716427	0.650000	0.000000
NOTE	316	50.716427	0.350000	0.214287
NOTE	317	51.037857	0.350000	0.000000
NOTE	318	51.037857	0.650000	0.214286
NOTE	319	51.359287	0.650000	0.000000
NOTE	320	51.359287	0.350000	0.107141
NOTE	321	51.573570	0.200000	0.000000
NOTE	322	51.573570	0.800000	0.535715
NOTE	323	52.216427	0.200000	0.000000
NOTE	324	52.216427	0.800000	0.000000
NOTE	325	52.859287	0.600000	0.000000
NOTE	326	52.859287	0.400000	0.321427
NOTE	327	53.287857	0.500000	0.750000
NOTE	328	53.287857	0.200000	0.000000
NOTE	329	53.395000	0.200000	0.000000
NOTE	330	53.502144	0.900000	0.000000
NOTE	331	53.609287	0.900000	0.000000
NOTE	332	53.716427	0.100000	0.000000
NOTE	333	53.823570	0.100000	0.000000
NOTE	334	53.930714	0.800000	0.000000
NOTE	335	54.037857	0.800000	0.000000
NOTE	336	54.145000	0.400000	0.000000
NOTE	337	54.252144	0.400000	0.000000
NOTE	338	54.359287	0.700000	0.000000
NOTE	339	54.466427	0.700000	0.000000
NOTE	340	54.573570	0.300000	0.000000
NOTE	341	54.680714	0.300000	0.000000
NOTE	342	54.787857	0.600000	0.000000
NOTE	343	54.895000	0.600000	0.000000
NOTE	344	55.002144	0.200000	0.000000
NOTE	345	55.109287	0.200000	0.000000
NOTE	346	55.216427	0.800000	0.000000
NOTE	347	55.323570	0.800000	0.000000
NOTE	348	55.430714	0.200000	0.000000
NOTE	349	55.537857	0.200000	0.000000
NOTE	350	55.645000	0.800000	0.000000
NOTE	351	55.752144	0.800000	0.000000
NOTE	352	55.859287	0.400000	0.000000
NOTE	353	56.073570	0.600000	0.000000
NOTE	354	56.287857	0.400000	0.000000
NOTE	355	56.287857	0.600000	0.000000
NOTE	356	56.395000	0.400000	0.000000
NOTE	357	56.395000	0.600000	0.000000
NOTE	358	56.502144	0.400000	0.000000
NOTE	359	56.502144	0.600000	0.000000
NOTE	360	56.609287	0.400000	0.000000
NOTE	361	56.609287	0.600000	0.000000
NOTE	362	56.716427	0.250000	0.000000
NOTE	363	56.716427	0.750000	0.000000
NOTE	364	56.787857	0.250000	0.000000
NOTE	365	56.787857	0.750000	0.000000
NOTE	366	56.859287	0.240000	0.000000
NOTE	367	56.859287	0.760000	0.000000
NOTE	368	56.930714	0.220000	0.000000
NOTE	369	56.930714	0.780000	0.000000
NOTE	370	57.002144	0.190000	0.000000
NOTE	371	57.002144	0.810000	0.000000
NOTE	372	57.073570	0.150000	0.000000
NOTE	373	57.073570	0.850000	0.000000
NOTE	374	57.145000	0.100000	0.000000
NOTE	375	57.145000	0.900000	0.000000
NOTE	376	57.216427	0.080000	0.000000
NOTE	377	57.216427	0.920000	0.000000
NOTE	378	57.287857	0.110000	0.000000
NOTE	379	57.287857	0.890000	0.000000
NOTE	380	57.359287	0.170000	0.000000
NOTE	381	57.359287	0.830000	0.000000
NOTE	382	57.430714	0.250000	0.000000
NOTE	383	57.430714	0.750000	0.000000
NOTE	384	57.573570	0.400000	0.000000
NOTE	385	57.787857	0.400000	0.000000
NOTE	386	57.787857	0.600000	0.000000
NOTE	387	58.002144	0.500000	0.000000
NOTE	388	58.216427	0.400000	0.000000
NOTE	389	58.216427	0.600000	0.000000
NOTE	390	58.430714	0.250000	0.000000
NOTE	391	58.430714	0.850000	0.000000
NOTE	392	58.752144	0.150000	0.000000
NOTE	393	58.752144	0.750000	0.000000
NOTE	394	59.073570	0.250000	0.000000
NOTE	395	59.073570	0.850000	0.000000
NOTE	396	59.287857	0.600000	0.000000
NOTE	397	59.430714	0.650000	0.000000
NOTE	398	59.573570	0.600000	0.000000
NOTE	399	59.716427	0.400000	0.000000
NOTE	400	59.859287	0.350000	0.000000
NOTE	401	60.002144	0.400000	0.000000
NOTE	402	60.145000	0.250000	0.000000
NOTE	403	60.145000	0.750000	0.000000
NOTE	404	60.216427	0.250000	0.000000
NOTE	405	60.216427	0.750000	0.000000
NOTE	406	60.287857	0.240000	0.000000
NOTE	407	60.287857	0.760000	0.000000
NOTE	408	60.359287	0.220000	0.000000
NOTE	409	60.359287	0.780000	0.000000
NOTE	410	60.430714	0.190000	0.000000
NOTE	411	60.430714	0.810000	0.000000
NOTE	412	60.502144	0.150000	0.000000
NOTE	413	60.502144	0.850000	0.000000
NOTE	414	60.573570	0.100000	0.000000
NOTE	415	60.573570	0.900000	0.000000
NOTE	416	60.645000	0.080000	0.000000
NOTE	417	60.645000	0.920000	0.000000
NOTE	418	60.716427	0.110000	0.000000
NOTE	419	60.716427	0.890000	0.000000
NOTE	420	60.787857	0.170000	0.000000
NOTE	421	60.787857	0.830000	0.000000
NOTE	422	60.859287	0.250000	0.000000
NOTE	423	60.859287	0.750000	0.000000
NOTE	424	61.002144	0.600000	0.000000
NOTE	425	61.216427	0.400000	0.000000
NOTE	426	61.216427	0.600000	0.000000
NOTE	427	61.430714	0.500000	0.000000
NOTE	428	61.645000	0.400000	0.000000
NOTE	429	61.645000	0.600000	0.000000
NOTE	430	61.859287	0.150000	0.000000
NOTE	431	61.859287	0.750000	0.000000
NOTE	432	62.180714	0.250000	0.000000
NOTE	433	62.180714	0.850000	0.000000
NOTE	434	62.502144	0.150000	0.000000
NOTE	435	62.502144	0.750000	0.000000
NOTE	436	62.716427	0.350000	0.000000
NOTE	437	62.770000	0.500000	0.000000
NOTE	438	62.823570	0.600000	0.000000
NOTE	439	62.877144	0.650000	0.000000
NOTE	440	62.930714	0.600000	0.000000
NOTE	441	62.984287	0.500000	0.000000
NOTE	442	63.037857	0.350000	0.000000
NOTE	443	63.145000	0.400000	0.000000
NOTE	444	63.145000	0.600000	0.000000
NOTE	445	63.252144	0.400000	0.000000
NOTE	446	63.252144	0.600000	0.000000
NOTE	447	63.359287	0.400000	0.000000
NOTE	448	63.359287	0.600000	0.000000
NOTE	449	63.466427	0.400000	0.000000
NOTE	450	63.466427	0.600000	0.000000
NOTE	451	63.573570	0.250000	0.000000
NOTE	452	63.573570	0.750000	0.000000
NOTE	453	63.645000	0.250000	0.000000
NOTE	454	63.645000	0.750000	0.000000
NOTE	455	63.716427	0.240000	0.000000
NOTE	456	63.716427	0.760000	0.000000
NOTE	457	63.787857	0.220000	0.000000
NOTE	458	63.787857	0.780000	0.000000
NOTE	459	63.859287	0.190000	0.000000
NOTE	460	63.859287	0.810000	0.000000
NOTE	461	63.930714	0.150000	0.000000
NOTE	462	63.930714	0.850000	0.000000
NOTE	463	64.002144	0.100000	0.000000
NOTE	464	64.002144	0.900000	0.000000
NOTE	465	64.073570	0.080000	0.000000
NOTE	466	64.073570	0.920000	0.000000
NOTE	467	64.144997	0.110000	0.000000
NOTE	468	64.144997	0.890000	0.000000
NOTE	469	64.216431	0.170000	0.000000
NOTE	470	64.216431	0.830000	0.000000
NOTE	471	64.287857	0.250000	0.000000
NOTE	472	64.287857	0.750000	0.000000
NOTE	473	64.430717	0.400000	0.000000
NOTE	474	64.644997	0.400000	0.000000
NOTE	475	64.644997	0.600000	0.000000
NOTE	476	64.859283	0.500000	0.000000
NOTE	477	65.073570	0.400000	0.000000
NOTE	478	65.073570	0.600000	0.000000
NOTE	479	65.287857	0.250000	0.000000
NOTE	480	65.287857	0.750000	0.000000
NOTE	481	65.609283	0.150000	0.000000
NOTE	482	65.609283	0.850000	0.000000
NOTE	483	65.930717	0.250000	0.000000
NOTE	484	65.930717	0.750000	0.000000
NOTE	485	66.144997	0.400000	0.000000
NOTE	486	66.287857	0.350000	0.000000
NOTE	487	66.430717	0.400000	0.000000
NOTE	488	66.573570	0.600000	0.000000
NOTE	489	66.716431	0.650000	0.000000
NOTE	490	66.859283	0.600000	0.000000
NOTE	491	67.002144	0.250000	0.000000
NOTE	492	67.002144	0.750000	0.000000
NOTE	493	67.073570	0.250000	0.000000
NOTE	494	67.073570	0.750000	0.000000
NOTE	495	67.144997	0.240000	0.000000
NOTE	496	67.144997	0.760000	0.000000
NOTE	497	67.216431	0.220000	0.000000
NOTE	498	67.216431	0.780000	0.000000
NOTE	499	67.287857	0.190000	0.000000
NOTE	500	67.287857	0.810000	0.000000
NOTE	501	67.359283	0.150000	0.000000
NOTE	502	67.359283	0.850000	0.000000
NOTE	503	67.430717	0.100000	0.000000
NOTE	504	67.430717	0.900000	0.000000
NOTE	505	67.502144	0.080000	0.000000
NOTE	506	67.502144	0.920000	0.000000
NOTE	507	67.573570	0.110000	0.000000
NOTE	508	67.573570	0.890000	0.000000
NOTE	509	67.644997	0.170000	0.000000
NOTE	510	67.644997	0.830000	0.000000
NOTE	511	67.716431	0.250000	0.000000
NOTE	512	67.716431	0.750000	0.000000
NOTE	513	67.859283	0.600000	0.000000
NOTE	514	68.073570	0.400000	0.000000
NOTE	515	68.073570	0.600000	0.000000
NOTE	516	68.287857	0.500000	0.000000
NOTE	517	68.502144	0.400000	0.000000
NOTE	518	68.502144	0.600000	0.000000
NOTE	519	68.716431	0.150000	0.000000
NOTE	520	68.716431	0.850000	0.000000
NOTE	521	69.037857	0.250000	0.000000
NOTE	522	69.037857	0.750000	0.000000
NOTE	523	69.359283	0.150000	0.000000
NOTE	524	69.359283	0.850000	0.000000
NOTE	525	69.573570	0.550000	0.000000
NOTE	526	69.680717	0.550000	0.000000
NOTE	527	69.787857	0.550000	0.000000
NOTE	528	69.894997	0.550000	0.000000
NOTE	529	70.002144	0.450000	0.000000
NOTE	530	70.109283	0.450000	0.000000
NOTE	531	70.216431	0.450000	0.000000
NOTE	532	70.323570	0.450000	0.000000
NOTE	533	70.430717	0.600000	0.000000
NOTE	534	70.537857	0.700000	0.000000
NOTE	535	70.644997	0.800000	0.000000
NOTE	536	70.752144	0.900000	0.000000
NOTE	537	71.073570	0.800000	0.000000
NOTE	538	71.502144	0.200000	0.000000
NOTE	539	71.716431	0.100000	0.000000
NOTE	540	71.930717	0.200000	0.000000
NOTE	541	72.144997	0.300000	0.000000
NOTE	542	72.144997	0.700000	0.000000
NOTE	543	72.466431	0.400000	0.000000
NOTE	544	72.466431	0.600000	0.000000
NOTE	545	72.787857	0.300000	0.000000
NOTE	546	72.787857	0.700000	0.000000
NOTE	547	73.216431	0.200000	0.000000
NOTE	548	73.216431	0.800000	0.000000
NOTE	549	73.644997	0.100000	0.000000
NOTE	550	73.644997	0.900000	0.000000
NOTE	551	73.859283	0.700000	0.000000
NOTE	552	73.966431	0.300000	0.000000
NOTE	553	74.073570	0.600000	0.000000
NOTE	554	74.180717	0.400000	0.000000
NOTE	555	74.287857	0.600000	0.000000
NOTE	556	74.394997	0.400000	0.000000
NOTE	557	74.502144	0.700000	0.000000
NOTE	558	74.609283	0.300000	0.000000
NOTE	559	74.716431	0.800000	0.000000
NOTE	560	74.823570	0.200000	0.000000
NOTE	561	74.930717	0.900000	0.000000
NOTE	562	75.037857	0.100000	0.000000
NOTE	563	75.144997	0.900000	0.000000
NOTE	564	75.252144	0.100000	0.000000
NOTE	565	75.359283	0.800000	0.000000
NOTE	566	75.466431	0.200000	0.000000
NOTE	567	75.573570	0.700000	0.000000
NOTE	568	75.680717	0.300000	0.000000
NOTE	569	75.787857	0.600000	0.000000
NOTE	570	75.894997	0.400000	0.000000
NOTE	571	76.002144	0.700000	0.000000
NOTE	572	76.109283	0.300000	0.000000
NOTE	573	76.216431	0.600000	0.000000
NOTE	574	76.323570	0.400000	0.000000
NOTE	575	76.430717	0.800000	0.000000
NOTE	576	76.537857	0.200000	0.000000
NOTE	577	76.644997	0.900000	0.000000
NOTE	578	76.752144	0.100000	0.000000
NOTE	579	76.859283	0.800000	0.000000
NOTE	580	76.966431	0.200000	0.000000
NOTE	581	77.073570	0.900000	0.000000
NOTE	582	77.180717	0.100000	0.000000
NOTE	583	77.287857	0.650000	0.000000
NOTE	584	77.394997	0.550000	0.000000
NOTE	585	77.502144	0.450000	0.000000
NOTE	586	77.609283	0.350000	0.000000
NOTE	587	77.930717	0.400000	0.000000
NOTE	588	78.359283	0.600000	0.000000
NOTE	589	78.573570	0.700000	0.000000
NOTE	590	78.787857	0.600000	0.000000
NOTE	591	79.002144	0.100000	0.000000
NOTE	592	79.002144	0.900000	0.000000
NOTE	593	79.323570	0.200000	0.000000
NOTE	594	79.323570	0.800000	0.000000
NOTE	595	79.644997	0.100000	0.000000
NOTE	596	79.644997	0.900000	0.000000
NOTE	597	80.073570	0.300000	0.000000
NOTE	598	80.073570	0.700000	0.000000
NOTE	599	80.502144	0.400000	0.000000
NOTE	600	80.502144	0.600000	0.000000
NOTE	601	80.716431	0.100000	0.000000
NOTE	602	80.823570	0.900000	0.000000
NOTE	603	80.930717	0.200000	0.000000
NOTE	604	81.037857	0.900000	0.000000
NOTE	605	81.144997	0.100000	0.000000
NOTE	606	81.252144	0.900000	0.000000
NOTE	607	81.359283	0.200000	0.000000
NOTE	608	81.466431	0.900000	0.000000
NOTE	609	81.573570	0.400000	0.000000
NOTE	610	81.680717	0.600000	0.000000
NOTE	611	81.787857	0.400000	0.000000
NOTE	612	81.894997	0.700000	0.000000
NOTE	613	82.002144	0.400000	0.000000
NOTE	614	82.109283	0.600000	0.000000
NOTE	615	82.216431	0.400000	0.000000
NOTE	616	82.323570	0.700000	0.000000
NOTE	617	82.430717	0.150000	0.000000
NOTE	618	82.430717	0.900000	0.000000
NOTE	619	82.537857	0.950000	0.000000
NOTE	620	82.644997	0.900000	0.000000
NOTE	621	82.752144	0.150000	0.000000
NOTE	622	82.752144	0.850000	0.000000
NOTE	623	82.859283	0.900000	0.000000
NOTE	624	82.966431	0.850000	0.000000
NOTE	625	83.073570	0.150000	0.000000
NOTE	626	83.073570	0.900000	0.000000
NOTE	627	83.180717	0.950000	0.000000
NOTE	628	83.287857	0.600000	0.000000
NOTE	629	83.394997	0.300000	0.000000
NOTE	630	83.394997	0.650000	0.000000
NOTE	631	83.502144	0.600000	0.000000
NOTE	632	83.609283	0.550000	0.000000
NOTE	633	83.716431	0.300000	0.000000
NOTE	634	83.716431	0.650000	0.000000
NOTE	635	83.823570	0.550000	0.000000
NOTE	636	83.930717	0.450000	0.000000
NOTE	637	84.037857	0.350000	0.000000
NOTE	638	84.144997	0.200000	0.750003
NOTE	639	84.144997	0.800000	0.000000
NOTE	640	84.787857	0.800000	0.000000
NOTE	641	85.430717	0.600000	0.000000
NOTE	642	85.859283	0.350000	0.750002
NOTE	643	85.859283	0.800000	0.000000
NOTE	644	86.502144	0.800000	0.000000
NOTE	645	87.144997	0.600000	0.000000
NOTE	646	87.573570	0.500000	0.750001
NOTE	647	87.573570	0.800000	0.000000
NOTE	648	88.216431	0.800000	0.000000
NOTE	649	88.859283	0.400000	0.000000
NOTE	650	89.287857	0.750000	0.000000
NOTE	651	89.287857	0.300000	0.000000
NOTE	652	89.502144	0.200000	0.000000
NOTE	653	89.609283	0.750000	0.000000
NOTE	654	89.716431	0.300000	0.000000
NOTE	655	89.930717	0.200000	0.000000
NOTE	656	89.930717	0.750000	0.000000
NOTE	657	90.252144	0.600000	0.000000
NOTE	658	90.573570	0.400000	0.000000
NOTE	659	90.680717	0.600000	0.000000
NOTE	660	90.787857	0.400000	0.000000
NOTE	661	90.894997	0.600000	0.000000
NOTE	662	91.002144	0.200000	0.000000
NOTE	663	91.002144	0.800000	0.000000
NOTE	664	91.430717	0.800000	0.000000
NOTE	665	91.644997	0.200000	0.000000
NOTE	666	91.859283	0.650000	0.000000
NOTE	667	92.287857	0.350000	0.000000
NOTE	668	92.287857	0.650000	0.000000
NOTE	669	92.716431	0.200000	0.000000
NOTE	670	92.716431	0.800000	0.000000
NOTE	671	93.144997	0.200000	0.000000
NOTE	672	93.359283	0.800000	0.000000
NOTE	673	93.573570	0.350000	0.000000
NOTE	674	94.002144	0.350000	0.000000
NOTE	675	94.002144	0.650000	0.000000
NOTE	676	94.430717	0.200000	0.000000
NOTE	677	94.430717	0.800000	0.000000
NOTE	678	94.859283	0.800000	0.000000
NOTE	679	95.073570	0.200000	0.000000
NOTE	680	95.287857	0.350000	0.000000
NOTE	681	95.716431	0.350000	0.000000
NOTE	682	95.716431	0.650000	0.000000
NOTE	683	96.144997	0.900000	0.000000
NOTE	684	96.359283	0.900000	0.000000
NOTE	685	96.573570	0.900000	0.000000
NOTE	686	96.787857	0.900000	0.000000
NOTE	687	97.002144	0.650000	0.000000
NOTE	688	97.055717	0.500000	0.000000
NOTE	689	97.109283	0.380000	0.000000
NOTE	690	97.162857	0.350000	0.000000
NOTE	691	97.216431	0.360000	0.000000
NOTE	692	97.269997	0.440000	0.000000
NOTE	693	97.323570	0.520000	0.000000
NOTE	694	97.377144	0.600000	0.000000
NOTE	695	97.430717	0.650000	0.000000
NOTE	696	97.537857	0.600000	0.000000
NOTE	697	97.644997	0.500000	0.000000
NOTE	698	97.752144	0.350000	0.000000
NOTE	699	97.859283	0.200000	0.000000
NOTE	700	97.859283	0.800000	0.000000
NOTE	701	98.073570	0.100000	0.000000
NOTE	702	98.073570	0.900000	0.000000
NOTE	703	98.502144	0.200000	0.000000
NOTE	704	98.502144	0.800000	0.000000
NOTE	705	98.930717	0.400000	0.000000
NOTE	706	98.930717	0.600000	0.000000
NOTE	707	99.144997	0.300000	0.000000
NOTE	708	99.144997	0.700000	0.000000
NOTE	709	99.359283	0.400000	0.000000
NOTE	710	99.359283	0.600000	0.000000
NOTE	711	99.573570	0.200000	0.000000
NOTE	712	99.573570	0.800000	0.000000
NOTE	713	99.787857	0.100000	0.000000
NOTE	714	99.787857	0.900000	0.000000
NOTE	715	100.216431	0.200000	0.000000
NOTE	716	100.216431	0.800000	0.000000
NOTE	717	100.644997	0.300000	0.000000
NOTE	718	100.644997	0.700000	0.000000
NOTE	719	100.859283	0.400000	0.000000
NOTE	720	100.859283	0.600000	0.000000
NOTE	721	101.073570	0.300000	0.000000
NOTE	722	101.073570	0.700000	0.000000
NOTE	723	101.287857	0.200000	0.000000
NOTE	724	101.287857	0.800000	0.000000
NOTE	725	101.502144	0.100000	0.000000
NOTE	726	101.502144	0.900000	0.000000
NOTE	727	101.930717	0.200000	0.000000
NOTE	728	101.930717	0.800000	0.000000
NOTE	729	102.359283	0.400000	0.000000
NOTE	730	102.359283	0.600000	0.000000
NOTE	731	102.787857	0.400000	0.000000
NOTE	732	102.787857	0.600000	0.000000
NOTE	733	103.002144	0.100000	0.000000
NOTE	734	103.002144	0.800000	0.000000
NOTE	735	103.216431	0.200000	0.000000
NOTE	736	103.216431	0.900000	0.000000
NOTE	737	103.430717	0.100000	0.000000
NOTE	738	103.430717	0.800000	0.000000
NOTE	739	103.644997	0.200000	0.000000
NOTE	740	103.644997	0.900000	0.000000
NOTE	741	104.073570	0.350000	0.000000
NOTE	742	104.073570	0.650000	0.000000
NOTE	743	104.287857	0.350000	0.000000
NOTE	744	104.394997	0.450000	0.000000
NOTE	745	104.502144	0.550000	0.000000
NOTE	746	104.609283	0.650000	0.000000
NOTE	747	104.716431	0.100000	0.000000
NOTE	748	104.716431	0.900000	0.000000
NOTE	749	104.930717	0.200000	0.000000
NOTE	750	104.930717	0.800000	0.000000
NOTE	751	105.359283	0.100000	0.000000
NOTE	752	105.359283	0.900000	0.000000
NOTE	753	105.787857	0.550000	0.000000
NOTE	754	106.002144	0.450000	0.000000
NOTE	755	106.430717	0.100000	0.000000
NOTE	756	106.537857	0.600000	0.000000
NOTE	757	106.644997	0.200000	0.000000
NOTE	758	106.752144	0.700000	0.000000
NOTE	759	106.859283	0.100000	0.000000
NOTE	760	106.966431	0.600000	0.000000
NOTE	761	107.073570	0.200000	0.000000
NOTE	762	107.180717	0.700000	0.000000
NOTE	763	107.287857	0.400000	0.000000
NOTE	764	107.394997	0.900000	0.000000
NOTE	765	107.502144	0.300000	0.000000
NOTE	766	107.609283	0.800000	0.000000
NOTE	767	107.716431	0.400000	0.000000
NOTE	768	107.823570	0.900000	0.000000
NOTE	769	107.930717	0.300000	0.000000
NOTE	770	108.037857	0.800000	0.000000
NOTE	771	108.144997	0.200000	0.000000
NOTE	772	108.144997	0.650000	0.000000
NOTE	773	108.252144	0.700000	0.000000
NOTE	774	108.359283	0.650000	0.000000
NOTE	775	108.466431	0.200000	0.000000
NOTE	776	108.466431	0.600000	0.000000
NOTE	777	108.573570	0.650000	0.000000
NOTE	778	108.680717	0.600000	0.000000
NOTE	779	108.787857	0.200000	0.000000
NOTE	780	108.787857	0.650000	0.000000
NOTE	781	108.894997	0.700000	0.000000
NOTE	782	109.002144	0.850000	0.000000
NOTE	783	109.109283	0.400000	0.000000
NOTE	784	109.109283	0.800000	0.000000
NOTE	785	109.216431	0.850000	0.000000
NOTE	786	109.323570	0.900000	0.000000
NOTE	787	109.430717	0.400000	0.000000
NOTE	788	109.430717	0.850000	0.000000
NOTE	789	109.537857	0.900000	0.000000
NOTE	790	109.644997	0.850000	0.000000
NOTE	791	109.752144	0.800000	0.000000
NOTE	792	109.859283	0.150000	0.000000
NOTE	793	109.859283	0.700000	0.000000
NOTE	794	109.966431	0.750000	0.000000
NOTE	795	110.073570	0.150000	0.000000
NOTE	796	110.073570	0.650000	0.000000
NOTE	797	110.180717	0.150000	0.000000
NOTE	798	110.180717	0.750000	0.000000
NOTE	799	110.287857	0.150000	0.000000
NOTE	800	110.287857	0.700000	0.000000
NOTE	801	110.394997	0.650000	0.000000
NOTE	802	110.502144	0.750000	0.000000
NOTE	803	110.609283	0.650000	0.000000
NOTE	804	110.716431	0.300000	0.000000
NOTE	805	110.716431	0.900000	0.000000
NOTE	806	110.769997	0.930000	0.000000
NOTE	807	110.823570	0.950000	0.000000
NOTE	808	110.877144	0.960000	0.000000
NOTE	809	110.930717	0.960000	0.000000
NOTE	810	110.984283	0.950000	0.000000
NOTE	811	111.037857	0.920000	0.000000
NOTE	812	111.091431	0.880000	0.000000
NOTE	813	111.144997	0.300000	0.000000
NOTE	814	111.144997	0.820000	0.000000
NOTE	815	111.198570	0.740000	0.000000
NOTE	816	111.252144	0.650000	0.000000
NOTE	817	111.305717	0.540000	0.000000
NOTE	818	111.359283	0.420000	0.000000
NOTE	819	111.412857	0.290000	0.000000
NOTE	820	111.466431	0.150000	0.000000
NOTE	821	111.573570	0.100000	0.428573
NOTE	822	111.573570	0.800000	0.000000
NOTE	823	112.002144	0.800000	0.000000
NOTE	824	112.216431	0.200000	0.000000
NOTE	825	112.216431	0.900000	0.000000
NOTE	826	112.644997	0.400000	0.214289
NOTE	827	112.859283	0.600000	0.214288
NOTE	828	113.073570	0.400000	0.000000
NOTE	829	113.287857	0.900000	0.428572
NOTE	830	113.287857	0.200000	0.000000
NOTE	831	113.716431	0.200000	0.000000
NOTE	832	113.930717	0.100000	0.000000
NOTE	833	113.930717	0.800000	0.000000
NOTE	834	114.359283	0.600000	0.214288
NOTE	835	114.573570	0.400000	0.214287
NOTE	836	114.787857	0.600000	0.000000
NOTE	837	115.002144	0.850000	0.000000
NOTE	838	115.109283	0.300000	0.000000
NOTE	839	115.216431	0.950000	0.000000
NOTE	840	115.323570	0.300000	0.000000
NOTE	841	115.430717	0.850000	0.000000
NOTE	842	115.537857	0.300000	0.000000
NOTE	843	115.644997	0.950000	0.000000
NOTE	844	115.752144	0.300000	0.000000
NOTE	845	115.859283	0.700000	0.000000
NOTE	846	115.966431	0.200000	0.000000
NOTE	847	116.073570	0.800000	0.000000
NOTE	848	116.180717	0.200000	0.000000
NOTE	849	116.287857	0.700000	0.000000
NOTE	850	116.394997	0.200000	0.000000
NOTE	851	116.502144	0.800000	0.000000
NOTE	852	116.609283	0.200000	0.000000
NOTE	853	116.716431	0.550000	0.000000
NOTE	854	116.823570	0.100000	0.000000
NOTE	855	116.930717	0.650000	0.000000
NOTE	856	117.037857	0.100000	0.000000
NOTE	857	117.144997	0.550000	0.000000
NOTE	858	117.252144	0.100000	0.000000
NOTE	859	117.359283	0.650000	0.000000
NOTE	860	117.466431	0.100000	0.000000
NOTE	861	117.573570	0.400000	0.750001
NOTE	862	118.430717	0.200000	0.000000
NOTE	863	118.537857	0.700000	0.000000
NOTE	864	118.644997	0.100000	0.000000
NOTE	865	118.752144	0.600000	0.000000
NOTE	866	118.859283	0.100000	0.000000
NOTE	867	118.966431	0.600000	0.000000
NOTE	868	119.073570	0.200000	0.000000
NOTE	869	119.180717	0.700000	0.000000
NOTE	870	119.287857	0.300000	0.000000
NOTE	871	119.394997	0.800000	0.000000
NOTE	872	119.502144	0.400000	0.000000
NOTE	873	119.609283	0.900000	0.000000
NOTE	874	119.716431	0.400000	0.321426
NOTE	875	119.716431	0.900000	0.321426
NOTE	876	120.144997	0.300000	0.000000
NOTE	877	120.252144	0.800000	0.000000
NOTE	878	120.359283	0.200000	0.000000
NOTE	879	120.466431	0.700000	0.000000
NOTE	880	120.573570	0.100000	0.000000
NOTE	881	120.680717	0.600000	0.000000
NOTE	882	120.787857	0.200000	0.000000
NOTE	883	120.894997	0.700000	0.000000
NOTE	884	121.002144	0.300000	0.000000
NOTE	885	121.109283	0.800000	0.000000
NOTE	886	121.216431	0.400000	0.000000
NOTE	887	121.323570	0.900000	0.000000
NOTE	888	121.430717	0.300000	0.000000
NOTE	889	121.537857	0.800000	0.000000
NOTE	890	121.644997	0.200000	0.000000
NOTE	891	121.752144	0.700000	0.000000
NOTE	892	121.859283	0.350000	0.000000
NOTE	893	121.966431	0.600000	0.000000
NOTE	894	122.073570	0.650000	0.000000
NOTE	895	122.180717	0.350000	0.000000
NOTE	896	122.287857	0.650000	0.000000
NOTE	897	122.394997	0.600000	0.000000
NOTE	898	122.502144	0.350000	0.000000
NOTE	899	122.609283	0.650000	0.000000
NOTE	900	122.716431	0.800000	0.000000
NOTE	901	122.823570	0.200000	0.000000
NOTE	902	122.930717	0.850000	0.000000
NOTE	903	123.037857	0.800000	0.000000
NOTE	904	123.144997	0.200000	0.000000
NOTE	905	123.252144	0.800000	0.000000
NOTE	906	123.359283	0.200000	0.000000
NOTE	907	123.466431	0.800000	0.000000
NOTE	908	123.573570	0.650000	0.000000
NOTE	909	123.680717	0.400000	0.000000
NOTE	910	123.787857	0.350000	0.000000
NOTE	911	123.894997	0.650000	0.000000
NOTE	912	124.002144	0.350000	0.000000
NOTE	913	124.109283	0.400000	0.000000
NOTE	914	124.216431	0.650000	0.000000
NOTE	915	124.323570	0.350000	0.000000
NOTE	916	124.430717	0.200000	0.000000
NOTE	917	124.537857	0.800000	0.000000
NOTE	918	124.644997	0.150000	0.000000
NOTE	919	124.752144	0.200000	0.000000
NOTE	920	124.859283	0.800000	0.000000
NOTE	921	124.966431	0.200000	0.000000
NOTE	922	125.073570	0.800000	0.000000
NOTE	923	125.180717	0.200000	0.000000
NOTE	924	125.287857	0.400000	0.750000
NOTE	925	125.287857	0.600000	0.750000
NOTE	926	126.144997	0.700000	0.000000
NOTE	927	126.252144	0.750000	0.000000
NOTE	928	126.359283	0.800000	0.000000
NOTE	929	126.466431	0.850000	0.000000
NOTE	930	126.573570	0.900000	0.000000
NOTE	931	126.680717	0.850000	0.000000
NOTE	932	126.787857	0.800000	0.000000
NOTE	933	126.894997	0.750000	0.000000
NOTE	934	127.002144	0.300000	0.000000
NOTE	935	127.109283	0.250000	0.000000
NOTE	936	127.216431	0.200000	0.000000
NOTE	937	127.323570	0.150000	0.000000
NOTE	938	127.430717	0.100000	0.000000
NOTE	939	127.537857	0.150000	0.000000
NOTE	940	127.644997	0.200000	0.000000
NOTE	941	127.752144	0.250000	0.000000
NOTE	942	127.859283	0.450000	0.000000
NOTE	943	127.966431	0.450000	0.000000
NOTE	944	128.073578	0.450000	0.000000
NOTE	945	128.180710	0.450000	0.000000
NOTE	946	128.287857	0.550000	0.000000
NOTE	947	128.395004	0.550000	0.000000
NOTE	948	128.502136	0.550000	0.000000
NOTE	949	128.609283	0.550000	0.000000
NOTE	950	128.716431	0.200000	0.000000
NOTE	951	128.716431	0.800000	0.000000
LINK 54 55 56 57 58 59 60 61 
LINK 62 63 64 65 
LINK 88 89 
LINK 108 109 
LINK 137 138 
LINK 156 157 
LINK 244 246 248 250 
LINK 256 257 258 259 260 261 262 
LINK 309 310 311 312 
LINK 362 364 366 368 370 372 374 376 378 380 382 
LINK 363 365 367 369 371 373 375 377 379 381 383 
LINK 402 404 406 408 410 412 414 416 418 420 422 
LINK 403 405 407 409 411 413 415 417 419 421 423 
LINK 436 437 438 439 440 441 442 
LINK 451 453 455 457 459 461 463 465 467 469 471 
LINK 452 454 456 458 460 462 464 466 468 470 472 
LINK 491 493 495 497 499 501 503 505 507 509 511 
LINK 492 494 496 498 500 502 504 506 508 510 512 
LINK 533 534 535 536 
LINK 583 584 585 586 
LINK 619 620 622 
LINK 624 626 627 
LINK 630 631 632 
LINK 635 636 637 
LINK 687 688 689 690 691 692 693 694 
LINK 695 696 697 698 
LINK 753 754 
LINK 773 774 776 
LINK 778 780 781 
LINK 784 785 786 
LINK 789 790 791 
LINK 794 796 798 
LINK 801 802 803 
LINK 805 806 807 808 809 810 811 812 814 815 816 817 818 819 820 
LINK 926 927 928 929 930 931 932 933 
LINK 934 935 936 937 938 939 940 941 
