VERSION 2
BPM 348
PAGE_SHIFT 0.296999990940094
PAGE_SIZE 0.689655172413793
NOTE	0	5.43575859069824	0.3750000	0
NOTE	1	5.78058624267578	0.6250000	0
NOTE	2	5.95300006866455	0.208333343267441	0
NOTE	3	6.12541389465332	0.333333343267441	0
NOTE	4	6.81506872177124	0.3750000	0
NOTE	5	6.98748254776001	0.5000000	0
NOTE	6	6.47024154663086	0.583333373069763	0
NOTE	7	5.60817241668701	0.5000000	0
NOTE	8	4.74610328674316	0.29166667163372	0
NOTE	9	4.57368946075439	0.16666667163372	0
NOTE	10	4.22886228561401	0.541666686534882	0
NOTE	11	4.05644845962524	0.666666686534882	0
NOTE	12	5.0909309387207	0.541666686534882	0
NOTE	13	7.33275842666626	0.8750000	0
NOTE	14	7.84955167770386	0.8750000	0
NOTE	15	8.19437980651855	0.666666686534882	0
NOTE	16	8.36679363250732	0.541666686534882	0
NOTE	17	8.71162033081055	0.3750000	0
NOTE	18	8.88403415679932	0.2500000	0
NOTE	19	9.05644798278809	0.1250000	0
NOTE	20	8.71206901813376	0.833333373069763	0
NOTE	21	9.22886180877686	0.2500000	0
NOTE	22	9.74610328674316	0.583333373069763	0
NOTE	23	9.40127563476563	0.833333373069763	0
NOTE	24	10.0909309387207	0.6250000	0
NOTE	25	10.2633447647095	0.7500000	0
NOTE	26	10.0909309387207	0.16666667163372	0
NOTE	27	10.4357585906982	0.8750000	0
NOTE	28	10.608172416687	0.16666667163372	0
NOTE	29	10.7805862426758	0.666666686534882	0
NOTE	30	10.7805862426758	0.333333343267441	0
NOTE	31	11.1254138946533	0.333333343267441	0
NOTE	32	11.1254138946533	0.666666686534882	0
NOTE	33	12.8495512008667	0.3750000	0.5172422
NOTE	34	62.1598968505859	0.6250000	0
NOTE	35	61.8150672912598	0.541666686534882	0
NOTE	36	61.9874839782715	0.416666686534882	0
NOTE	37	62.1598968505859	0.291666686534882	0
NOTE	38	62.2029991149902	0.416666686534882	0
NOTE	39	63.0219650268555	0.16666667163372	0
NOTE	40	63.884033203125	0.16666667163372	0
NOTE	41	63.884033203125	0.791666686534882	0
NOTE	42	64.0564498901367	0.916666686534882	0
NOTE	43	64.2288665771484	0.791666686534882	0
NOTE	44	64.5736923217773	0.5000000	0
NOTE	45	64.7461013793945	0.3750000	0
NOTE	46	64.4012832641602	0.16666667163372	0
NOTE	47	64.9189682006836	0.2500000	0
NOTE	48	65.0051727294922	0.3750000	0
NOTE	49	65.0913772583008	0.5000000	0
NOTE	50	65.1765823364258	0.6250000	0
NOTE	51	65.2633514404297	0.16666667163372	0
NOTE	52	67.1599044799805	0.16666667163372	0
NOTE	53	66.6426620483398	0.3750000	0
NOTE	54	66.6426620483398	0.791666686534882	0
NOTE	55	66.815071105957	0.666666686534882	0
NOTE	56	67.1599044799805	0.666666686534882	0
NOTE	57	67.6771392822266	0.8750000	0
NOTE	58	67.3323135375977	0.5000000	0
NOTE	59	67.8495559692383	0.3750000	0
NOTE	60	70.090934753418	0.708333373069763	0
NOTE	61	70.2633438110352	0.833333373069763	0
NOTE	62	70.4357604980469	0.708333373069763	0
NOTE	63	70.6081771850586	0.291666686534882	0
NOTE	64	70.6943817138672	0.708333373069763	0
NOTE	65	12.3323106765747	0.541666686534882	0
NOTE	66	12.6771383285522	0.541666686534882	0
NOTE	67	12.5047245025635	0.8750000	0
NOTE	68	13.3667937640486	0.833333373069763	0
NOTE	69	23.8840351104736	0.8750000	0.6465507
NOTE	70	14.2288618087769	0.7500000	0
NOTE	71	14.2504138946533	0.916666686534882	0
NOTE	72	14.2288618087769	0.2500000	0
NOTE	73	14.2504138946533	0.0833333358168602	0
NOTE	74	14.573689625181	0.833333373069763	0
NOTE	75	14.7461034182844	0.833333373069763	0
NOTE	76	20.4357585906982	0.7500000	0
NOTE	77	20.4357585906982	0.333333343267441	0
NOTE	78	20.6081714630127	0.8750000	0
NOTE	79	20.9529991149902	0.6250000	0
NOTE	80	20.6081714630127	0.458333343267441	0
NOTE	81	20.7805862426758	0.333333343267441	0
NOTE	82	20.7805862426758	0.7500000	0
NOTE	83	21.1264158020495	0.291666626930237	0
NOTE	84	21.1479669342516	0.1250000	0
NOTE	85	21.1264158020495	0.8750000	0.1724142
NOTE	86	21.471243454027	0.1250000	0
NOTE	87	21.6436563263414	0.8750000	0
NOTE	88	21.6436563263414	0.3750000	0
NOTE	89	21.7298627624987	0.5000000	0
NOTE	90	21.8160691986559	0.708333373069763	0
NOTE	91	21.8160691986559	0.1250000	0
NOTE	92	21.9884820709703	0.583333373069763	0
NOTE	93	22.1608968506334	0.458333343267441	0
NOTE	94	22.3333097229479	0.333333343267441	0
NOTE	95	22.1608968506334	0.8750000	0
NOTE	96	25.2633449949067	0.416666686534882	0
NOTE	97	25.2848949432373	0.5000000	0
NOTE	98	25.3279991149902	0.666666686534882	0
NOTE	99	25.3064460754395	0.583333373069763	0
NOTE	100	25.5219656845619	0.1250000	0
NOTE	101	25.6081725811136	0.1250000	0
NOTE	102	25.7805863742171	0.8750000	0
NOTE	103	26.0392055511475	0.333333343267441	0
NOTE	104	26.1254119873047	0.333333343267441	0
NOTE	105	26.2116184234619	0.458333343267441	0
NOTE	106	26.2978267669678	0.458333343267441	0
NOTE	107	26.4702396392822	0.708333373069763	0
NOTE	108	26.4702396392822	0.583333373069763	0
NOTE	109	34.9185192502778	0.1250000	0.6465497
NOTE	110	34.9185192502778	0.8750000	0.6465497
NOTE	111	16.9874832547944	0.291666686534882	0.1724120
NOTE	112	16.9874832547944	0.8750000	0
NOTE	113	17.1598970478979	0.8750000	0
NOTE	114	17.5047246341048	0.1250000	0
NOTE	115	17.5047246341048	0.8750000	0
NOTE	116	17.5909290313721	0.7500000	0
NOTE	117	17.6771385587495	0.333333343267441	0
NOTE	118	17.8495523518529	0.458333343267441	0
NOTE	119	18.0219661449564	0.333333343267441	0
NOTE	120	18.1943799380598	0.208333343267441	0
NOTE	121	17.8495523518529	0.708333373069763	0
NOTE	122	18.0219650268555	0.583333373069763	0
NOTE	123	18.9055843353271	0.6250000	0
NOTE	124	18.9055843353271	0.291666686534882	0
NOTE	125	18.9271373748779	0.16666667163372	0
NOTE	126	18.3667938627046	0.416666686534882	0
NOTE	127	18.3667938627046	0.7500000	0
NOTE	128	18.3883438110352	0.8750000	0
NOTE	129	19.4012767528665	0.8750000	0
NOTE	130	19.4012767528665	0.1250000	0
NOTE	131	19.57369054597	0.8750000	0
NOTE	132	19.7461044706147	0.291666686534882	0
NOTE	133	19.7676544189453	0.416666686534882	0
NOTE	134	19.7461044706147	0.708333373069763	0.1724115
NOTE	135	20.2633458499251	0.1250000	0
NOTE	136	20.0909320568216	0.1250000	0
NOTE	137	15.0909309387207	0.1250000	0
NOTE	138	14.9185171127319	0.2500000	0
NOTE	139	15.2633447647095	0.2500000	0
NOTE	140	15.4357585906982	0.3750000	0
NOTE	141	15.0909309387207	0.541666686534882	0
NOTE	142	14.9185171127319	0.666666686534882	0
NOTE	143	15.2633447647095	0.666666686534882	0
NOTE	144	15.6081726468843	0.1250000	0.1724142
NOTE	145	15.9530002330912	0.8750000	0
NOTE	146	16.1254140261946	0.1250000	0
NOTE	147	15.608172416687	0.708333373069763	0
NOTE	148	15.6297245025635	0.8750000	0
NOTE	149	16.1254140261946	0.6250000	0
NOTE	150	16.2116203308105	0.5000000	0
NOTE	151	16.2978279508393	0.291666686534882	0
NOTE	152	16.2978279508393	0.8750000	0
NOTE	153	16.4702417439428	0.416666686534882	0
NOTE	154	16.8150693301497	0.666666686534882	0
NOTE	155	16.6426555370462	0.541666686534882	0
NOTE	156	16.6426555370462	0.1250000	0
NOTE	157	22.5047237790864	0.1250000	0.1724130
NOTE	158	22.5047237790864	0.7500000	0
NOTE	159	22.520000	0.6250000	0
NOTE	160	22.849552154541	0.1250000	0
NOTE	161	23.0219650268555	0.8750000	0
NOTE	162	23.0219650268555	0.1250000	0
NOTE	163	23.1081714630127	0.208333343267441	0
NOTE	164	23.1943798065186	0.583333373069763	0
NOTE	165	23.366792678833	0.291666686534882	0
NOTE	166	23.366792678833	0.583333373069763	0
NOTE	167	23.5392074584961	0.416666686534882	0
NOTE	168	23.5392074584961	0.708333373069763	0
NOTE	169	23.7116203308105	0.416666686534882	0
NOTE	170	23.8840351104736	0.1250000	0.6465507
NOTE	171	34.2288589477539	0.312692791223526	0
NOTE	172	34.3150708428745	0.562692761421204	0
NOTE	173	34.4012777394262	0.437692791223526	0
NOTE	174	34.420000	0.312692791223526	0
NOTE	175	34.4874846359779	0.687692761421204	0
NOTE	176	34.5736915325296	0.687692761421204	0
NOTE	177	34.6598984290814	0.437692791223526	0
NOTE	178	34.7461053256331	0.562692761421204	0
NOTE	179	34.769000	0.687692761421204	0
NOTE	180	34.8323122221848	0.312692791223526	0
NOTE	181	33.884033203125	0.916666686534882	0
NOTE	182	34.0564460754395	0.791666686534882	0
NOTE	183	34.070000	0.916666686534882	0
NOTE	184	33.9702377319336	0.208333343267441	0
NOTE	185	34.1426544189453	0.0833333358168602	0
NOTE	186	33.7978248596191	0.916666686534882	0
NOTE	187	33.6254119873047	0.791666686534882	0
NOTE	188	33.5392036437988	0.0833333358168602	0
NOTE	189	33.7116203308105	0.208333343267441	0
NOTE	190	33.734000	0.0833333358168602	0
NOTE	191	26.6426556028169	0.354359447956085	0
NOTE	192	26.8150693959203	0.271026104688644	0
NOTE	193	26.9874831890238	0.187692761421204	0
NOTE	194	27.1598969821272	0.104359433054924	0
NOTE	195	26.9874820709229	0.687692761421204	0.1724122
NOTE	196	26.6426556028169	0.854359447956085	0.1724122
NOTE	197	27.332310906772	0.312692791223526	0
NOTE	198	27.5047246998754	0.396026104688644	0
NOTE	199	27.6771384929789	0.479359447956085	0.1724121
NOTE	200	27.6771384929789	0.854359447956085	0
NOTE	201	27.8495522860823	0.729359447956085	0
NOTE	202	28.021966210727	0.312692791223526	0
NOTE	203	28.1943800038305	0.229359433054924	0
NOTE	204	28.366792678833	0.646026074886322	0
NOTE	205	28.5392055511475	0.729359447956085	0
NOTE	206	28.3667937969339	0.312692791223526	0.1724119
NOTE	207	28.7116215146821	0.896026074886322	0
NOTE	208	28.8840353077856	0.896026074886322	0
NOTE	209	29.056449100889	0.104359433054924	0
NOTE	210	29.2288628939925	0.104359433054924	0
NOTE	211	29.056449100889	0.896026074886322	0.1724118
NOTE	212	29.7461032867432	0.521026134490967	0
NOTE	213	29.7461032867432	0.771026074886322	0
NOTE	214	29.9185161590576	0.646026074886322	0
NOTE	215	29.4012756347656	0.521026074886322	0
NOTE	216	29.5736885070801	0.396026104688644	0
NOTE	217	29.4012768186372	0.271026104688644	0
NOTE	218	30.0909321225923	0.437692791223526	0
NOTE	219	30.2633459156957	0.312692791223526	0
NOTE	220	30.4357585906982	0.646026074886322	0
NOTE	221	30.6081714630127	0.312692791223526	0
NOTE	222	30.0909321225923	0.854359447956085	0
NOTE	223	30.4357585906982	0.187692761421204	0
NOTE	224	30.6081735019026	0.771026074886322	0
NOTE	225	30.7805874265473	0.104359433054924	0
NOTE	226	30.7805874265473	0.896026074886322	0
NOTE	227	30.9530012196508	0.896026074886322	0
NOTE	228	31.1254150127542	0.896026074886322	0
NOTE	229	31.1254150127542	0.104359433054924	0
NOTE	230	31.2978288058577	0.104359433054924	0
NOTE	231	31.4702427305024	0.312692791223526	0
NOTE	232	31.4702415466309	0.729359447956085	0
NOTE	233	31.6426565236059	0.437692791223526	0
NOTE	234	31.8150691986084	0.729359447956085	0
NOTE	235	31.8150691986084	0.312692791223526	0
NOTE	236	31.9874839782715	0.604359447956085	0
NOTE	237	33.1943778991699	0.6250000	0
NOTE	238	33.3667907714844	0.6250000	0
NOTE	239	33.0219650268555	0.6250000	0
NOTE	240	32.8495483398438	0.6250000	0
NOTE	241	32.1598930358887	0.854359447956085	0
NOTE	242	32.3323097229004	0.854359447956085	0
NOTE	243	32.5047225952148	0.854359447956085	0
NOTE	244	32.6771354675293	0.854359447956085	0
NOTE	245	32.6771354675293	0.146026104688644	0
NOTE	246	32.5047225952148	0.146026104688644	0
NOTE	247	32.3323097229004	0.146026104688644	0
NOTE	248	32.1598930358887	0.146026104688644	0
NOTE	249	33.3667907714844	0.354359447956085	0
NOTE	250	33.1943778991699	0.354359447956085	0
NOTE	251	33.0219650268555	0.354359447956085	0
NOTE	252	32.8495483398438	0.354359447956085	0
NOTE	253	105.26335144043	0.291666686534882	0
NOTE	254	105.52197265625	0.7500000	0
NOTE	255	105.737487792969	0.291666686534882	0
NOTE	256	105.953002929688	0.666666686534882	0
NOTE	257	106.039207458496	0.791666686534882	0
NOTE	258	106.039207458496	0.1250000	0
NOTE	259	106.125411987305	0.1250000	0
NOTE	260	106.297828674316	0.8750000	0.1724104
NOTE	261	106.297828674316	0.1250000	0
NOTE	262	37.6771404660981	0.104359433054924	0.5172398
NOTE	263	38.0219650268555	0.604359447956085	0
NOTE	264	38.0650672912598	0.479359447956085	0
NOTE	265	38.2374801635742	0.412588477134705	0
NOTE	266	38.1081695556641	0.421130418777466	0
NOTE	267	38.1512756347656	0.396026104688644	0
NOTE	268	38.1943778991699	0.396026104688644	0
NOTE	269	37.6771354675293	0.562692761421204	0
NOTE	270	37.7202415466309	0.672970652580261	0
NOTE	271	37.7633438110352	0.729359447956085	0
NOTE	272	37.8064460754395	0.767345547676086	0
NOTE	273	37.849552154541	0.769185781478882	0
NOTE	274	37.8926544189453	0.750783145427704	0
NOTE	275	48.021966210727	0.646026074886322	0.2586212
NOTE	276	48.3667945861816	0.312692791223526	0.1724123
NOTE	277	48.1943817138672	0.437692791223526	0
NOTE	278	48.2805862426758	0.437692791223526	0
NOTE	279	48.3667945861816	0.562692761421204	0
NOTE	280	48.4098968505859	0.680991113185883	0
NOTE	281	48.625415802002	0.604359447956085	0
NOTE	282	48.5392074584961	0.724498093128204	0
NOTE	283	48.4529991149902	0.718977272510529	0
NOTE	284	48.4961051940918	0.734880208969116	0
NOTE	285	48.5823097229004	0.684671640396118	0
NOTE	286	59.2288627624512	0.5000000	0
NOTE	287	59.3150672912598	0.5000000	0
NOTE	288	59.4012756347656	0.583333373069763	0
NOTE	289	59.5736885070801	0.416666686534882	0
NOTE	290	59.4012756347656	0.416666686534882	0
NOTE	291	59.5736885070801	0.583333373069763	0
NOTE	292	48.7116215146821	0.8750000	0.3448280
NOTE	293	48.7116215146821	0.1250000	0
NOTE	294	70.7805912412446	0.1250000	0.1724103
NOTE	295	70.7805912412446	0.8750000	0
NOTE	296	38.3667907714844	0.8750000	0.5172436
NOTE	297	38.5392074584961	0.2500000	0
NOTE	298	38.7116195415628	0.701493680477142	0
NOTE	299	38.7547225952148	0.576493680477142	0
NOTE	300	38.9702415466309	0.409827023744583	0
NOTE	301	38.7978248596191	0.50170224905014	0
NOTE	302	38.8409309387207	0.463716179132462	0
NOTE	303	38.884033203125	0.425730019807816	0
NOTE	304	38.9271354675293	0.409827023744583	0
NOTE	305	39.056447259311	0.6250000	0
NOTE	306	39.056447259311	0.1250000	0
NOTE	307	39.2288610524145	0.1250000	0
NOTE	308	39.2719650268555	0.208333343267441	0
NOTE	309	39.4012756347656	0.244479224085808	0
NOTE	310	39.3150672912598	0.246319487690926	0
NOTE	311	39.3581695556641	0.257360994815826	0
NOTE	312	39.4012756347656	0.583333373069763	0
NOTE	313	39.5736886386214	0.1250000	0
NOTE	314	39.7461013793945	0.333333343267441	0
NOTE	315	39.9185180664063	0.458333343267441	0
NOTE	316	39.7461013793945	0.6250000	0
NOTE	317	39.789206011542	0.743298411369324	0
NOTE	318	40.0478248596191	0.822291791439056	0
NOTE	319	39.8323097229004	0.802708268165588	0
NOTE	320	39.8754119873047	0.84621524810791	0
NOTE	321	39.9185180664063	0.862777590751648	0
NOTE	322	39.9616203308105	0.862777650356293	0
NOTE	323	40.0047225952148	0.855416536331177	0
NOTE	324	40.0909309387207	0.333333343267441	0
NOTE	325	40.4357578672212	0.16666667163372	0.3448294
NOTE	326	40.4357578672212	0.833333373069763	0
NOTE	327	40.6081716603246	0.722222245401806	0
NOTE	328	40.7805854534281	0.611111117733849	0
NOTE	329	40.9529991149902	0.16666667163372	0
NOTE	330	40.9529991149902	0.5000000	0
NOTE	331	40.9961013793945	0.583333373069763	0
NOTE	332	41.0392074584961	0.666666686534882	0
NOTE	333	41.1254131711763	0.791666686534882	0.1724155
NOTE	334	41.2978269642797	0.333333343267441	0
NOTE	335	41.4702407573832	0.8750000	0
NOTE	336	41.5564476539349	0.5000000	0
NOTE	337	41.6426544189453	0.416666686534882	0
NOTE	338	41.7288614470383	0.5000000	0
NOTE	339	41.8150684751313	0.708333373069763	0.3448291
NOTE	340	42.1598960613382	0.1250000	0
NOTE	341	42.3323097229004	0.416666686534882	0
NOTE	342	42.3323097229004	0.791666686534882	0
NOTE	343	42.4185180664063	0.916666686534882	0
NOTE	344	42.5047225952148	0.208333343267441	0.1724152
NOTE	345	42.6771392822266	0.6250000	0
NOTE	346	42.5047237790864	0.6250000	0
NOTE	347	42.8495513652933	0.392881244421005	0
NOTE	348	42.8926544189453	0.517881274223328	0
NOTE	349	43.1081733703613	0.517881274223328	0
NOTE	350	42.9357566833496	0.579790830612183	0
NOTE	351	42.9788627624512	0.601214587688446	0
NOTE	352	43.0219650268555	0.59753406047821	0
NOTE	353	43.0650672912598	0.572429776191711	0
NOTE	354	43.1943778991699	0.333333343267441	0.5172427
NOTE	355	43.5392074584961	0.1250000	0
NOTE	356	44.0564498901367	0.708333373069763	0
NOTE	357	43.7116203308105	0.8750000	0
NOTE	358	47.6771384929789	0.8750000	0
NOTE	359	47.849552154541	0.1250000	0
NOTE	360	47.332310906772	0.1250000	0.3448282
NOTE	361	47.332310906772	0.8750000	0
NOTE	362	44.5736885070801	0.2500000	0
NOTE	363	44.9185180664063	0.2500000	0
NOTE	364	44.9185180664063	0.583333373069763	0.2068966
NOTE	365	44.7461051940918	0.16666667163372	0
NOTE	366	44.770000	0.0833333358168602	0
NOTE	367	44.2288627624512	0.458333343267441	0.1724142
NOTE	368	45.2633438110352	0.7500000	0.5172423
NOTE	369	45.4357604980469	0.416666686534882	0
NOTE	370	45.6081733703613	0.8750000	0
NOTE	371	46.815071105957	0.333333343267441	0
NOTE	372	46.9874839782715	0.666666686534882	0.1724125
NOTE	373	46.6426544189453	0.5000000	0
NOTE	374	46.660000	0.6250000	0
NOTE	375	45.9530002988618	0.1250000	0.3448284
NOTE	376	45.9530002988618	0.541666686534882	0
NOTE	377	46.1254140919652	0.416666686534882	0
NOTE	378	46.2978286743164	0.666666686534882	0
NOTE	379	46.320000	0.541666686534882	0
NOTE	380	46.4702416781721	0.16666667163372	0
NOTE	381	49.056449100889	0.208333343267441	0
NOTE	382	49.099552154541	0.0833333358168602	0
NOTE	383	49.2288628939925	0.8750000	0
NOTE	384	49.7461051940918	0.291666686534882	0
NOTE	385	49.7892074584961	0.401313245296478	0
NOTE	386	49.9616203308105	0.469293117523193	0
NOTE	387	49.8323097229004	0.470616102218628	0
NOTE	388	49.875415802002	0.503070712089539	0
NOTE	389	49.9185180664063	0.506141364574432	0
NOTE	390	49.7461044048441	0.6250000	0.1724121
NOTE	391	49.4012756347656	0.7500000	0
NOTE	392	49.4443817138672	0.6250000	0
NOTE	393	49.4874839782715	0.555697202682495	0
NOTE	394	49.5305862426758	0.52191960811615	0
NOTE	395	49.5736923217773	0.511172235012054	0
NOTE	396	49.6167945861816	0.538808405399323	0
NOTE	397	50.0909321225923	0.2500000	0
NOTE	398	50.4357566833496	0.1250000	0.1724110
NOTE	399	50.2633459156957	0.791666686534882	0
NOTE	400	50.280000	0.916666686534882	0
NOTE	401	50.6081735019026	0.3750000	0
NOTE	402	58.3667907714844	0.708333373069763	0
NOTE	403	58.380000	0.791666686534882	0
NOTE	404	58.3667957700532	0.291666686534882	0
NOTE	405	58.380000	0.208333343267441	0
NOTE	406	58.7116233562601	0.1250000	0
NOTE	407	58.7116233562601	0.8750000	0
NOTE	408	58.0650672912598	0.708333373069763	0
NOTE	409	58.2374852936843	0.5000000	0
NOTE	410	57.8926544189453	0.5000000	0
NOTE	411	57.910000	0.6250000	0
NOTE	412	50.7805824279785	0.666666686534882	0.3448276
NOTE	413	50.9530012196508	0.8750000	0
NOTE	414	51.1254150127542	0.333333343267441	0
NOTE	415	51.168514251709	0.451979577541351	0
NOTE	416	51.384033203125	0.416666686534882	0
NOTE	417	51.2116165161133	0.504606008529663	0
NOTE	418	51.2547225952148	0.529383957386017	0
NOTE	419	51.2978248596191	0.516888797283173	0
NOTE	420	51.3409271240234	0.485969543457031	0
NOTE	421	51.4702377319336	0.8750000	0
NOTE	422	51.4702427305024	0.1250000	0
NOTE	423	57.3323097229004	0.8750000	0
NOTE	424	57.5047225952148	0.7500000	0
NOTE	425	57.1598989552465	0.1250000	0
NOTE	426	56.9874851621431	0.2500000	0
NOTE	427	51.6426544189453	0.7500000	0
NOTE	428	51.660000	0.833333373069763	0
NOTE	429	51.8150703167093	0.1250000	0.1724117
NOTE	430	51.9874801635742	0.8750000	0
NOTE	431	56.6426574443949	0.333333343267441	0.1724109
NOTE	432	56.297829858188	0.333333343267441	0
NOTE	433	56.4702436512914	0.458333343267441	0
NOTE	434	56.6426574443949	0.583333373069763	0
NOTE	435	56.8150712374983	0.708333373069763	0
NOTE	436	55.6081745542329	0.833333373069763	0.1724130
NOTE	437	55.7805883473363	0.208333343267441	0
NOTE	438	55.800000	0.0833333358168602	0
NOTE	439	55.9529991149902	0.833333373069763	0
NOTE	440	56.1254119873047	0.708333373069763	0
NOTE	441	52.332311827561	0.5000000	0
NOTE	442	52.350000	0.3750000	0
NOTE	443	52.5047256206644	0.291666686534882	0.1724116
NOTE	444	52.5047256206644	0.708333373069763	0
NOTE	445	52.5478248596191	0.606575846672058	0
NOTE	446	52.7633438110352	0.64824253320694	0
NOTE	447	52.5909271240234	0.541666686534882	0
NOTE	448	52.634033203125	0.529383957386017	0
NOTE	449	52.6771354675293	0.537273108959198	0
NOTE	450	52.7202377319336	0.582010388374329	0
NOTE	451	52.8495533384126	0.833333373069763	0.3448272
NOTE	452	52.8495533384126	0.1250000	0
NOTE	453	53.1943809246195	0.1250000	0
NOTE	454	53.215000	0.208333343267441	0
NOTE	455	53.3667947177229	0.833333373069763	0
NOTE	456	53.4530016142746	0.833333373069763	0
NOTE	457	53.5392086423677	0.333333343267441	0.3448271
NOTE	458	53.7116224354711	0.5000000	0
NOTE	459	53.8840362285746	0.666666686534882	0
NOTE	460	53.9271396768504	0.528061032295227	0
NOTE	461	54.1426544189453	0.410100519657135	0
NOTE	462	53.9702377319336	0.47236379981041	0
NOTE	463	54.0133438110352	0.446050584316254	0
NOTE	464	54.0564460754395	0.424343436956406	0
NOTE	465	54.0995483398438	0.417989641427994	0
NOTE	466	54.9185192502778	0.666666686534882	0
NOTE	467	55.0909309387207	0.333333343267441	0.1724102
NOTE	468	55.2633468364847	0.666666686534882	0
NOTE	469	55.4357606295882	0.5000000	0
NOTE	470	54.2288589477539	0.1250000	0.3879342
NOTE	471	54.2288639463227	0.708333373069763	0
NOTE	472	54.6167907714844	0.7500000	0
NOTE	473	54.635000	0.8750000	0
NOTE	474	54.7461053256331	0.5000000	0
NOTE	475	58.0650715005809	0.291666686534882	0
NOTE	476	58.8840371493636	0.2500000	0
NOTE	477	58.8840371493636	0.7500000	0
NOTE	478	36.297829858188	0.729359447956085	0
NOTE	479	36.7719677892225	0.729359447956085	0
NOTE	480	36.5564505478431	0.271026104688644	0
NOTE	481	37.3323127483499	0.896026074886322	0
NOTE	482	37.1598968505859	0.896026074886322	0
NOTE	483	37.0736885070801	0.896026074886322	0
NOTE	484	37.3323127483499	0.437692791223526	0.1724104
NOTE	485	36.9874801635742	0.354359447956085	0
NOTE	486	37.0736885070801	0.229359433054924	0
NOTE	487	115.52197265625	0.7500000	0
NOTE	488	115.090934753418	0.6250000	0
NOTE	489	114.918525695801	0.1250000	0
NOTE	490	115.090934753418	0.291666686534882	0
NOTE	491	115.26335144043	0.291666686534882	0
NOTE	492	115.349555969238	0.5000000	0
NOTE	493	110.263343811035	0.666666686534882	0
NOTE	494	110.349555969238	0.541666686534882	0
NOTE	495	110.608177185059	0.791666686534882	0
NOTE	496	110.694381713867	0.916666686534882	0
NOTE	497	110.090932122592	0.7500000	0
NOTE	498	110.177139282227	0.8750000	0
NOTE	499	110.435760498047	0.1250000	0
NOTE	500	110.521965026855	0.2500000	0
NOTE	501	110.953002929688	0.5000000	0
NOTE	502	111.039215087891	0.3750000	0
NOTE	503	110.78059387207	0.541666686534882	0
NOTE	504	110.866798400879	0.666666686534882	0
NOTE	505	111.125419616699	0.16666667163372	0
NOTE	506	111.211624145508	0.291666686534882	0
NOTE	507	111.297836303711	0.8750000	0
NOTE	508	111.38404083252	0.7500000	0
NOTE	509	111.470242730502	0.333333343267441	0
NOTE	510	111.556449627054	0.458333343267441	0
NOTE	511	111.642656523606	0.666666686534882	0
NOTE	512	111.728863420158	0.541666686534882	0
NOTE	513	111.815071105957	0.666666686534882	0
NOTE	514	111.901275634766	0.541666686534882	0
NOTE	515	112.073692321777	0.541666686534882	0
NOTE	516	111.987487792969	0.416666686534882	0
NOTE	517	109.401280633334	0.8750000	0
NOTE	518	109.573692321777	0.666666686534882	0
NOTE	519	109.65990447998	0.791666686534882	0
NOTE	520	109.40128326416	0.3750000	0
NOTE	521	109.487487792969	0.2500000	0
NOTE	522	109.918525695801	0.5000000	0
NOTE	523	110.004730224609	0.3750000	0
NOTE	524	109.746109008789	0.291666686534882	0
NOTE	525	109.832313537598	0.16666667163372	0
NOTE	526	115.004730224609	0.5000000	0
NOTE	527	115.435768127441	0.6250000	0
NOTE	528	115.177146911621	0.416666686534882	0
NOTE	529	114.918525695801	0.6250000	0
NOTE	530	115.26335144043	0.6250000	0
NOTE	531	115.608174554233	0.458333343267441	0
NOTE	532	115.694381450785	0.333333343267441	0
NOTE	533	115.780586242676	0.208333343267441	0
NOTE	534	115.953002929688	0.0833333358168602	0
NOTE	535	116.039207458496	0.208333343267441	0
NOTE	536	116.125419616699	0.8750000	0
NOTE	537	116.211622830095	0.7500000	0
NOTE	538	115.780586242676	0.916666686534882	0
NOTE	539	115.866798400879	0.791666686534882	0
NOTE	540	115.953002929688	0.916666686534882	0
NOTE	541	115.866798400879	0.0833333358168602	0
NOTE	542	116.297836303711	0.333333343267441	0
NOTE	543	116.38404083252	0.458333343267441	0
NOTE	544	116.470245361328	0.583333373069763	0
NOTE	545	116.556457519531	0.3750000	0
NOTE	546	116.64266204834	0.5000000	0
NOTE	547	116.728866577148	0.6250000	0
NOTE	548	116.815078735352	0.5000000	0
NOTE	549	116.90128326416	0.3750000	0
NOTE	550	117.635032653809	0.5000000	0
NOTE	551	117.720240099677	0.1250000	0
NOTE	552	117.720245361328	0.8750000	0
NOTE	553	116.987487792969	0.0833333358168602	0
NOTE	554	117.073692321777	0.791666686534882	0
NOTE	555	117.246109008789	0.7500000	0
NOTE	556	117.159896850586	0.1250000	0
NOTE	557	110.780591241245	0.1250000	0
NOTE	558	117.504730224609	0.3750000	0.1293043
NOTE	559	117.332313537598	0.6250000	0.1724156
NOTE	560	118.366798400879	0.16666667163372	0
NOTE	561	118.366798400879	0.5000000	0
NOTE	562	118.366798400879	0.833333373069763	0
NOTE	563	114.573692321777	0.916666686534882	0
NOTE	564	114.659896850586	0.791666686534882	0
NOTE	565	114.832313537598	0.791666686534882	0
NOTE	566	114.746109008789	0.916666686534882	0
NOTE	567	114.228866577148	0.458333343267441	0
NOTE	568	114.315071105957	0.333333343267441	0
NOTE	569	114.401275634766	0.208333343267441	0
NOTE	570	114.487487792969	0.0833333358168602	0
NOTE	571	108.711621514682	0.8750000	0
NOTE	572	108.797828674316	0.7500000	0
NOTE	573	108.970245361328	0.5000000	0
NOTE	574	108.884033203125	0.6250000	0
NOTE	575	109.056449100889	0.2500000	0
NOTE	576	109.142654418945	0.3750000	0
NOTE	577	109.315071105957	0.6250000	0
NOTE	578	109.228866577148	0.5000000	0
NOTE	579	108.194381713867	0.833333373069763	0
NOTE	580	108.366798400879	0.833333373069763	0
NOTE	581	108.02197265625	0.291666686534882	0
NOTE	582	108.108177185059	0.16666667163372	0
NOTE	583	108.28059387207	0.708333373069763	0
NOTE	584	108.453004508183	0.2500000	0
NOTE	585	108.539215087891	0.3750000	0
NOTE	586	108.625419616699	0.5000000	0
NOTE	587	106.64266204834	0.5000000	0.6034462
NOTE	588	107.332310906772	0.5000000	0.6034499
NOTE	589	112.849555969238	0.1250000	0.6034453
NOTE	590	112.849555969238	0.8750000	0.6034453
NOTE	591	112.159901849155	0.8750000	0.6034453
NOTE	592	112.159901849155	0.1250000	0.6034453
NOTE	593	113.539212457065	0.6250000	0
NOTE	594	113.625419616699	0.5000000	0
NOTE	595	113.711624145508	0.6250000	0
NOTE	596	113.79783314672	0.333333343267441	0
NOTE	597	113.88404083252	0.458333343267441	0
NOTE	598	114.14266204834	0.583333373069763	0
NOTE	599	113.970245361328	0.583333373069763	0
NOTE	600	114.056457519531	0.708333373069763	0
NOTE	601	71.1254196166992	0.291666686534882	0
NOTE	602	71.297832620555	0.16666667163372	0
NOTE	603	71.4702453613281	0.3750000	0
NOTE	604	71.6426544189453	0.833333373069763	0
NOTE	605	71.815071105957	0.5000000	0
NOTE	606	71.9012756347656	0.833333373069763	0
NOTE	607	71.9874877929688	0.5000000	0
NOTE	608	72.0736923217773	0.833333373069763	0
NOTE	609	80.4357578672212	0.1250000	0
NOTE	610	80.4357578672212	0.8750000	0
NOTE	611	80.6943785568763	0.1250000	0
NOTE	612	80.8236923217773	0.6250000	0
NOTE	613	80.9961013793945	0.6250000	0
NOTE	614	81.2116241455078	0.416666686534882	0
NOTE	615	81.2978286743164	0.791666686534882	0
NOTE	616	81.3840408325195	0.416666686534882	0
NOTE	617	81.4702445720804	0.791666686534882	0
NOTE	618	72.1598942197602	0.16666667163372	0
NOTE	619	72.1599044799805	0.666666686534882	0
NOTE	620	72.5047218059671	0.5000000	0
NOTE	621	72.5047218059671	0.8750000	0
NOTE	622	72.6771355990706	0.291666686534882	0
NOTE	623	72.7633424956223	0.291666686534882	0
NOTE	624	72.8495559692383	0.5000000	0
NOTE	625	73.0219650268555	0.708333373069763	0
NOTE	626	73.1943817138672	0.708333373069763	0
NOTE	627	73.0219650268555	0.1250000	0
NOTE	628	72.8495559692383	0.833333373069763	0
NOTE	629	73.3667984008789	0.833333373069763	0
NOTE	630	73.1943817138672	0.208333343267441	0
NOTE	631	73.2805878211712	0.1250000	0
NOTE	632	73.3667984008789	0.291666686534882	0
NOTE	633	73.5392048276704	0.1250000	0
NOTE	634	73.5392150878906	0.6250000	0
NOTE	635	73.7116241455078	0.5000000	0
NOTE	636	73.8840408325195	0.8750000	0
NOTE	637	73.8840324138773	0.3750000	0
NOTE	638	74.0564462069807	0.5000000	0
NOTE	639	81.4702445720804	0.291666686534882	0
NOTE	640	81.5564514686321	0.583333373069763	0
NOTE	641	81.6426583651839	0.458333343267441	0
NOTE	642	81.7288652617356	0.7500000	0
NOTE	643	74.2288639463227	0.291666686534882	0
NOTE	644	74.4012777394262	0.1250000	0
NOTE	645	74.4012756347656	0.708333373069763	0
NOTE	646	74.9185154355805	0.1250000	0
NOTE	647	74.9185154355805	0.8750000	0
NOTE	648	75.52197265625	0.291666686534882	0
NOTE	649	75.2633514404297	0.5000000	0
NOTE	650	75.2633514404297	0.8750000	0
NOTE	651	75.4357681274414	0.291666686534882	0
NOTE	652	74.5736915325296	0.708333373069763	0
NOTE	653	74.7461053256331	0.708333373069763	0
NOTE	654	74.6598984290814	0.291666686534882	0
NOTE	655	74.8323122221848	0.291666686534882	0
NOTE	656	75.6081745542329	0.8750000	0
NOTE	657	75.7805883473363	0.666666686534882	0
NOTE	658	75.7805883473363	0.1250000	0
NOTE	659	75.9530021404398	0.1250000	0
NOTE	660	75.9530021404398	0.666666686534882	0
NOTE	661	76.0823135375977	0.3750000	0
NOTE	662	76.1254196166992	0.291666686534882	0
NOTE	663	76.2537231445313	0.3750000	0
NOTE	664	76.1685180664063	0.208333343267441	0
NOTE	665	76.2116241455078	0.291666686534882	0
NOTE	666	76.2978260434907	0.5000000	0.1724170
NOTE	667	76.2978260434907	0.8750000	0
NOTE	668	76.6426536296976	0.8750000	0
NOTE	669	76.6426620483398	0.333333343267441	0
NOTE	670	76.8150787353516	0.333333343267441	0
NOTE	671	76.9874877929688	0.8750000	0
NOTE	672	77.1598968505859	0.1250000	0
NOTE	673	77.1598968505859	0.6250000	0
NOTE	674	77.3323127483499	0.708333373069763	0
NOTE	675	77.4185196449017	0.708333373069763	0
NOTE	676	77.5047302246094	0.5000000	0
NOTE	677	77.590934753418	0.5000000	0
NOTE	678	77.6771366514009	0.8750000	0.1724168
NOTE	679	77.6771366514009	0.2500000	0
NOTE	680	78.02197265625	0.333333343267441	0
NOTE	681	78.02197265625	0.8750000	0
NOTE	682	78.1943893432617	0.333333343267441	0
NOTE	683	78.3667984008789	0.833333373069763	0
NOTE	684	78.5392074584961	0.666666686534882	0
NOTE	685	78.5392095631567	0.1250000	0
NOTE	686	78.7116233562601	0.5000000	0
NOTE	687	78.7978302528118	0.708333373069763	0
NOTE	688	78.8840371493636	0.5000000	0
NOTE	689	79.7461063779634	0.3750000	0
NOTE	690	79.7461063779634	0.833333373069763	0
NOTE	691	79.9185201710668	0.833333373069763	0
NOTE	692	80.0909339641703	0.666666686534882	0
NOTE	693	80.177140860722	0.3750000	0
NOTE	694	80.2633477572737	0.666666686534882	0
NOTE	695	79.0564575195313	0.1250000	0.1724165
NOTE	696	79.056447259311	0.8750000	0
NOTE	697	79.5736999511719	0.541666686534882	0
NOTE	698	79.4012832641602	0.1250000	0
NOTE	699	79.4012832641602	0.666666686534882	0
NOTE	700	103.194381713867	0.416666686534882	0
NOTE	701	103.280586242676	0.583333373069763	0
NOTE	702	103.366790771484	0.416666686534882	0
NOTE	703	103.453002929688	0.7500000	0
NOTE	704	103.539207458496	0.2500000	0
NOTE	705	103.625411987305	0.583333373069763	0
NOTE	706	103.711624145508	0.416666686534882	0
NOTE	707	103.797828674316	0.583333373069763	0
NOTE	708	103.88404083252	0.1250000	0.6034467
NOTE	709	103.88404083252	0.8750000	0.6034467
NOTE	710	102.677139282227	0.1250000	0
NOTE	711	102.763348283439	0.8750000	0
NOTE	712	102.849555969238	0.1250000	0
NOTE	713	103.02197265625	0.1250000	0
NOTE	714	102.935760498047	0.8750000	0
NOTE	715	103.108177185059	0.8750000	0
NOTE	716	81.815071105957	0.916666686534882	0.3448299
NOTE	717	90.090934753418	0.1250000	0.2155181
NOTE	718	90.5219650268555	0.82733565568924	0
NOTE	719	90.2633438110352	0.8750000	0
NOTE	720	90.3495559692383	0.934501171112061	0
NOTE	721	90.4357604980469	0.916666626930237	0
NOTE	722	90.4357604980469	0.1250000	0
NOTE	723	90.6081771850586	0.1250000	0
NOTE	724	90.6943817138672	0.216312631964684	0
NOTE	725	90.7805912412446	0.345275849103928	0
NOTE	726	90.8667984008789	0.452441334724426	0
NOTE	727	91.0392150878906	0.428556323051453	0
NOTE	728	90.9530029296875	0.492073535919189	0
NOTE	729	91.1254188274515	0.323372453451157	0.1724125
NOTE	730	91.1254188274515	0.611181616783142	0
NOTE	731	91.2116241455078	0.541666686534882	0
NOTE	732	91.3840408325195	0.654777050018311	0
NOTE	733	91.2978363037109	0.557519555091858	0
NOTE	734	91.4702427305024	0.1250000	0
NOTE	735	91.6426565236059	0.1250000	0.1724191
NOTE	736	91.4702427305024	0.77576094865799	0
NOTE	737	91.5564496270542	0.869002342224121	0
NOTE	738	91.6426544189453	0.873018383979797	0
NOTE	739	91.9874841098128	0.1250000	0
NOTE	740	92.0736910063645	0.2500000	0
NOTE	741	92.1599018491548	0.666666686534882	0
NOTE	742	92.2461087457065	0.541666686534882	0
NOTE	743	92.3323156422582	0.416666686534882	0
NOTE	744	92.4185225388099	0.291666686534882	0
NOTE	745	92.5047294353617	0.583333373069763	0
NOTE	746	92.5909363319134	0.416666686534882	0
NOTE	747	92.6771432284651	0.583333373069763	0
NOTE	748	90.0909321225923	0.541666686534882	0
NOTE	749	90.1771392822266	0.416666686534882	0
NOTE	750	101.987480163574	0.708333373069763	0
NOTE	751	102.159896850586	0.291666686534882	0
NOTE	752	102.332313537598	0.5000000	0.1293072
NOTE	753	101.125419616699	0.1250000	0
NOTE	754	101.125419616699	0.8750000	0.1724127
NOTE	755	101.470245361328	0.1250000	0
NOTE	756	101.64266204834	0.8750000	0
NOTE	757	90.6081735019026	0.708333373069763	0
NOTE	758	91.7288665771484	0.791666686534882	0
NOTE	759	91.8150703167093	0.8750000	0
NOTE	760	91.9012756347656	0.7500000	0
NOTE	761	100.435760498047	0.291666686534882	0
NOTE	762	100.521965026855	0.416666686534882	0
NOTE	763	100.780586242676	0.291666686534882	0
NOTE	764	100.608169555664	0.541666686534882	0
NOTE	765	100.694381713867	0.416666686534882	0
NOTE	766	100.780586242676	0.708333373069763	0.1724185
NOTE	767	100.953002929688	0.291666686534882	0
NOTE	768	99.7461063779634	0.8750000	0.3448268
NOTE	769	100.090934753418	0.1250000	0.2586217
NOTE	770	99.0564575195313	0.708333373069763	0
NOTE	771	99.2288665771484	0.333333343267441	0
NOTE	772	99.2288665771484	0.583333373069763	0
NOTE	773	99.4012748455179	0.458333343267441	0.1724187
NOTE	774	98.3667984008789	0.16666667163372	0.3448270
NOTE	775	98.3667984008789	0.583333373069763	0
NOTE	776	98.5392074584961	0.708333373069763	0
NOTE	777	98.7116241455078	0.833333373069763	0
NOTE	778	98.8840371493636	0.16666667163372	0
NOTE	779	97.6771469116211	0.7500000	0.1724171
NOTE	780	97.8495504445043	0.583333373069763	0
NOTE	781	98.0219642376078	0.416666686534882	0
NOTE	782	97.1598968505859	0.16666667163372	0.1724182
NOTE	783	96.987485162143	0.8750000	0
NOTE	784	97.3323127483499	0.8750000	0
NOTE	785	97.5047302246094	0.3750000	0
NOTE	786	99.5736886386214	0.333333343267441	0
NOTE	787	99.6599044799805	0.2500000	0
NOTE	788	96.2978363037109	0.833333373069763	0
NOTE	789	96.4702453613281	0.416666686534882	0
NOTE	790	96.6426620483398	0.6250000	0
NOTE	791	96.6857681274414	0.5000000	0
NOTE	792	96.9012832641602	0.345435976982117	0
NOTE	793	96.7288665771484	0.416666686534882	0
NOTE	794	96.77197265625	0.377094089984894	0
NOTE	795	96.8150787353516	0.361265033483505	0
NOTE	796	96.8581771850586	0.353350520133972	0
NOTE	797	96.1254196166992	0.666666686534882	0
NOTE	798	95.6081745542329	0.16666667163372	0
NOTE	799	95.9530029296875	0.16666667163372	0.1724136
NOTE	800	95.6081745542329	0.833333373069763	0.1724136
NOTE	801	95.9530029296875	0.791666686534882	0
NOTE	802	81.8150684751313	0.208333343267441	0
NOTE	803	81.9874801635742	0.0833333358168602	0
NOTE	804	82.1598968505859	0.208333343267441	0
NOTE	805	82.5047302246094	0.333333343267441	0
NOTE	806	82.6771392822266	0.500000029802322	0
NOTE	807	82.8495559692383	0.666666686534882	0.1724166
NOTE	808	82.8495559692383	0.333333343267441	0
NOTE	809	83.021968973094	0.5000000	0
NOTE	810	83.1081771850586	0.3750000	0
NOTE	811	83.1943817138672	0.1250000	0.3448296
NOTE	812	83.1943790830415	0.8750000	0
NOTE	813	83.7116241455078	0.1250000	0
NOTE	814	83.5392066692484	0.8750000	0
NOTE	815	83.8840408325195	0.708333373069763	0
NOTE	816	83.9702453613281	0.583333373069763	0
NOTE	817	84.0564519947973	0.3750000	0
NOTE	818	84.142658891349	0.5000000	0
NOTE	819	84.2288665771484	0.6250000	0
NOTE	820	84.4012832641602	0.3750000	0
NOTE	821	84.5736896909516	0.8750000	0.3448294
NOTE	822	84.5736896909516	0.583333373069763	0
NOTE	823	84.9185172771585	0.16666667163372	0
NOTE	824	85.090931070262	0.291666686534882	0
NOTE	825	85.4357604980469	0.708333373069763	0
NOTE	826	85.6081771850586	0.583333373069763	0
NOTE	827	85.7805938720703	0.458333343267441	0
NOTE	828	85.8667984008789	0.3750000	0
NOTE	829	85.9530029296875	0.2500000	0
NOTE	830	86.0392074584961	0.16666667163372	0
NOTE	831	86.2978286743164	0.2500000	0
NOTE	832	86.1254119873047	0.0833333358168602	0
NOTE	833	86.2116241455078	0.16666667163372	0
NOTE	834	85.9530002988618	0.833333373069763	0
NOTE	835	86.4702453613281	0.16666667163372	0
NOTE	836	86.4702416781721	0.7500000	0
NOTE	837	86.5564498901367	0.833333373069763	0
NOTE	838	86.6426620483398	0.416666686534882	0
NOTE	839	86.7288665771484	0.333333343267441	0
NOTE	840	86.815071105957	0.416666686534882	0
NOTE	841	86.987487003721	0.333333343267441	0
NOTE	842	87.1599007968245	0.458333343267441	0
NOTE	843	86.987487003721	0.666666686534882	0.1724133
NOTE	844	86.1254140919653	0.833333373069763	0
NOTE	845	86.6426620483398	0.6250000	0
NOTE	846	87.3323135375977	0.1250000	0.3448289
NOTE	847	87.3323135375977	0.791666686534882	0
NOTE	848	87.5047225952148	0.916666686534882	0
NOTE	849	87.6771392822266	0.791666686534882	0
NOTE	850	87.8495522860823	0.1250000	0
NOTE	851	88.7116241455078	0.1250000	0.3448286
NOTE	852	88.884033203125	0.833333373069763	0
NOTE	853	89.0564498901367	0.708333373069763	0
NOTE	854	89.2288665771484	0.833333373069763	0
NOTE	855	88.1943817138672	0.583333373069763	0
NOTE	856	88.3667984008789	0.291666686534882	0.1724156
NOTE	857	88.5392150878906	0.583333373069763	0
NOTE	858	88.6254196166992	0.666666686534882	0
NOTE	859	89.4012832641602	0.6250000	0
NOTE	860	89.4874877929688	0.5000000	0
NOTE	861	89.7461090087891	0.6250000	0
NOTE	862	89.5736923217773	0.3750000	0
NOTE	863	89.6599044799805	0.5000000	0
NOTE	864	116.987487792969	0.916666686534882	0
NOTE	865	117.073692321777	0.208333343267441	0
NOTE	866	117.246109008789	0.2500000	0
NOTE	867	117.159896850586	0.8750000	0
NOTE	868	92.8495533384126	0.1250000	0.3448280
NOTE	869	92.8495559692383	0.7500000	0
NOTE	870	93.0219650268555	0.8750000	0
NOTE	871	93.3667984008789	0.8750000	0
NOTE	872	93.1943817138672	0.7500000	0
NOTE	873	94.9185256958008	0.2500000	0
NOTE	874	95.0047302246094	0.3750000	0
NOTE	875	95.090934753418	0.5000000	0
NOTE	876	95.1771469116211	0.3750000	0
NOTE	877	95.2633514404297	0.6250000	0
NOTE	878	94.2288639463227	0.1250000	0.3879312
NOTE	879	94.2288665771484	0.8750000	0
NOTE	880	94.4012777394262	0.7500000	0
NOTE	881	94.5736923217773	0.8750000	0
NOTE	882	93.5392150878906	0.208333343267441	0
NOTE	883	93.7116241455078	0.291666686534882	0
NOTE	884	93.8840408325195	0.6250000	0
NOTE	885	93.8840408325195	0.3750000	0
NOTE	886	94.0564575195313	0.458333343267441	0
NOTE	887	94.1426620483398	0.3750000	0
NOTE	888	4.57368946075439	0.541666686534882	0
NOTE	889	3.71162056922913	0.458333343267441	0
NOTE	890	3.1943793296814	0.458333343267441	0
NOTE	891	3.1943793296814	0.833333373069763	0
NOTE	892	3.36679315567017	0.708333373069763	0
NOTE	893	5.95300006866455	0.791666686534882	0
NOTE	894	7.3323104299348	0.16666667163372	0
NOTE	895	9.74610328674316	0.291666686534882	0
NOTE	896	9.57368946075439	0.708333373069763	0
NOTE	897	9.57368946075439	0.416666686534882	0
NOTE	898	10.9530000686646	0.458333343267441	0
NOTE	899	12.5047245025635	0.666666686534882	0
NOTE	900	11.4702415466309	0.291666686534882	0
NOTE	901	11.6426553726196	0.1250000	0
NOTE	902	12.0305862426758	0.291666686534882	0
NOTE	903	11.858172416687	0.1250000	0
NOTE	904	11.4702417768281	0.791666686534882	0
NOTE	905	11.9874831561385	0.791666686534882	0
NOTE	906	69.4012806333345	0.833333373069763	0
NOTE	907	69.9185256958008	0.16666667163372	0
NOTE	908	69.4012832641602	0.458333343267441	0
NOTE	909	69.5736923217773	0.583333373069763	0
NOTE	910	69.9185256958008	0.583333373069763	0
NOTE	911	69.7461090087891	0.458333343267441	0
NOTE	912	68.7116241455078	0.416666686534882	0
NOTE	913	69.2288665771484	0.291666686534882	0
NOTE	914	68.884033203125	0.291666686534882	0
NOTE	915	69.0564498901367	0.16666667163372	0
NOTE	916	68.02197265625	0.16666667163372	0
NOTE	917	68.02197265625	0.5000000	0
NOTE	918	68.5392150878906	0.6250000	0
NOTE	919	68.3667984008789	0.7500000	0
NOTE	920	68.1943817138672	0.6250000	0
NOTE	921	59.7461063779634	0.1250000	0.5172398
NOTE	922	59.7461013793945	0.8750000	0.5172436
NOTE	923	65.2633514404297	0.7500000	0
NOTE	924	65.4357604980469	0.8750000	0
NOTE	925	65.7805938720703	0.6250000	0
NOTE	926	65.6081771850586	0.7500000	0
NOTE	927	65.9530002988618	0.291666686534882	0
NOTE	928	66.1254119873047	0.416666686534882	0
NOTE	929	66.4702453613281	0.16666667163372	0
NOTE	930	66.2978286743164	0.291666686534882	0
NOTE	931	67.6771392822266	0.2500000	0
NOTE	932	67.5047225952148	0.3750000	0
NOTE	933	66.9874877929688	0.541666686534882	0
NOTE	934	62.5047237790864	0.1250000	0
NOTE	935	62.5047225952148	0.791666686534882	0
NOTE	936	62.6771392822266	0.916666686534882	0
NOTE	937	62.849552154541	0.791666686534882	0
NOTE	938	63.1943778991699	0.666666686534882	0
NOTE	939	63.3667945861816	0.541666686534882	0
NOTE	940	63.5392074584961	0.666666686534882	0
NOTE	941	63.7116203308105	0.416666686534882	0
NOTE	942	63.5392074584961	0.2500000	0
LINK 17 18 19 21
LINK 24 25 27
LINK 30 898 31
LINK 35 36
LINK 37 38
LINK 41 42 43
LINK 44 45
LINK 54 55 933 56
LINK 58 932 931 59
LINK 60 61 62
LINK 65 899 66
LINK 70 71
LINK 72 73
LINK 83 84
LINK 88 89
LINK 96 97 99 98
LINK 107 108
LINK 115 116
LINK 124 125
LINK 127 128
LINK 132 133
LINK 147 148
LINK 149 150
LINK 158 159
LINK 162 163
LINK 173 174
LINK 178 179
LINK 182 183
LINK 189 190
LINK 256 257
LINK 263 264 266 267 268 265
LINK 269 270 271 272 273 274
LINK 279 280 283 284 282 285 281
LINK 288 289
LINK 290 291
LINK 298 299 301 302 303 304 300
LINK 307 308 310 311 309
LINK 316 317 319 320 321 322 323 318
LINK 330 331 332
LINK 336 337 338
LINK 342 343
LINK 347 348 350 351 352 353 349
LINK 365 366
LINK 373 374
LINK 378 379
LINK 381 382
LINK 384 385 387 388 389 386
LINK 391 392 393 394 395 396
LINK 399 400
LINK 402 403
LINK 404 405
LINK 410 411
LINK 414 415 417 418 419 420 416
LINK 427 428
LINK 437 438
LINK 441 442
LINK 444 445 447 448 449 450 446
LINK 453 454
LINK 459 460 462 463 464 465 461
LINK 472 473
LINK 485 486
LINK 490 528 491
LINK 492 527 487
LINK 493 494
LINK 495 496
LINK 497 498
LINK 499 500
LINK 501 502
LINK 503 504
LINK 513 514 516 515
LINK 518 519
LINK 520 521
LINK 522 523
LINK 524 525
LINK 526 488
LINK 532 533
LINK 538 539 540
LINK 542 543 544
LINK 553 554 556 555
LINK 563 564 566 565
LINK 567 568 569 570
LINK 571 572 574 573
LINK 575 576 578 577
LINK 579 583 580
LINK 581 582
LINK 584 585 586
LINK 593 594 595
LINK 596 597 599 600 598
LINK 630 631
LINK 661 662 664 665 663
LINK 719 720 721 718
LINK 723 724
LINK 725 726 728 727
LINK 730 731 733 732
LINK 736 737 738 758
LINK 748 749
LINK 759 760
LINK 761 762 764 765 763
LINK 775 776
LINK 786 787
LINK 790 791 793 794 795 796 792
LINK 802 803 804
LINK 809 810
LINK 815 816
LINK 818 819
LINK 827 828
LINK 829 830 832 833 831
LINK 836 837
LINK 838 839 840
LINK 847 848 849
LINK 857 858
LINK 859 860 862 863 861
LINK 864 865 867 866
LINK 869 870 872 871
LINK 873 874 875 876
LINK 886 887
LINK 900 901 903 902
LINK 908 909 911 910
LINK 912 914 915 913
LINK 917 920 919 918
LINK 923 924 926 925
LINK 927 928 930 929
LINK 935 936 937
LINK 938 939 940
