VERSION 2
BPM 340.000000
PAGE_SHIFT 0.783088
PAGE_SIZE 0.705882
NOTE	0	5.629234	0.250000	0.000000
NOTE	1	6.335116	0.400391	0.000000
NOTE	2	7.040998	0.599609	0.000000
NOTE	3	8.099821	0.799805	0.000000
NOTE	4	8.452762	0.650391	0.000000
NOTE	5	9.158644	0.450195	0.000000
NOTE	6	9.864526	0.250000	0.000000
NOTE	7	11.276290	0.250000	0.000000
NOTE	8	11.276290	0.750000	0.000000
NOTE	9	11.982172	0.299805	0.000000
NOTE	10	11.982172	0.700195	0.000000
NOTE	11	12.688054	0.349609	0.000000
NOTE	12	12.688054	0.650391	0.000000
NOTE	13	14.099817	0.349609	0.000000
NOTE	14	14.099817	0.650391	0.000000
NOTE	15	14.805699	0.299805	0.000000
NOTE	16	14.805699	0.700195	0.000000
NOTE	17	15.511580	0.250000	0.000000
NOTE	18	15.511580	0.750000	0.000000
NOTE	19	16.746876	0.450195	0.000000
NOTE	20	16.923346	0.299805	0.000000
NOTE	21	16.923346	0.650391	0.000000
NOTE	22	17.629229	0.400391	0.000000
NOTE	23	17.629229	0.750000	0.000000
NOTE	24	18.335110	0.500000	0.000000
NOTE	25	18.335110	0.849609	0.000000
NOTE	26	19.393932	0.599609	0.000000
NOTE	27	19.746874	0.500000	0.000000
NOTE	28	19.746874	0.849609	0.000000
NOTE	29	20.452755	0.400391	0.000000
NOTE	30	20.452755	0.750000	0.000000
NOTE	31	21.158638	0.299805	0.000000
NOTE	32	21.158638	0.700195	0.000000
NOTE	33	21.335108	0.400391	0.000000
NOTE	34	21.335108	0.599609	0.000000
NOTE	35	21.511580	0.400391	0.000000
NOTE	36	21.511580	0.599609	0.000000
NOTE	37	21.688049	0.299805	0.000000
NOTE	38	21.688049	0.700195	0.000000
NOTE	39	21.864519	0.200195	0.000000
NOTE	40	21.864519	0.799805	0.000000
NOTE	41	22.040991	0.150391	0.000000
NOTE	42	22.129225	0.150391	0.000000
NOTE	43	22.217461	0.150391	0.000000
NOTE	44	22.217461	0.849609	0.000000
NOTE	45	22.393930	0.500000	0.000000
NOTE	46	22.570402	0.650391	0.000000
NOTE	47	22.570402	0.299805	0.176470
NOTE	48	22.746872	0.700195	0.000000
NOTE	49	22.923344	0.599609	0.000000
NOTE	50	22.923344	0.349609	0.000000
NOTE	51	23.099813	0.700195	0.000000
NOTE	52	23.276283	0.849609	0.176472
NOTE	53	23.276283	0.500000	0.000000
NOTE	54	23.452755	0.450195	0.000000
NOTE	55	23.629225	0.549805	0.000000
NOTE	56	23.629225	0.799805	0.000000
NOTE	57	23.805695	0.450195	0.000000
NOTE	58	23.982166	0.299805	0.176470
NOTE	59	23.982166	0.650391	0.000000
NOTE	60	24.158636	0.700195	0.000000
NOTE	61	24.335106	0.349609	0.000000
NOTE	62	24.335106	0.599609	0.000000
NOTE	63	24.511578	0.700195	0.000000
NOTE	64	24.688047	0.150391	0.176472
NOTE	65	24.688047	0.500000	0.000000
NOTE	66	25.040989	0.500000	0.000000
NOTE	67	25.217459	0.150391	0.000000
NOTE	68	25.217459	0.450195	0.000000
NOTE	69	25.393930	0.299805	0.176470
NOTE	70	25.393930	0.650391	0.000000
NOTE	71	25.570400	0.700195	0.000000
NOTE	72	25.746870	0.599609	0.000000
NOTE	73	25.746870	0.349609	0.000000
NOTE	74	25.923342	0.700195	0.000000
NOTE	75	26.099812	0.500000	0.000000
NOTE	76	26.099812	0.849609	0.176470
NOTE	77	26.276281	0.450195	0.000000
NOTE	78	26.452753	0.549805	0.000000
NOTE	79	26.452753	0.799805	0.000000
NOTE	80	26.629223	0.450195	0.000000
NOTE	81	26.805695	0.299805	0.176468
NOTE	82	26.805695	0.650391	0.000000
NOTE	83	26.982162	0.700195	0.000000
NOTE	84	27.158634	0.599609	0.000000
NOTE	85	27.158634	0.349609	0.000000
NOTE	86	27.335108	0.700195	0.000000
NOTE	87	27.511574	0.200195	0.176472
NOTE	88	27.688046	0.799805	0.000000
NOTE	89	27.864519	0.200195	0.000000
NOTE	90	27.864519	0.799805	0.000000
NOTE	91	28.040985	0.799805	0.000000
NOTE	92	28.217457	0.299805	0.000000
NOTE	93	28.217457	0.549805	0.000000
NOTE	94	28.393930	0.299805	0.000000
NOTE	95	28.570396	0.299805	0.000000
NOTE	96	28.570396	0.650391	0.000000
NOTE	97	28.746870	0.299805	0.000000
NOTE	98	28.923342	0.450195	0.000000
NOTE	99	28.923342	0.700195	0.000000
NOTE	100	29.099812	0.450195	0.000000
NOTE	101	29.276281	0.450195	0.000000
NOTE	102	29.276281	0.799805	0.000000
NOTE	103	29.452751	0.450195	0.000000
NOTE	104	29.629223	0.599609	0.000000
NOTE	105	29.629223	0.849609	0.000000
NOTE	106	29.805693	0.599609	0.000000
NOTE	107	29.982162	0.599609	0.000000
NOTE	108	29.982162	0.950195	0.000000
NOTE	109	30.158634	0.599609	0.000000
NOTE	110	30.335104	0.349609	0.176470
NOTE	111	30.335104	0.700195	0.176470
NOTE	112	30.688046	0.349609	0.176470
NOTE	113	30.688046	0.700195	0.176470
NOTE	114	31.040985	0.599609	0.000000
NOTE	115	31.040985	0.349609	0.000000
NOTE	116	31.217457	0.599609	0.000000
NOTE	117	31.393927	0.599609	0.000000
NOTE	118	31.393927	0.250000	0.000000
NOTE	119	31.570396	0.599609	0.000000
NOTE	120	31.746868	0.450195	0.000000
NOTE	121	31.746868	0.200195	0.000000
NOTE	122	31.923338	0.450195	0.000000
NOTE	123	32.099808	0.450195	0.000000
NOTE	124	32.099808	0.099609	0.000000
NOTE	125	32.276279	0.450195	0.000000
NOTE	126	32.452751	0.349609	0.000000
NOTE	127	32.452751	0.650391	0.000000
NOTE	128	32.629219	0.349609	0.000000
NOTE	129	32.805691	0.349609	0.000000
NOTE	130	32.805691	0.650391	0.000000
NOTE	131	32.982162	0.650391	0.000000
NOTE	132	33.158630	0.250000	0.000000
NOTE	133	33.246868	0.750000	0.000000
NOTE	134	33.335102	0.150391	0.000000
NOTE	135	33.423336	0.849609	0.000000
NOTE	136	33.511574	0.150391	0.000000
NOTE	137	33.599808	0.849609	0.000000
NOTE	138	33.688042	0.200195	0.000000
NOTE	139	33.776279	0.799805	0.000000
NOTE	140	33.864513	0.700195	0.176472
NOTE	141	33.864513	0.349609	0.000000
NOTE	142	34.040985	0.299805	0.000000
NOTE	143	34.217453	0.650391	0.000000
NOTE	144	34.217453	0.400391	0.000000
NOTE	145	34.393925	0.299805	0.000000
NOTE	146	34.570396	0.500000	0.176472
NOTE	147	34.570396	0.150391	0.000000
NOTE	148	34.746868	0.099609	0.000000
NOTE	149	34.923336	0.200195	0.000000
NOTE	150	34.923336	0.450195	0.000000
NOTE	151	35.099808	0.099609	0.000000
NOTE	152	35.276279	0.349609	0.000000
NOTE	153	35.276279	0.700195	0.176468
NOTE	154	35.452747	0.299805	0.000000
NOTE	155	35.629219	0.400391	0.000000
NOTE	156	35.629219	0.650391	0.000000
NOTE	157	35.805691	0.299805	0.000000
NOTE	158	35.982159	0.549805	0.000000
NOTE	159	35.982159	0.849609	0.176472
NOTE	160	36.335102	0.549805	0.000000
NOTE	161	36.335102	0.900391	0.000000
NOTE	162	36.511570	0.849609	0.000000
NOTE	163	36.688042	0.349609	0.000000
NOTE	164	36.688042	0.700195	0.176472
NOTE	165	36.864513	0.299805	0.000000
NOTE	166	37.040981	0.400391	0.000000
NOTE	167	37.040981	0.650391	0.000000
NOTE	168	37.217453	0.299805	0.000000
NOTE	169	37.393925	0.500000	0.176468
NOTE	170	37.393925	0.150391	0.000000
NOTE	171	37.570393	0.099609	0.000000
NOTE	172	37.746864	0.200195	0.000000
NOTE	173	37.746864	0.450195	0.000000
NOTE	174	37.923336	0.099609	0.000000
NOTE	175	38.099804	0.349609	0.000000
NOTE	176	38.099804	0.700195	0.176472
NOTE	177	38.276276	0.299805	0.000000
NOTE	178	38.452747	0.400391	0.000000
NOTE	179	38.452747	0.650391	0.000000
NOTE	180	38.629219	0.299805	0.000000
NOTE	181	38.805687	0.150391	0.176472
NOTE	182	38.805687	0.450195	0.000000
NOTE	183	39.158630	0.099609	0.000000
NOTE	184	39.158630	0.450195	0.000000
NOTE	185	39.335098	0.150391	0.000000
NOTE	186	39.511570	0.299805	0.000000
NOTE	187	39.511570	0.549805	0.000000
NOTE	188	39.688042	0.299805	0.000000
NOTE	189	39.864510	0.299805	0.000000
NOTE	190	39.864510	0.599609	0.000000
NOTE	191	40.040981	0.299805	0.000000
NOTE	192	40.217453	0.450195	0.000000
NOTE	193	40.217453	0.700195	0.000000
NOTE	194	40.393921	0.450195	0.000000
NOTE	195	40.570393	0.450195	0.000000
NOTE	196	40.570393	0.750000	0.000000
NOTE	197	40.746864	0.450195	0.000000
NOTE	198	40.923332	0.599609	0.000000
NOTE	199	40.923332	0.849609	0.000000
NOTE	200	41.099804	0.599609	0.000000
NOTE	201	41.276276	0.599609	0.000000
NOTE	202	41.276276	0.900391	0.000000
NOTE	203	41.452744	0.599609	0.000000
NOTE	204	41.629215	0.700195	0.000000
NOTE	205	41.805687	0.700195	0.000000
NOTE	206	41.805687	0.299805	0.000000
NOTE	207	41.982155	0.299805	0.176472
NOTE	208	41.982155	0.700195	0.176472
NOTE	209	42.335098	0.500000	0.176472
NOTE	210	42.511570	0.150391	0.000000
NOTE	211	42.688038	0.500000	0.176472
NOTE	212	42.864510	0.150391	0.000000
NOTE	213	43.040981	0.349609	0.176468
NOTE	214	43.217449	0.650391	0.000000
NOTE	215	43.393921	0.349609	0.176472
NOTE	216	43.570393	0.650391	0.000000
NOTE	217	43.746861	0.200195	0.000000
NOTE	218	43.835098	0.799805	0.000000
NOTE	219	43.923332	0.799805	0.000000
NOTE	220	44.011566	0.200195	0.000000
NOTE	221	44.099804	0.200195	0.000000
NOTE	222	44.188038	0.799805	0.000000
NOTE	223	44.276272	0.799805	0.000000
NOTE	224	44.364510	0.200195	0.000000
NOTE	225	44.452744	0.349609	0.000000
NOTE	226	44.629215	0.650391	0.000000
NOTE	227	44.717449	0.650391	0.000000
NOTE	228	44.805683	0.650391	0.000000
NOTE	229	44.982155	0.349609	0.000000
NOTE	230	44.982155	0.650391	0.000000
NOTE	231	45.070389	0.650391	0.000000
NOTE	232	45.158627	0.799805	0.352939
NOTE	233	45.158627	0.200195	0.176467
NOTE	234	45.511566	0.200195	0.000000
NOTE	235	45.864510	0.349609	0.176467
NOTE	236	45.864510	0.650391	0.176467
NOTE	237	46.217449	0.650391	0.000000
NOTE	238	46.570389	0.200195	0.352943
NOTE	239	46.923332	0.799805	0.264706
NOTE	240	47.276272	0.349609	0.000000
NOTE	241	47.276272	0.650391	0.176472
NOTE	242	47.629211	0.349609	0.176472
NOTE	243	47.982155	0.200195	0.000000
NOTE	244	47.982155	0.549805	0.000000
NOTE	245	48.335094	0.200195	0.000000
NOTE	246	48.511566	0.200195	0.000000
NOTE	247	48.511566	0.549805	0.000000
NOTE	248	48.688034	0.450195	0.000000
NOTE	249	48.864506	0.450195	0.000000
NOTE	250	48.864506	0.799805	0.176472
NOTE	251	49.393917	0.700195	0.000000
NOTE	252	49.393917	0.349609	0.000000
NOTE	253	49.746861	0.349609	0.000000
NOTE	254	49.923328	0.349609	0.000000
NOTE	255	49.923328	0.700195	0.000000
NOTE	256	50.099800	0.450195	0.000000
NOTE	257	50.276272	0.200195	0.176468
NOTE	258	50.452740	0.450195	0.000000
NOTE	259	50.805683	0.299805	0.176468
NOTE	260	50.805683	0.700195	0.176468
NOTE	261	51.158623	0.299805	0.176472
NOTE	262	51.158623	0.700195	0.176472
NOTE	263	51.511562	0.200195	0.000000
NOTE	264	51.688034	0.200195	0.000000
NOTE	265	51.864506	0.799805	0.176468
NOTE	266	52.217445	0.299805	0.176472
NOTE	267	52.217445	0.700195	0.176472
NOTE	268	52.570385	0.299805	0.176472
NOTE	269	52.570385	0.700195	0.176472
NOTE	270	52.923328	0.799805	0.000000
NOTE	271	53.099800	0.799805	0.000000
NOTE	272	53.276268	0.200195	0.176472
NOTE	273	53.629211	0.700195	0.000000
NOTE	274	53.629211	0.349609	0.000000
NOTE	275	53.982151	0.349609	0.000000
NOTE	276	54.158623	0.700195	0.000000
NOTE	277	54.158623	0.349609	0.000000
NOTE	278	54.335091	0.799805	0.000000
NOTE	279	54.511566	0.799805	0.000000
NOTE	280	54.688030	0.450195	0.176468
NOTE	281	55.040974	0.599609	0.352940
NOTE	282	55.393913	0.250000	0.264706
NOTE	283	55.746853	0.500000	0.000000
NOTE	284	55.746853	0.750000	0.000000
NOTE	285	55.923321	0.400391	0.000000
NOTE	286	56.099796	0.500000	0.000000
NOTE	287	56.452736	0.250000	0.352940
NOTE	288	56.805676	0.750000	0.000000
NOTE	289	57.158619	0.599609	0.176472
NOTE	290	57.511566	0.400391	0.000000
NOTE	291	57.864498	0.200195	0.000000
NOTE	292	57.864498	0.549805	0.000000
NOTE	293	58.217442	0.200195	0.000000
NOTE	294	58.217442	0.549805	0.000000
NOTE	295	58.570389	0.450195	0.000000
NOTE	296	58.746853	0.400391	0.000000
NOTE	297	58.746853	0.750000	0.000000
NOTE	298	58.923321	0.450195	0.176476
NOTE	299	59.276264	0.299805	0.000000
NOTE	300	59.276264	0.650391	0.000000
NOTE	301	59.629211	0.650391	0.000000
NOTE	302	59.805676	0.650391	0.000000
NOTE	303	59.805676	0.299805	0.000000
NOTE	304	59.982151	0.200195	0.000000
NOTE	305	60.158619	0.200195	0.000000
NOTE	306	60.335091	0.500000	0.176468
NOTE	307	60.688030	0.400391	0.000000
NOTE	308	60.688030	0.750000	0.000000
NOTE	309	61.040974	0.400391	0.000000
NOTE	310	61.040974	0.750000	0.000000
NOTE	311	61.393913	0.299805	0.000000
NOTE	312	61.393913	0.599609	0.000000
NOTE	313	61.570381	0.650391	0.000000
NOTE	314	61.746853	0.599609	0.176468
NOTE	315	62.099796	0.200195	0.176468
NOTE	316	62.099796	0.799805	0.176468
NOTE	317	62.452736	0.200195	0.176468
NOTE	318	62.452736	0.799805	0.176468
NOTE	319	62.805676	0.299805	0.000000
NOTE	320	62.982151	0.374023	0.000000
NOTE	321	62.982151	0.650391	0.000000
NOTE	322	63.158619	0.450195	0.000000
NOTE	323	63.511559	0.200195	0.176468
NOTE	324	63.511559	0.799805	0.176468
NOTE	325	63.864498	0.200195	0.176472
NOTE	326	63.864498	0.799805	0.176472
NOTE	327	64.217438	0.700195	0.000000
NOTE	328	64.393913	0.626953	0.000000
NOTE	329	64.393913	0.349609	0.000000
NOTE	330	64.570381	0.549805	0.000000
NOTE	331	64.923325	0.150391	0.176468
NOTE	332	64.923325	0.750000	0.000000
NOTE	333	65.276260	0.200195	0.176476
NOTE	334	65.276260	0.750000	0.000000
NOTE	335	65.452736	0.500000	0.000000
NOTE	336	65.629204	0.299805	0.176468
NOTE	337	65.629204	0.650391	0.000000
NOTE	338	65.805672	0.599609	0.000000
NOTE	339	65.982147	0.349609	0.176468
NOTE	340	66.335083	0.250000	0.000000
NOTE	341	66.335083	0.750000	0.000000
NOTE	342	66.688026	0.750000	0.000000
NOTE	343	67.040970	0.599609	0.000000
NOTE	344	67.217438	0.500000	0.000000
NOTE	345	67.393906	0.400391	0.176476
NOTE	346	67.746849	0.200195	0.352943
NOTE	347	67.746849	0.650391	0.000000
NOTE	348	68.099792	0.650391	0.000000
NOTE	349	68.452728	0.299805	0.176476
NOTE	350	68.629204	0.400391	0.176468
NOTE	351	68.805672	0.799805	0.000000
NOTE	352	68.982140	0.799805	0.000000
NOTE	353	69.158615	0.200195	0.352943
NOTE	354	69.158615	0.700195	0.000000
NOTE	355	69.335083	0.599609	0.000000
NOTE	356	69.688026	0.700195	0.000000
NOTE	357	69.688026	0.450195	0.000000
NOTE	358	70.040970	0.349609	0.000000
NOTE	359	70.040970	0.794922	0.000000
NOTE	360	70.129204	0.306641	0.000000
NOTE	361	70.129204	0.768555	0.000000
NOTE	362	70.217438	0.266602	0.000000
NOTE	363	70.217438	0.713867	0.000000
NOTE	364	70.570381	0.200195	0.176468
NOTE	365	70.746849	0.599609	0.000000
NOTE	366	70.923317	0.599609	0.176476
NOTE	367	71.099792	0.250000	0.000000
NOTE	368	71.276260	0.349609	0.000000
NOTE	369	71.452728	0.450195	0.000000
NOTE	370	71.629204	0.799805	0.176468
NOTE	371	71.805672	0.450195	0.000000
NOTE	372	71.982140	0.650391	0.176476
NOTE	373	72.158615	0.299805	0.000000
NOTE	374	72.246849	0.250000	0.000000
NOTE	375	72.335083	0.200195	0.000000
NOTE	376	72.335083	0.650391	0.000000
NOTE	377	72.511551	0.650391	0.000000
NOTE	378	72.511551	0.200195	0.000000
NOTE	379	72.599785	0.250000	0.000000
NOTE	380	72.688026	0.349609	0.176468
NOTE	381	72.864494	0.799805	0.000000
NOTE	382	73.040962	0.799805	0.176476
NOTE	383	73.217438	0.500000	0.000000
NOTE	384	73.393906	0.700195	0.000000
NOTE	385	73.393906	0.299805	0.352943
NOTE	386	73.746849	0.700195	0.000000
NOTE	387	74.099785	0.599609	0.176476
NOTE	388	74.276260	0.500000	0.176468
NOTE	389	74.452728	0.150391	0.000000
NOTE	390	74.629196	0.150391	0.000000
NOTE	391	74.805672	0.400391	0.352936
NOTE	392	74.805672	0.799805	0.000000
NOTE	393	74.982140	0.700195	0.000000
NOTE	394	75.335083	0.400391	0.000000
NOTE	395	75.335083	0.799805	0.000000
NOTE	396	75.688019	0.236328	0.000000
NOTE	397	75.688019	0.715820	0.000000
NOTE	398	75.776260	0.292969	0.000000
NOTE	399	75.776260	0.738281	0.000000
NOTE	400	75.864494	0.307617	0.000000
NOTE	401	75.864494	0.809570	0.000000
NOTE	402	76.217430	0.500000	0.176476
NOTE	403	76.393906	0.150391	0.000000
NOTE	404	76.570374	0.500000	0.176468
NOTE	405	76.746841	0.200195	0.000000
NOTE	406	76.923317	0.328125	0.176468
NOTE	407	77.099785	0.650391	0.000000
NOTE	408	77.276260	0.380859	0.000000
NOTE	409	77.276260	0.650391	0.176468
NOTE	410	77.629196	0.250000	0.176476
NOTE	411	77.805672	0.750000	0.000000
NOTE	412	77.893906	0.799805	0.000000
NOTE	413	77.982140	0.849609	0.000000
NOTE	414	77.982140	0.250000	0.000000
NOTE	415	78.158607	0.849609	0.000000
NOTE	416	78.158607	0.250000	0.000000
NOTE	417	78.246841	0.799805	0.000000
NOTE	418	78.335083	0.700195	0.000000
NOTE	419	78.423317	0.500000	0.000000
NOTE	420	78.511551	0.650391	0.000000
NOTE	421	78.599785	0.450195	0.000000
NOTE	422	78.688019	0.599609	0.000000
NOTE	423	78.776253	0.400391	0.000000
NOTE	424	78.864494	0.549805	0.000000
NOTE	425	78.952728	0.349609	0.000000
NOTE	426	79.040962	0.200195	0.352943
NOTE	427	79.393906	0.799805	0.000000
NOTE	428	79.570374	0.799805	0.000000
NOTE	429	79.570374	0.500000	0.000000
NOTE	430	79.746841	0.650391	0.176476
NOTE	431	79.923317	0.349609	0.000000
NOTE	432	80.099785	0.349609	0.176468
NOTE	433	80.452728	0.200195	0.529411
NOTE	434	80.452728	0.500000	0.176468
NOTE	435	80.805664	0.500000	0.000000
NOTE	436	80.982140	0.549805	0.000000
NOTE	437	81.158607	0.650391	0.176468
NOTE	438	81.335075	0.349609	0.000000
NOTE	439	81.511551	0.349609	0.176468
NOTE	440	81.864487	0.799805	0.352943
NOTE	441	82.217430	0.200195	0.000000
NOTE	442	82.393898	0.200195	0.000000
NOTE	443	82.570374	0.349609	0.176468
NOTE	444	82.746841	0.650391	0.000000
NOTE	445	82.923309	0.650391	0.176476
NOTE	446	83.276253	0.500000	0.529411
NOTE	447	83.982132	0.299805	0.529419
NOTE	448	84.688019	0.799805	0.352943
NOTE	449	85.040962	0.200195	0.000000
NOTE	450	85.217430	0.200195	0.000000
NOTE	451	85.217430	0.500000	0.000000
NOTE	452	85.393898	0.349609	0.176476
NOTE	453	85.570374	0.650391	0.000000
NOTE	454	85.746841	0.650391	0.176468
NOTE	455	86.099785	0.799805	0.352936
NOTE	456	86.452721	0.200195	0.000000
NOTE	457	86.629196	0.200195	0.000000
NOTE	458	86.805664	0.700195	0.176468
NOTE	459	86.982132	0.450195	0.000000
NOTE	460	87.158607	0.450195	0.176468
NOTE	461	87.511543	0.599609	0.176476
NOTE	462	87.864487	0.299805	0.176468
NOTE	463	88.040955	0.599609	0.000000
NOTE	464	88.217430	0.200195	0.176468
NOTE	465	88.570366	0.799805	0.176476
NOTE	466	88.570366	0.200195	0.176476
NOTE	467	88.923309	0.400391	0.000000
NOTE	468	88.923309	0.599609	0.000000
NOTE	469	89.099777	0.400391	0.000000
NOTE	470	89.099777	0.599609	0.000000
NOTE	471	89.276253	0.400391	0.000000
NOTE	472	89.276253	0.599609	0.000000
NOTE	473	89.452721	0.400391	0.000000
NOTE	474	89.452721	0.599609	0.000000
NOTE	475	89.629189	0.250000	0.000000
NOTE	476	89.629189	0.750000	0.000000
NOTE	477	89.805664	0.250000	0.000000
NOTE	478	89.982132	0.750000	0.000000
NOTE	479	89.982132	0.250000	0.000000
NOTE	480	90.070366	0.808594	0.000000
NOTE	481	90.070366	0.186523	0.000000
NOTE	482	90.158600	0.795898	0.000000
NOTE	483	90.158600	0.205078	0.000000
NOTE	484	90.246841	0.719727	0.000000
NOTE	485	90.246841	0.273438	0.000000
NOTE	486	90.335075	0.400391	0.176468
NOTE	487	90.335075	0.599609	0.176468
NOTE	488	90.688011	0.400391	0.176476
NOTE	489	90.688011	0.599609	0.176476
NOTE	490	91.040955	0.250000	0.000000
NOTE	491	91.040955	0.750000	0.000000
NOTE	492	91.217422	0.250000	0.000000
NOTE	493	91.217422	0.750000	0.000000
NOTE	494	91.393898	0.250000	0.176468
NOTE	495	91.393898	0.750000	0.176468
NOTE	496	91.746841	0.150391	0.000000
NOTE	497	91.746841	0.849609	0.000000
NOTE	498	91.923309	0.150391	0.000000
NOTE	499	92.099777	0.150391	0.176476
NOTE	500	92.276253	0.500000	0.000000
NOTE	501	92.629189	0.349609	0.000000
NOTE	502	92.629189	0.650391	0.000000
NOTE	503	92.717422	0.299805	0.000000
NOTE	504	92.717422	0.700195	0.000000
NOTE	505	92.805664	0.349609	0.000000
NOTE	506	92.805664	0.650391	0.000000
NOTE	507	93.158600	0.500000	0.000000
NOTE	508	93.158600	0.849609	0.176476
NOTE	509	93.511543	0.500000	0.000000
NOTE	510	93.688011	0.500000	0.000000
NOTE	511	93.688011	0.849609	0.000000
NOTE	512	93.864487	0.349609	0.000000
NOTE	513	93.864487	0.650391	0.000000
NOTE	514	94.040955	0.650391	0.176468
NOTE	515	94.040955	0.349609	0.176468
NOTE	516	94.393898	0.349609	0.000000
NOTE	517	94.393898	0.650391	0.000000
NOTE	518	94.746834	0.200195	0.000000
NOTE	519	94.746834	0.799805	0.000000
NOTE	520	94.835068	0.250000	0.000000
NOTE	521	94.835068	0.750000	0.000000
NOTE	522	94.923309	0.200195	0.000000
NOTE	523	94.923309	0.799805	0.000000
NOTE	524	95.276245	0.349609	0.000000
NOTE	525	95.452721	0.349609	0.000000
NOTE	526	95.452721	0.650391	0.000000
NOTE	527	95.629189	0.650391	0.000000
NOTE	528	95.805656	0.650391	0.000000
NOTE	529	95.805656	0.349609	0.000000
NOTE	530	95.893898	0.299805	0.000000
NOTE	531	95.893898	0.700195	0.000000
NOTE	532	95.982132	0.200195	0.176468
NOTE	533	95.982132	0.799805	0.176468
NOTE	534	96.335068	0.200195	0.176476
NOTE	535	96.335068	0.799805	0.176476
NOTE	536	96.688011	0.650391	0.176468
NOTE	537	96.688011	0.349609	0.176468
NOTE	538	97.040955	0.349609	0.176468
NOTE	539	97.040955	0.650391	0.176468
NOTE	540	97.393890	0.150391	0.000000
NOTE	541	97.393890	0.849609	0.000000
NOTE	542	97.570366	0.849609	0.000000
NOTE	543	97.746834	0.849609	0.176468
NOTE	544	97.923302	0.500000	0.000000
NOTE	545	98.276245	0.349609	0.000000
NOTE	546	98.276245	0.650391	0.000000
NOTE	547	98.364479	0.299805	0.000000
NOTE	548	98.364479	0.700195	0.000000
NOTE	549	98.452713	0.349609	0.000000
NOTE	550	98.452713	0.650391	0.000000
NOTE	551	98.805656	0.150391	0.000000
NOTE	552	98.805656	0.500000	0.176476
NOTE	553	99.158600	0.500000	0.000000
NOTE	554	99.335068	0.150391	0.000000
NOTE	555	99.335068	0.500000	0.000000
NOTE	556	99.511543	0.349609	0.000000
NOTE	557	99.511543	0.650391	0.000000
NOTE	558	99.688011	0.349609	0.176468
NOTE	559	99.688011	0.650391	0.176468
NOTE	560	100.040955	0.349609	0.000000
NOTE	561	100.040955	0.650391	0.000000
NOTE	562	100.393890	0.200195	0.000000
NOTE	563	100.393890	0.900391	0.000000
NOTE	564	100.482124	0.150391	0.000000
NOTE	565	100.570366	0.099609	0.000000
NOTE	566	100.570366	0.849609	0.000000
NOTE	567	100.658600	0.150391	0.000000
NOTE	568	100.746834	0.200195	0.000000
NOTE	569	100.746834	0.799805	0.000000
NOTE	570	101.099777	0.299805	0.000000
NOTE	571	101.099777	0.700195	0.000000
NOTE	572	101.188011	0.349609	0.000000
NOTE	573	101.276245	0.400391	0.000000
NOTE	574	101.276245	0.650391	0.000000
NOTE	575	101.364479	0.349609	0.000000
NOTE	576	101.452713	0.299805	0.000000
NOTE	577	101.452713	0.599609	0.000000
NOTE	578	101.629189	0.200195	0.176468
NOTE	579	101.629189	0.799805	0.000000
NOTE	580	101.982124	0.200195	0.176476
NOTE	581	101.982124	0.799805	0.000000
NOTE	582	102.335068	0.349609	0.176468
NOTE	583	102.335068	0.650391	0.000000
NOTE	584	102.511536	0.650391	0.000000
NOTE	585	102.688011	0.349609	0.176468
NOTE	586	102.864479	0.650391	0.000000
NOTE	587	103.040947	0.200195	0.176476
NOTE	588	103.040947	0.799805	0.000000
NOTE	589	103.393890	0.799805	0.000000
NOTE	590	103.393890	0.200195	0.176468
NOTE	591	103.746834	0.650391	0.000000
NOTE	592	103.923302	0.349609	0.000000
NOTE	593	104.011536	0.299805	0.000000
NOTE	594	104.099770	0.349609	0.000000
NOTE	595	104.099770	0.650391	0.000000
NOTE	596	104.452713	0.200195	0.176468
NOTE	597	104.452713	0.799805	0.000000
NOTE	598	104.805656	0.200195	0.176468
NOTE	599	105.158592	0.349609	0.176476
NOTE	600	105.158592	0.650391	0.000000
NOTE	601	105.511536	0.349609	0.176468
NOTE	602	105.688004	0.650391	0.000000
NOTE	603	105.864479	0.200195	0.176468
NOTE	604	106.040947	0.799805	0.000000
NOTE	605	106.129181	0.750000	0.000000
NOTE	606	106.217422	0.799805	0.000000
NOTE	607	106.217422	0.200195	0.000000
NOTE	608	106.393890	0.200195	0.000000
NOTE	609	106.570358	0.650391	0.000000
NOTE	610	106.746834	0.650391	0.000000
NOTE	611	106.746834	0.349609	0.000000
NOTE	612	106.923302	0.349609	0.000000
NOTE	613	107.099770	0.349609	0.000000
NOTE	614	107.099770	0.650391	0.000000
NOTE	615	107.188004	0.299805	0.000000
NOTE	616	107.188004	0.700195	0.000000
NOTE	617	107.276245	0.799805	0.176468
NOTE	618	107.276245	0.200195	0.000000
NOTE	619	107.629181	0.200195	0.000000
NOTE	620	107.629181	0.799805	0.176476
NOTE	621	107.982117	0.650391	0.176476
NOTE	622	107.982117	0.349609	0.000000
NOTE	623	108.158592	0.349609	0.000000
NOTE	624	108.335068	0.650391	0.176468
NOTE	625	108.511536	0.349609	0.000000
NOTE	626	108.688004	0.799805	0.176468
NOTE	627	108.864471	0.200195	0.000000
NOTE	628	109.040947	0.799805	0.176476
NOTE	629	109.040947	0.200195	0.000000
NOTE	630	109.393898	0.349609	0.000000
NOTE	631	109.570358	0.599609	0.000000
NOTE	632	109.658600	0.650391	0.000000
NOTE	633	109.746826	0.349609	0.000000
NOTE	634	109.746826	0.599609	0.000000
NOTE	635	110.099762	0.799805	0.176476
NOTE	636	110.099762	0.200195	0.000000
NOTE	637	110.452713	0.799805	0.176468
NOTE	638	110.452713	0.200195	0.000000
NOTE	639	110.805641	0.349609	0.000000
NOTE	640	110.805641	0.650391	0.176476
NOTE	641	110.982117	0.349609	0.000000
NOTE	642	111.158592	0.650391	0.176476
NOTE	643	111.335068	0.349609	0.000000
NOTE	644	111.511536	0.200195	0.000000
NOTE	645	111.511536	0.799805	0.000000
NOTE	646	111.688004	0.799805	0.000000
NOTE	647	111.688004	0.200195	0.000000
NOTE	648	111.864471	0.150391	0.000000
NOTE	649	111.864471	0.799805	0.000000
NOTE	650	111.952713	0.099609	0.000000
NOTE	651	112.040947	0.799805	0.000000
NOTE	652	112.040947	0.150391	0.000000
NOTE	653	112.129181	0.200195	0.000000
NOTE	654	112.393883	0.349609	0.000000
NOTE	655	112.393883	0.650391	0.000000
NOTE	656	112.482124	0.400391	0.000000
NOTE	657	112.570358	0.450195	0.000000
NOTE	658	112.570358	0.599609	0.000000
NOTE	659	112.658600	0.400391	0.000000
NOTE	660	112.746826	0.349609	0.000000
NOTE	661	112.746826	0.549805	0.000000
NOTE	662	112.923286	0.200195	0.000000
NOTE	663	112.923286	0.799805	0.352951
NOTE	664	113.276237	0.200195	0.000000
NOTE	665	113.629181	0.349609	0.000000
NOTE	666	113.805641	0.349609	0.000000
NOTE	667	114.158592	0.650391	0.000000
NOTE	668	114.511536	0.500000	0.000000
NOTE	669	114.688004	0.500000	0.000000
NOTE	670	115.040947	0.349609	0.352936
NOTE	671	115.393883	0.650391	0.264717
NOTE	672	115.746826	0.200195	0.529411
NOTE	673	115.746826	0.799805	0.529411
NOTE	674	116.452713	0.349609	0.529404
NOTE	675	116.982117	0.650391	0.000000
NOTE	676	117.864471	0.250000	0.352951
NOTE	677	118.217422	0.750000	0.264687
NOTE	678	118.570358	0.599609	0.352928
NOTE	679	118.923286	0.150391	0.000000
NOTE	680	119.276237	0.299805	0.000000
NOTE	681	119.452713	0.299805	0.000000
NOTE	682	119.805641	0.700195	0.000000
NOTE	683	120.158577	0.549805	0.000000
NOTE	684	120.335068	0.549805	0.000000
NOTE	685	120.688004	0.299805	0.352928
NOTE	686	121.040932	0.700195	0.264717
NOTE	687	121.393883	0.549805	0.352943
NOTE	688	121.746826	0.150391	0.264709
NOTE	689	122.099762	0.299805	0.352951
NOTE	690	122.452713	0.700195	0.264687
NOTE	691	123.158577	0.150391	0.264717
NOTE	692	123.158577	0.849609	0.264717
NOTE	693	123.511528	0.299805	0.264702
NOTE	694	123.511528	0.700195	0.264702
NOTE	695	123.864471	0.400391	0.264709
NOTE	696	123.864471	0.599609	0.264709
NOTE	697	124.217407	0.200195	0.000000
NOTE	698	124.217407	0.799805	0.000000
NOTE	699	124.393883	0.799805	0.000000
NOTE	700	124.570358	0.200195	0.000000
NOTE	701	124.923286	0.349609	0.000000
NOTE	702	124.923286	0.650391	0.000000
NOTE	703	125.099762	0.349609	0.176460
NOTE	704	125.452713	0.650391	0.000000
NOTE	705	125.805641	0.799805	0.000000
NOTE	706	125.982117	0.799805	0.000000
NOTE	707	125.982117	0.200195	0.000000
NOTE	708	126.335052	0.650391	0.000000
NOTE	709	126.511528	0.349609	0.176476
NOTE	710	126.688004	0.650391	0.000000
NOTE	711	126.864464	0.650391	0.000000
NOTE	712	126.864464	0.349609	0.000000
NOTE	713	127.040932	0.200195	0.176476
NOTE	714	127.040932	0.799805	0.176476
NOTE	715	127.393867	0.799805	0.000000
NOTE	716	127.393867	0.200195	0.000000
NOTE	717	127.570358	0.200195	0.000000
NOTE	718	127.570358	0.799805	0.000000
NOTE	719	127.746819	0.349609	0.000000
NOTE	720	127.923286	0.650391	0.176476
NOTE	721	128.099762	0.349609	0.000000
NOTE	722	128.276230	0.349609	0.000000
NOTE	723	128.276230	0.650391	0.000000
NOTE	724	128.629166	0.200195	0.000000
NOTE	725	128.805649	0.200195	0.000000
NOTE	726	128.805649	0.799805	0.000000
NOTE	727	128.982117	0.200195	0.000000
NOTE	728	129.158585	0.349609	0.176468
NOTE	729	129.511520	0.650391	0.176468
NOTE	730	129.864471	0.200195	0.000000
NOTE	731	129.864471	0.799805	0.000000
NOTE	732	130.040939	0.200195	0.000000
NOTE	733	130.217407	0.799805	0.000000
NOTE	734	130.570343	0.349609	0.000000
NOTE	735	130.570343	0.650391	0.000000
NOTE	736	130.746811	0.650391	0.176483
NOTE	737	131.099762	0.349609	0.000000
NOTE	738	131.452698	0.200195	0.000000
NOTE	739	131.629166	0.200195	0.000000
NOTE	740	131.629166	0.799805	0.000000
NOTE	741	131.982117	0.349609	0.000000
NOTE	742	132.158585	0.650391	0.176468
NOTE	743	132.335052	0.349609	0.000000
NOTE	744	132.511520	0.349609	0.000000
NOTE	745	132.511520	0.650391	0.000000
NOTE	746	132.687988	0.200195	0.176483
NOTE	747	132.687988	0.799805	0.176483
NOTE	748	133.040939	0.200195	0.176468
NOTE	749	133.040939	0.799805	0.176468
NOTE	750	133.393875	0.349609	0.176468
NOTE	751	133.570343	0.650391	0.000000
NOTE	752	133.746811	0.650391	0.176483
NOTE	753	133.923294	0.349609	0.000000
NOTE	754	134.099762	0.500000	0.000000
NOTE	755	134.187988	0.799805	0.000000
NOTE	756	134.364456	0.200195	0.000000
NOTE	757	134.452698	0.500000	0.000000
NOTE	758	134.629166	0.500000	0.000000
NOTE	759	134.717407	0.200195	0.000000
NOTE	760	134.805634	0.299805	0.000000
NOTE	761	134.893875	0.599609	0.000000
NOTE	762	134.982117	0.349609	0.000000
NOTE	763	135.070343	0.650391	0.000000
NOTE	764	135.158585	0.400391	0.000000
NOTE	765	135.246811	0.700195	0.000000
NOTE	766	135.335052	0.349609	0.000000
NOTE	767	135.423294	0.650391	0.000000
NOTE	768	135.511520	0.200195	0.352936
NOTE	769	135.864456	0.799805	0.000000
NOTE	770	136.217407	0.650391	0.000000
NOTE	771	136.393875	0.650391	0.000000
NOTE	772	136.393875	0.349609	0.000000
NOTE	773	136.570343	0.650391	0.000000
NOTE	774	136.923279	0.150391	0.000000
NOTE	775	137.099762	0.200195	0.000000
NOTE	776	137.276230	0.250000	0.000000
NOTE	777	137.276230	0.500000	0.000000
NOTE	778	137.452698	0.150391	0.000000
NOTE	779	137.629166	0.750000	0.000000
NOTE	780	137.805634	0.700195	0.000000
NOTE	781	137.982101	0.650391	0.000000
NOTE	782	137.982101	0.400391	0.000000
NOTE	783	138.158585	0.700195	0.000000
NOTE	784	138.335052	0.799805	0.352936
NOTE	785	138.687988	0.200195	0.176468
NOTE	786	139.040939	0.349609	0.352936
NOTE	787	139.393875	0.700195	0.000000
NOTE	788	139.570343	0.599609	0.000000
NOTE	789	139.923279	0.200195	0.352951
NOTE	790	140.276230	0.650391	0.000000
NOTE	791	140.629166	0.450195	0.000000
NOTE	792	140.629166	0.799805	0.000000
NOTE	793	140.717407	0.400391	0.000000
NOTE	794	140.717407	0.750000	0.000000
NOTE	795	140.805634	0.349609	0.000000
NOTE	796	140.805634	0.700195	0.000000
NOTE	797	140.982101	0.349609	0.000000
NOTE	798	141.158585	0.549805	0.000000
NOTE	799	141.158585	0.200195	0.000000
NOTE	800	141.511520	0.200195	0.000000
NOTE	801	141.511520	0.549805	0.000000
NOTE	802	141.687988	0.650391	0.000000
NOTE	803	141.864456	0.450195	0.000000
NOTE	804	141.864456	0.799805	0.000000
NOTE	805	142.217407	0.450195	0.000000
NOTE	806	142.217407	0.799805	0.000000
NOTE	807	142.570343	0.200195	0.000000
NOTE	808	142.570343	0.549805	0.000000
NOTE	809	142.923279	0.549805	0.000000
NOTE	810	142.923279	0.200195	0.000000
NOTE	811	143.099747	0.650391	0.000000
NOTE	812	143.276230	0.450195	0.000000
NOTE	813	143.276230	0.799805	0.000000
NOTE	814	143.452698	0.450195	0.000000
NOTE	815	143.452698	0.799805	0.000000
NOTE	816	143.540924	0.400391	0.000000
NOTE	817	143.540924	0.750000	0.000000
NOTE	818	143.629166	0.349609	0.000000
NOTE	819	143.629166	0.700195	0.000000
NOTE	820	143.982101	0.599609	0.176468
NOTE	821	144.335052	0.200195	0.176468
NOTE	822	144.687988	0.349609	0.176468
NOTE	823	145.040924	0.750000	0.176468
NOTE	824	145.217392	0.349609	0.000000
NOTE	825	145.393875	0.500000	0.000000
NOTE	826	145.526230	0.200195	0.000000
NOTE	827	145.658569	0.549805	0.000000
NOTE	828	145.790924	0.250000	0.000000
NOTE	829	145.923279	0.599609	0.000000
NOTE	830	146.055634	0.450195	0.000000
NOTE	831	146.187988	0.750000	0.000000
NOTE	832	146.320343	0.400391	0.000000
NOTE	833	146.452698	0.700195	0.000000
NOTE	834	146.585052	0.349609	0.000000
NOTE	835	146.717392	0.650391	0.000000
NOTE	836	146.805634	0.500000	0.000000
NOTE	837	146.982101	0.150391	0.000000
NOTE	838	147.158569	0.250000	0.000000
NOTE	839	147.335052	0.349609	0.000000
NOTE	840	147.687988	0.599609	0.000000
NOTE	841	147.864456	0.500000	0.000000
NOTE	842	148.040924	0.400391	0.000000
NOTE	843	148.217392	0.299805	0.000000
NOTE	844	148.393875	0.849609	0.000000
NOTE	845	148.570343	0.750000	0.000000
NOTE	846	148.746811	0.650391	0.000000
NOTE	847	149.099747	0.400391	0.000000
NOTE	848	149.276215	0.500000	0.000000
NOTE	849	149.452698	0.599609	0.000000
NOTE	850	149.629166	0.799805	0.352936
NOTE	851	149.982101	0.200195	0.176468
NOTE	852	150.335037	0.299805	0.000000
NOTE	853	150.335037	0.700195	0.352951
NOTE	854	150.511520	0.400391	0.000000
NOTE	855	150.864456	0.400391	0.000000
NOTE	856	150.864456	0.700195	0.000000
NOTE	857	151.040924	0.200195	0.000000
NOTE	858	151.217392	0.200195	0.000000
NOTE	859	151.217392	0.599609	0.000000
NOTE	860	151.305634	0.549805	0.000000
NOTE	861	151.393860	0.200195	0.000000
NOTE	862	151.393860	0.500000	0.000000
NOTE	863	151.570343	0.500000	0.000000
NOTE	864	151.746811	0.349609	0.000000
NOTE	865	151.923279	0.700195	0.176468
NOTE	866	152.099747	0.349609	0.000000
NOTE	867	152.276215	0.700195	0.000000
NOTE	868	152.452682	0.200195	0.000000
NOTE	869	152.452682	0.549805	0.000000
NOTE	870	152.805634	0.200195	0.000000
NOTE	871	152.805634	0.549805	0.000000
NOTE	872	152.982101	0.650391	0.000000
NOTE	873	153.158569	0.450195	0.000000
NOTE	874	153.158569	0.799805	0.000000
NOTE	875	153.511505	0.450195	0.000000
NOTE	876	153.511505	0.799805	0.000000
NOTE	877	153.864456	0.200195	0.000000
NOTE	878	153.864456	0.549805	0.000000
NOTE	879	154.217392	0.200195	0.000000
NOTE	880	154.217392	0.549805	0.000000
NOTE	881	154.393860	0.650391	0.000000
NOTE	882	154.570343	0.450195	0.000000
NOTE	883	154.570343	0.799805	0.000000
NOTE	884	154.746811	0.450195	0.000000
NOTE	885	154.746811	0.799805	0.000000
NOTE	886	154.835037	0.400391	0.000000
NOTE	887	154.835037	0.750000	0.000000
NOTE	888	154.923279	0.349609	0.000000
NOTE	889	154.923279	0.700195	0.000000
NOTE	890	155.276215	0.200195	0.352951
NOTE	891	155.629166	0.599609	0.176468
NOTE	892	155.982101	0.450195	0.352936
NOTE	893	156.335037	0.849609	0.176468
NOTE	894	156.511505	0.450195	0.000000
NOTE	895	156.687988	0.299805	0.529404
NOTE	896	156.687988	0.700195	0.000000
NOTE	897	156.864456	0.700195	0.000000
NOTE	898	157.040924	0.700195	0.000000
NOTE	899	157.217392	0.700195	0.000000
NOTE	900	157.393860	0.549805	0.000000
NOTE	901	157.393860	0.150391	0.529419
NOTE	902	157.570328	0.549805	0.000000
NOTE	903	157.746811	0.549805	0.000000
NOTE	904	157.923279	0.549805	0.000000
NOTE	905	158.099747	0.299805	0.529403
NOTE	906	158.099747	0.700195	0.529403
NOTE	907	160.570328	0.349609	0.000000
NOTE	908	160.570328	0.650391	0.000000
NOTE	909	160.746796	0.349609	0.000000
NOTE	910	160.746796	0.650391	0.000000
NOTE	911	160.923279	0.200195	0.529404
NOTE	912	160.923279	0.799805	0.529404
NOTE	913	162.864456	0.549805	0.000000
NOTE	914	163.040924	0.349609	0.000000
NOTE	915	163.040924	0.650391	0.000000
NOTE	916	163.217392	0.349609	0.352936
NOTE	917	163.393860	0.799805	0.000000
NOTE	918	163.570328	0.799805	0.000000
NOTE	919	163.746796	0.650391	0.352951
NOTE	920	163.746796	0.200195	0.000000
NOTE	921	164.099747	0.200195	0.000000
NOTE	922	164.452682	0.349609	0.000000
NOTE	923	164.452682	0.750000	0.352936
NOTE	924	164.805618	0.349609	0.000000
NOTE	925	165.158569	0.500000	0.000000
NOTE	926	165.158569	0.849609	0.000000
NOTE	927	165.511505	0.500000	0.000000
NOTE	928	165.511505	0.849609	0.000000
NOTE	929	165.864441	0.299805	0.264709
NOTE	930	165.864441	0.700195	0.264709
NOTE	931	166.217392	0.349609	0.264709
NOTE	932	166.217392	0.650391	0.264709
NOTE	933	166.570328	0.500000	0.529419
NOTE	934	171.335037	0.450195	0.000000
NOTE	935	171.423264	0.500000	0.000000
NOTE	936	172.658569	0.750000	0.000000
NOTE	937	173.629150	0.450195	0.000000
NOTE	938	173.717392	0.400391	0.000000
NOTE	939	176.099731	0.250000	0.000000
NOTE	940	176.187973	0.299805	0.000000
NOTE	941	177.423264	0.799805	0.000000
NOTE	942	178.393860	0.599609	0.000000
NOTE	943	178.482086	0.650391	0.000000
NOTE	944	180.864441	0.250000	0.352936
NOTE	945	183.246796	0.799805	0.088226
NOTE	946	185.717377	0.549805	0.441177
NOTE	947	190.570313	0.250000	0.529419
NOTE	948	190.570313	0.750000	0.529419
LINK 358 360 362 
LINK 359 361 363 
LINK 373 374 375 
LINK 378 379 
LINK 396 398 400 
LINK 397 399 401 
LINK 411 412 413 
LINK 415 417 
LINK 478 480 482 484 
LINK 479 481 483 485 
LINK 501 503 505 
LINK 502 504 506 
LINK 518 520 522 
LINK 519 521 523 
LINK 528 531 
LINK 529 530 
LINK 545 547 549 
LINK 546 548 550 
LINK 562 564 565 567 568 
LINK 570 572 573 575 576 
LINK 592 593 594 
LINK 604 605 606 
LINK 613 615 
LINK 614 616 
LINK 631 632 634 
LINK 648 650 652 653 
LINK 654 656 657 659 660 
LINK 791 793 795 
LINK 792 794 796 
LINK 814 816 818 
LINK 815 817 819 
LINK 859 860 862 
LINK 884 886 888 
LINK 885 887 889 
LINK 934 935 
LINK 937 938 
LINK 939 940 
LINK 942 943 
